3855    4325    5228    4685    6758    7707    8594    6028    15324    18428    26197    15350    26400    14333    19371    23430
4839    3956    5264    5544    6716    7188    12525    15814    21994    23375    18123    19608    24056    17088    18458    11276
20668    14616    22539    15184    17244    11434    18960    12875    18278    21755    10535    8187    10124    6118    8793    9038
10812    11705    18211    14976    14233    10817    9792    16831    14159    21006    7384    10404    7894    7576    5705    5012
14203    12258    14173    12175    12725    8928    8718    10933    12836    13335    18415    13111    10887    10884    8239    4036
5392    4759    14025    15258    16979    20480    14144    10941    7837    13210    14198    12959    9707    6876    9344    9408
11428    14136    10678    10973    9950    15216    13056    6734    9008    9930    6089    14060    7443    10640    8958    11491
14921    18640    13405    12407    14030    17964    13540    7999    10025    10153    11927    6324    9247    12502    5242    8016
11169    11572    14515    9105    8360    10190    10399    7327    5770    7798    6212    8973    8876    6241    10481    6843
10810    11334    12837    14771    11583    15847    9241    8151    13011    11593    13316    12307    8424    13323    10256    8707
9011    8662    10419    10262    10896    10050    14288    17906    14935    11813    11037    13649    12242    10714    15472    8699
13434    13976    12077    11784    17406    11319    10922    10052    19546    14043    13738    12262    14002    7496    8332    11784
7375    6468    7466    6807    8479    11842    10943    12558    15010    18820    22848    22264    15912    18701    10249    18606
4041    3652    7196    7093    7335    8256    11439    16152    18825    13651    20733    11314    21256    14737    16717    17290
6309    3534    5180    5769    5080    5529    8781    11718    14993    15340    21353    22695    13494    20725    17230    19853
4418    5539    2591    5989    6897    6045    4073    7393    12421    18991    23145    23425    20007    11025    26157    22188
25695    22592    21022    15964    26387    27733    21733    13948    10723    6329    5721    4273    5467    3647    5433    4653
26021    32475    22976    17791    26495    32602    13823    13843    8324    7286    7893    3849    5427    4052    8409    3230
19269    24539    27064    22939    23029    28640    19165    14909    11095    8353    5629    3985    6331    4211    6514    3989
23326    30514    27341    31302    33254    23137    18644    11427    7187    7907    5718    5558    4872    6655    4703    4641
32674    35333    37646    22974    40632    27865    18708    13609    7976    7256    4556    4038    4445    7398    5218    2699
