12886    26586    51863    78951    49212    22602
12489    33853    47160    68170    51025    25038
23152    21933    56466    54165    45235    18415
18552    28473    48233    64089    42892    24633
17506    25532    49471    69481    46290    21792
13576    28541    52163    58847    42677    20291
18114    22803    47753    53966    39028    19123
17702    26336    44724    57648    32615    19257
15127    17009    41231    35179    30118    17578
12601    23247    35354    31680    27044    16908
12540    15596    23610    22296    22763    11302
20774    28410    42815    47533    33686    22479
20379    21163    50787    60700    40500    21898
13584    29607    47265    66317    36973    22658
15689    23141    59854    49853    36820    20428
16265    30474    58663    71567    40156    24558
13466    22576    62133    59052    47006    18417
16219    42948    58624    70308    39072    21988
19022    29898    53176    87192    50728    26648
12754    20483    54729    77032    63281    32309
17157    28705    56878    76381    64875    23595
