4394    3797    9431    7785    6895    12934    12397    18868    21372    22476    17830    15615    21744    16780    23220    26562
5157    4838    5425    8682    10307    10755    17354    16516    25156    25059    21205    18667    19179    16339    16101    16995
15500    18758    17684    17288    16561    18257    22982    16841    18000    16362    10680    6548    7751    5543    6488    4123
8021    6643    6440    10673    13698    21397    26234    18538    14414    15433    14772    10840    14535    16223    14475    14536
4980    7805    12464    19127    12854    21127    18291    18623    16524    13485    16235    12016    16815    10514    14491    14721
11454    15825    18620    16570    14552    15622    14072    16354    11461    9304    12771    11378    10735    13457    12303    11617
9394    15877    24738    15989    10502    11642    11548    11808    10642    12746    9616    10394    10509    11306    11816    12260
22413    13032    14568    13510    10812    12576    19700    13835    12533    13169    7099    10264    13273    5730    9093    6675
16002    10103    13166    13425    10763    8471    8451    8827    10169    9839    9051    8473    8129    8134    7704    5535
12520    11726    13461    11069    10105    11162    6391    5127    9111    8914    6074    7091    11938    7451    6443    8251
8376    7415    4403    4825    4824    7518    4740    7690    10184    5633    5718    6537    5384    8466    6751    9643
7372    5858    6690    6752    11394    10530    15434    13812    15141    17957    13105    13775    13610    15527    15834    12906
4265    4276    6147    9518    11348    17419    19707    17371    19756    9118    21910    15577    19373    14217    11038    14387
22652    22769    22010    13053    13792    12640    18367    15620    19863    14000    11761    6363    7492    6636    4801    4585
19528    20549    19250    16518    23980    16551    20213    17700    12819    9066    7945    5578    4512    2184    6182    3210
30873    24810    29288    20875    23611    23184    16621    19022    11187    5408    3863    7208    11200    8035    3585    2913
27398    27205    20946    21249    20162    26954    18478    10458    7707    7036    5439    9121    4303    6982    5679    3533
31352    27326    20427    29354    32565    27328    23334    10243    12724    5722    3742    5557    5464    4399    4487    5135
4133    6329    6338    4493    4272    5313    8137    8528    9219    9465    33012    32689    26782    36555    37619    33780
4374    6013    4666    3337    7205    3388    7850    8874    7041    16241    26525    42586    28409    32887    26561    34631
5596    4049    3524    5574    3068    3664    8169    7753    10313    12227    27769    40731    37434    37921    27808    31991
