46784    27299    56311    82053    105066    69107    28658    35572
38014    25664    46286    93123    106699    80643    36083    28790
26392    24393    31432    84142    102749    74469    27345    34343
29383    22958    42342    101158    110271    75093    30394    32839
23742    27144    34921    85427    108725    72456    31598    31566
30381    26854    35604    70894    104038    73962    35551    36810
36090    22920    37684    86083    124079    87779    34422    37074
35647    29017    32478    85443    115526    64107    33383    25681
21307    21019    27426    40000    61870    26325    15503    15399
30415    26525    44032    94288    99043    80318    32175    26549
34102    29942    40637    71457    78961    67539    33769    28886
21747    32620    39045    68960    87859    52362    26702    23807
27295    26317    38169    79743    67270    47822    26058    24568
32587    22401    27096    74028    77088    53086    20942    24297
24753    33700    42690    50753    73890    46655    25411    29767
28798    23629    29888    55965    67469    43163    28947    26009
39101    32948    42031    84202    90259    78499    25569    30654
31004    29833    33880    81645    111489    70417    30977    25355
29261    36545    49118    108084    120241    59793    42134    40028
27244    30039    41949    80566    104749    83708    42283    27576
38066    23665    40248    93469    105435    68987    25120    29798
35081    32149    57221    114022    105915    59341    33741    39153
34127    30650    60426    94831    102717    67828    30158    35828
38545    25690    43532    82820    99386    76961    40213    30203
42286    23987    35504    80888    88313    77721    30847    29153
38969    32177    52881    96995    93614    71982    29656    40562
36332    31333    55496    88575    84784    59655    25756    30558
35401    33600    53923    81737    81888    65022    32758    29477
31773    27623    44792    91015    78936    72520    28961    23153
32574    33146    42453    78895    90997    79144    24887    36080
31059    30033    51595    79573    71464    58073    32544    40274
