16471    15387    36456    54103    59849    54553    49352    42862    21482    21371    17352    8445    8492    4775    6753    6061    4803    7260    6697    8326
12739    15004    37422    49778    59524    55564    48800    44994    36963    14239    12977    8443    9181    9415    7558    7011    7757    6773    6821    4339
6381    5548    7714    7831    10798    4903    5657    8071    8373    11100    9745    10628    19090    26666    39068    48249    51841    48968    48099    26535
3524    5419    5601    4637    7041    6982    7953    9307    12642    10593    12271    10095    16646    38662    49817    50127    54735    56814    52798    28774
4128    6877    4232    7368    4275    3644    11210    6959    10960    10794    8799    10327    22364    21276    46767    45521    54959    44679    48915    41525
6099    4980    3534    7579    6880    5086    6967    8057    11546    9262    11713    12562    20167    37546    44575    47118    53189    32552    43376    41306
9198    6798    7697    7391    8546    5751    7629    5883    13384    15153    14659    18567    25250    40093    48561    51247    49271    45232    50779    35042
3897    6372    4422    4365    6680    5842    4469    6405    8769    11677    14282    28116    32534    41956    43666    39730    36552    44911    37209    39428
11122    16706    17442    19279    26139    19869    16833    17280    14546    14672    7662    6674    4956    4290    4041    2756    5801    6926    6095    5760
34500    27057    31991    33874    39690    40974    31127    36271    29351    23520    20399    15981    14776    8139    7271    11138    6252    6986    6613    7435
11910    14010    13948    40735    61480    72354    37250    13381    17078    19204    23516    5315    5242    11187    5577    6525    5467    6626    5395    9093
26962    29206    28437    24285    19184    21199    20919    19764    19121    19911    24435    18929    17751    14788    9505    10015    9524    5518    9737    3912
25519    19734    23990    19241    18401    16485    25908    21634    14243    21073    13054    17686    24360    17504    15058    11657    7038    7721    8095    8841
7663    9122    9746    8686    21905    26962    19714    20932    24062    19669    23281    18440    11785    14641    11549    14431    14771    11396    17571    25199
15351    21217    20889    24919    17992    12100    22612    16916    16862    22510    12102    14335    9038    9811    13712    16536    18570    17207    9317    15623
13002    15236    13278    19484    29580    26929    33736    14052    20360    12339    12987    8699    13203    9376    9982    9520    10176    8880    11064    11985
19572    16640    17944    48016    65039    59665    48930    22605    17480    20852    14915    5083    9669    7961    6189    9091    5502    8529    9495    10086
7167    5352    4106    4107    4810    4251    7052    8458    12763    15203    14371    24943    34518    34054    40137    44071    41484    42393    37171    28189
24157    26738    40046    38283    49530    38742    36608    49397    38858    34565    13449    11141    14576    13035    5831    13833    8055    12416    6664    9280
7276    6095    9850    8922    5394    6970    5791    7725    13891    9999    7414    16290    30184    43986    45003    41966    44717    39631    45502    41508
5213    5112    7369    7941    10317    4895    9099    5575    8179    14258    9858    14178    24897    24533    43265    48598    47039    52123    41808    40531
14863    26124    35306    44586    58732    51310    52361    51488    26827    21675    18431    10302    5112    8480    9882    10855    4354    11444    9654    4837
4190    12632    5378    6908    6384    4045    8016    11869    12715    10750    7578    12306    23857    29735    44310    55923    66809    57154    44971    31035
4870    4125    5332    7549    5688    6704    8446    5952    10636    10635    12039    12820    19240    22822    46267    56450    65336    59035    46374    27030
6831    7495    7844    5353    7673    4729    7681    10199    7549    10842    5277    10055    11305    15573    40510    49740    63910    55907    51378    28848
15688    20703    28874    60972    61478    66821    53037    35024    23209    14388    12951    6102    8877    7923    7152    10170    3811    6868    6516    6272
15204    15996    30611    52251    57257    52193    46084    33870    15298    21148    10053    7704    6970    6373    5871    5729    3900    6251    15285    4441
16085    14566    24305    48028    63622    65704    37014    23472    18334    24001    18278    8309    9215    5862    5979    7007    6818    5248    5614    6345
11939    12940    23026    50977    55014    65527    43158    25019    17767    17933    11084    13311    10152    6596    4960    6012    7565    6189    4210    5394
12450    17240    29014    42505    58563    58923    50172    19307    25475    21391    11895    11900    6540    10781    6464    7344    9798    5074    8459    4881
13903    17931    22600    41276    61862    66059    35582    23304    19662    18859    10352    10455    4580    8213    9304    5925    8314    5141    4424    6869
