18170    24578    58982    79213    58572    31589
18208    26997    45494    66026    42077    18218
17690    22419    43811    51095    43840    19852
16828    22444    40039    54427    42209    26075
16856    19886    43063    54923    33070    23568
16948    24015    42478    52030    44262    22491
19922    20164    41900    47530    48595    26256
13119    25478    41873    49210    33084    18956
11278    20997    31082    39824    35261    23979
11315    17133    29974    44422    21222    19332
20864    35065    44356    59505    42320    22903
18230    24379    40814    62809    43233    23162
20301    32596    48376    66393    34212    21519
15996    27132    47759    50045    42504    22242
13932    24281    39732    60246    49739    21823
21791    27847    64113    62661    28105    15072
18141    27378    59335    57100    48474    26585
17075    21770    58699    63809    56961    28751
21250    23541    49000    78135    51665    22168
16340    22183    49965    67128    51695    29444
17426    20034    57813    67567    59058    26838
