5235    4257    3479    6677    5922    7585    9305    14944    28233    25654    23950    35598    23594    27286    20831    28554
21489    18566    19528    16383    19638    19126    27120    14389    16643    11699    5426    6457    6559    4472    5012    4513
22593    17558    14232    15503    20947    10410    16516    22336    15402    8303    8516    8463    5390    4108    5252    3178
17989    16597    12757    11907    13494    16077    18702    12403    22658    15386    15245    8419    5973    4488    3894    6033
11935    11213    11069    13913    15170    10015    13886    13589    10036    16373    15241    17383    8967    11419    7039    4118
6428    6509    14287    24667    17383    17363    16240    13735    12288    8696    12634    11751    14647    7529    6801    11266
14961    13477    10874    16232    14552    13447    11159    17107    14111    10855    9502    8288    12899    13764    13015    10124
12076    16367    12855    10516    12634    8433    7919    11435    12106    15346    9602    7784    11389    10363    11648    11247
13826    14175    11861    11113    12245    11696    11192    9272    9455    11983    7899    8419    8677    7575    7543    5490
13792    9648    9949    11069    7155    9314    8920    7991    9230    9711    8959    7030    9355    6140    7460    7675
9025    13532    14232    11878    13003    19227    15580    14271    20817    15213    12845    14072    14935    11271    11047    14065
11272    8649    15151    7584    8727    14112    16526    15941    15924    15034    23286    15659    12071    11680    10855    10156
15515    12280    13930    15581    17175    16684    17586    18969    17081    10828    15644    9069    10004    13494    10463    9094
5860    6057    6556    4566    6744    6669    15357    19728    23560    24104    15363    15853    14668    12045    14137    14411
3766    3259    2414    8667    4104    4686    9830    12441    26467    17311    26006    17143    23261    12595    21658    16145
18724    21201    19886    20646    23805    20840    23819    18646    7507    7392    5936    7411    8993    6793    3744    4246
4315    4764    4403    6314    9726    10307    7166    6221    13575    21223    19938    33128    23075    23348    20214    29296
6368    3297    6126    4639    4309    12537    8596    6939    15966    17957    33959    31670    24420    19921    23800    26561
2867    3614    2851    7486    5633    8413    5806    5162    17981    19451    20912    25291    28996    29161    30548    31587
3480    3575    3959    6113    5987    3243    5880    9100    9894    10825    29056    32408    26971    23840    31814    30610
3814    4274    4256    2092    6828    6223    8331    9624    11284    13426    24920    31386    37446    32549    21668    30615
