14968.666666666668    27784.666666666668    54592.0    60477.66666666667    42939.66666666667    14354.333333333334
15047.333333333334    28433.0    55387.00000000001    62159.33333333333    38067.33333333333    20941.333333333332
16261.333333333334    24361.666666666668    53548.666666666664    66701.66666666666    40010.33333333333    21278.666666666668
15752.666666666668    29240.333333333332    57351.99999999999    60890.33333333333    44870.00000000001    19810.666666666664
19608.0    26995.999999999996    52278.666666666664    61000.666666666664    36649.333333333336    20025.666666666664
16391.666666666664    28062.0    47361.66666666667    58722.33333333333    41317.33333333333    20311.666666666668
16534.666666666668    23989.33333333333    55649.00000000001    59117.666666666664    38382.0    19439.666666666664
15681.66666666667    25988.333333333336    49243.666666666664    55856.0    41370.333333333336    18912.333333333332
16688.0    25624.0    49907.333333333336    60168.66666666667    37349.333333333336    19620.0
19469.333333333336    30669.333333333336    52744.333333333336    57613.99999999999    31998.333333333332    19919.666666666668
17893.0    31383.333333333336    48383.666666666664    50114.0    31666.333333333332    17663.0
20725.0    30074.666666666664    52278.333333333336    54290.0    31405.0    20137.666666666664
15439.000000000002    25301.0    45374.33333333333    48027.99999999999    34342.333333333336    20633.333333333332
16054.666666666668    28194.666666666664    45017.0    60948.99999999999    27699.0    20489.0
16472.666666666668    22750.999999999996    51054.33333333332    46484.00000000001    33737.666666666664    19441.666666666668
19392.000000000004    29179.666666666664    42945.0    42399.333333333336    22530.0    17093.33333333333
16284.0    25043.0    44349.0    43836.33333333333    28193.333333333332    16125.666666666666
17885.666666666668    30005.666666666668    48211.33333333333    57633.333333333336    36411.666666666664    19268.666666666668
15712.000000000002    23127.333333333332    47015.00000000001    59075.666666666664    33195.0    18824.0
20917.666666666664    39753.66666666666    62856.0    71704.99999999999    35561.0    18504.999999999996
18883.666666666668    41834.33333333333    62539.00000000001    70516.66666666667    38655.333333333336    18532.333333333332
24467.33333333334    36814.0    71120.33333333334    60770.99999999999    35516.0    20702.000000000004
22980.333333333332    42237.00000000001    70861.99999999999    62101.66666666666    37554.000000000015    19497.66666666666
20088.666666666664    41312.66666666667    70435.33333333333    58980.66666666666    30388.000000000004    18792.666666666668
17000.0    26222.999999999996    63366.00000000001    67561.33333333333    40721.333333333336    21088.000000000004
23624.0    40848.0    73584.66666666664    64048.33333333333    39155.666666666664    23090.999999999996
19998.666666666664    43879.00000000001    63768.33333333333    54533.33333333333    32330.666666666664    20876.333333333332
17030.666666666668    29706.666666666668    56844.66666666667    65635.33333333333    44316.33333333333    20143.333333333336
16711.333333333336    29369.0    54454.33333333333    63802.99999999999    42295.333333333336    18310.333333333336
16435.333333333336    26751.333333333332    51419.0    59757.33333333333    41189.333333333336    18936.0
20215.999999999996    34595.666666666664    66007.0    65504.666666666664    30532.333333333336    16223.666666666666
