2955.9999999999995    3707.0    4059.333333333334    4882.0    2912.666666666667    3992.666666666667    4411.666666666666    4741.0    5038.333333333333    5945.0    6837.333333333334    7041.666666666666    10844.333333333334    20570.0    36393.0    36322.00000000001    30050.666666666668    24412.333333333332
2670.3333333333335    4104.0    4349.333333333333    3478.9999999999995    4940.0    5153.0    6414.0    4627.666666666667    5504.333333333333    4787.666666666667    7806.333333333334    5534.0    10776.333333333334    18283.333333333332    33479.0    39139.66666666667    35656.0    23331.333333333332
3090.666666666667    3998.6666666666665    4143.0    2893.6666666666665    4223.0    5188.333333333333    4334.333333333334    5831.0    5005.0    5812.333333333334    6861.666666666666    7969.000000000001    11154.0    24817.666666666664    35240.0    35889.666666666664    29268.666666666664    26441.66666666667
4604.666666666667    3938.3333333333335    4332.0    3004.3333333333335    4900.666666666667    4342.333333333333    3415.3333333333335    4474.333333333333    5038.666666666667    7019.666666666667    6934.999999999999    10576.333333333334    12444.666666666666    20821.000000000004    30418.333333333336    37636.333333333336    36534.333333333336    27479.666666666664
4352.666666666667    5043.666666666667    3426.333333333333    3956.0    3606.333333333333    3375.666666666666    4170.666666666666    6578.0    6200.333333333334    6388.333333333334    6538.333333333334    6481.0    11524.666666666666    24081.333333333332    30852.333333333332    32034.0    33059.0    24889.666666666664
3521.333333333333    3160.666666666667    3320.3333333333335    3318.0    4112.0    6201.999999999999    4843.333333333333    4708.0    6290.666666666666    6114.333333333333    5840.0    7687.0    17215.0    21038.666666666664    28370.0    27293.999999999996    32055.999999999996    27075.333333333336
3473.0000000000005    3332.666666666667    3860.0    3073.0    3097.6666666666665    4632.333333333334    4836.666666666667    6291.666666666667    5718.0    5730.333333333333    6112.666666666667    9764.666666666666    15280.666666666666    23503.666666666668    30670.666666666664    28635.666666666664    29809.0    25290.0
3091.0    3792.3333333333335    4860.0    3212.333333333333    4184.666666666667    4232.0    5219.333333333333    4490.666666666667    5859.0    6685.333333333333    7997.666666666667    12935.666666666668    19656.0    19182.999999999996    25674.666666666668    27432.666666666664    23369.666666666668    25176.333333333332
4080.3333333333335    3954.333333333333    3718.3333333333335    4677.333333333333    3748.9999999999995    2994.6666666666665    5273.0    5729.666666666667    7184.666666666667    7304.333333333334    8562.333333333332    14394.0    17902.333333333332    18809.666666666668    25681.333333333332    24317.333333333332    24811.333333333336    26213.333333333332
3698.666666666666    3600.6666666666665    4197.0    3862.6666666666665    3439.333333333333    4071.3333333333335    3826.0000000000005    8018.666666666667    6489.666666666666    5570.0    13805.0    18411.666666666668    15024.0    20814.666666666668    21291.999999999996    27117.666666666664    25752.666666666668    23423.333333333336
4427.333333333334    4325.666666666666    3135.6666666666665    3443.0000000000005    4373.666666666666    3477.333333333333    4508.333333333334    6955.666666666667    10382.0    14320.666666666664    15820.666666666668    16931.333333333332    19187.666666666664    15619.666666666668    17259.666666666668    19286.666666666668    19777.333333333332    13870.999999999998
7133.333333333333    7621.666666666667    8417.0    8175.0    8454.333333333334    6573.333333333334    7772.000000000001    9093.333333333334    13427.666666666668    15460.333333333334    13067.666666666668    13098.0    9116.666666666666    13504.333333333332    17376.0    19836.333333333332    15789.333333333334    14994.333333333334
4384.666666666667    5684.000000000001    3893.3333333333335    5876.333333333332    5218.666666666667    8493.999999999998    13549.0    12512.333333333334    14045.0    10151.333333333332    9880.333333333332    11198.333333333332    9089.333333333334    13823.333333333334    14553.666666666666    18109.666666666668    15063.333333333332    13591.333333333332
4664.666666666667    5285.0    5535.333333333334    8990.0    11441.666666666666    13278.000000000002    10448.0    12711.333333333332    11754.0    10491.333333333334    11447.0    12642.666666666666    9684.666666666666    11202.0    11541.333333333334    18204.0    16950.666666666668    12131.666666666666
7139.999999999999    12049.666666666666    11040.333333333332    12799.0    10634.333333333334    10278.333333333334    6494.666666666667    11960.333333333334    8830.333333333334    8961.333333333334    8974.666666666666    8931.666666666666    8129.0    9293.0    12929.333333333334    17449.666666666664    12858.333333333332    11187.333333333332
10475.666666666666    7091.333333333334    12722.999999999998    17738.333333333336    17749.666666666668    12950.333333333332    9196.333333333332    7622.666666666667    9936.0    6823.000000000001    5736.333333333334    10686.666666666664    6566.333333333334    7263.666666666667    6379.0    5927.666666666667    5988.666666666667    12684.666666666666
8687.000000000002    8627.333333333334    8641.0    7892.0    7499.0    7011.666666666667    7314.666666666667    9112.0    10034.0    9856.666666666666    10820.0    8332.333333333334    6191.333333333333    10818.333333333332    14174.666666666666    15030.333333333334    13413.666666666666    10375.333333333334
2942.333333333333    3469.6666666666665    4083.6666666666665    5335.0    4376.666666666666    5455.333333333333    5373.0    6033.0    8501.0    11046.333333333332    16107.666666666666    16322.66666666667    14219.0    15220.666666666666    23055.333333333332    25645.666666666668    24348.333333333336    17881.0
4676.666666666667    3993.6666666666665    4800.666666666666    7166.666666666666    6998.0    5381.333333333333    5666.666666666667    6383.666666666667    5282.666666666666    5707.333333333333    13730.333333333332    14591.666666666666    19339.666666666668    18294.333333333336    17580.666666666668    19143.333333333332    19284.0    18927.666666666668
11004.0    18241.333333333332    20761.0    16114.0    19756.333333333332    15786.333333333332    17044.333333333332    12964.666666666666    9402.666666666668    7520.333333333333    6797.666666666667    8813.333333333334    10257.999999999998    11728.666666666666    12958.666666666666    18170.666666666668    17270.666666666664    14705.666666666666
13612.0    25323.666666666668    30072.666666666668    27343.666666666668    29008.999999999996    26971.333333333336    21722.66666666667    15299.0    13429.666666666666    10144.999999999998    7475.666666666667    5067.333333333333    5678.666666666666    3237.0    3655.6666666666665    3747.6666666666665    4062.666666666666    5108.0
12083.0    17801.0    25078.0    35904.0    34868.333333333336    29342.666666666668    21655.333333333332    18074.666666666664    11065.000000000002    5687.333333333333    6537.333333333333    6126.666666666667    4320.666666666666    3322.6666666666665    4083.0    4299.333333333334    4054.6666666666665    5087.0
11613.333333333334    20647.0    28989.333333333336    30670.0    31662.333333333336    31236.666666666668    26739.333333333336    13247.333333333334    10013.666666666668    9387.666666666666    6745.666666666667    5194.333333333334    5233.333333333333    5950.999999999999    3898.666666666667    3425.6666666666665    4038.3333333333335    6539.0
9513.333333333334    17984.333333333332    24643.333333333332    29752.000000000004    37049.0    28083.666666666668    21532.0    14512.0    12016.333333333332    5810.333333333333    6591.666666666668    5373.999999999999    3739.3333333333335    6142.333333333334    4023.6666666666665    3561.666666666666    4743.0    4926.0
4422.666666666666    3804.3333333333335    3978.333333333333    3117.0000000000005    3884.6666666666665    4336.666666666667    5371.333333333333    4877.0    5266.0    7201.0    5835.333333333333    9914.666666666666    12896.666666666668    26759.333333333332    33019.333333333336    38567.0    37895.666666666664    24812.666666666664
8874.0    15903.333333333334    31166.666666666664    45637.0    41184.00000000001    31457.333333333332    19409.0    12869.666666666666    9438.0    9411.0    6131.666666666667    5303.333333333334    4943.999999999999    5396.333333333334    4673.666666666666    3942.0    3738.0000000000005    4872.666666666667
9751.666666666666    9427.666666666666    25738.000000000004    37216.333333333336    39902.99999999999    24269.0    17652.0    12041.666666666666    8911.333333333334    8264.333333333334    8444.666666666666    5353.666666666667    4011.333333333333    4087.9999999999995    4905.666666666666    5063.666666666666    5359.666666666666    4984.666666666666
5143.333333333333    3177.0    5002.999999999999    3720.3333333333335    3887.333333333333    3757.0    6131.666666666667    5281.333333333333    4772.0    5757.0    7779.666666666666    9285.0    9420.333333333334    19993.333333333332    34512.0    42713.666666666664    37347.0    25996.000000000004
4276.0    4840.0    4019.333333333333    4005.6666666666665    4189.0    3723.0    5371.0    5304.999999999999    5140.666666666667    4417.333333333333    7012.0    9336.666666666666    12373.000000000002    20245.999999999996    34200.00000000001    43192.33333333333    33779.333333333336    19517.0
4298.666666666667    3623.3333333333335    3582.6666666666665    3587.6666666666665    4475.333333333333    5699.0    6009.666666666667    7118.333333333334    4649.0    5482.666666666666    5781.666666666667    8008.0    8611.333333333334    16693.0    29991.0    43221.666666666664    34706.666666666664    18948.666666666668
7724.333333333333    11048.333333333334    22316.333333333336    40610.0    44183.33333333333    26019.666666666668    15948.0    11707.0    8876.666666666668    8904.333333333334    7503.000000000001    4863.0    5051.333333333334    3165.333333333333    3502.0000000000005    4815.666666666666    3280.3333333333335    3560.6666666666665
