19991.999999999996    19417.666666666664    37479.666666666664    58401.0    60611.0    32507.000000000004
22511.666666666668    16240.666666666668    28423.666666666668    57699.666666666664    63727.0    41008.0
18017.33333333333    16609.0    29632.333333333336    54945.99999999999    57216.0    39332.333333333336
20503.0    17171.666666666664    31724.0    59448.66666666667    52461.333333333336    39278.333333333336
20138.0    19078.000000000004    35121.333333333336    64991.33333333333    58366.0    34714.99999999999
20317.666666666668    16085.666666666668    30910.333333333332    55419.0    61499.66666666667    34617.33333333333
21873.333333333332    22928.33333333334    42546.666666666664    65875.66666666666    59433.333333333336    34271.0
20373.333333333336    16334.333333333336    41033.666666666664    69035.33333333331    68385.66666666666    35606.99999999999
19884.333333333336    20195.333333333336    38628.99999999999    70174.33333333333    65469.666666666686    29301.333333333336
20614.666666666668    20469.666666666664    40949.666666666664    63812.999999999985    59933.666666666664    36966.33333333334
19816.333333333332    19983.333333333336    31876.000000000007    58906.66666666667    57305.666666666664    35111.0
16726.666666666668    15724.0    29161.66666666667    48698.0    56637.99999999999    34721.333333333336
16685.333333333332    16646.666666666668    29520.0    50827.33333333334    54067.99999999999    31072.666666666664
15383.0    17536.0    28220.000000000004    53992.0    48602.333333333336    28701.999999999993
18778.333333333332    22395.000000000004    24922.0    50166.33333333333    48355.66666666666    31608.333333333332
17796.666666666664    20164.333333333336    33685.66666666667    49948.33333333334    45933.666666666664    25801.333333333336
17504.666666666668    17157.0    29082.000000000004    47674.66666666666    41656.0    24876.0
18557.66666666667    16387.0    22788.333333333332    36057.666666666664    37603.0    25479.0
18833.0    17434.666666666668    30503.000000000004    56218.666666666664    53802.66666666667    34044.666666666664
21415.666666666664    19125.666666666664    38462.666666666664    60947.99999999999    56093.66666666666    29964.333333333332
20424.666666666664    16987.333333333332    26284.000000000004    51338.99999999999    57452.666666666664    36637.0
22076.666666666668    17204.0    27986.333333333332    61165.333333333336    56526.00000000001    41776.0
19323.0    19748.33333333333    39729.333333333336    67898.99999999999    61165.66666666667    35774.0
20224.33333333333    23548.000000000007    41156.33333333332    68048.66666666666    59294.33333333332    34992.0
24263.66666666667    25237.66666666667    38250.33333333334    73578.66666666669    70074.66666666669    35408.0
21191.666666666668    21692.333333333332    43103.0    70489.99999999999    63080.333333333336    30063.333333333332
20575.333333333332    20808.666666666668    40897.66666666666    70537.00000000001    66626.66666666666    33752.00000000001
15972.666666666666    15184.666666666666    26955.0    47802.00000000001    46464.66666666667    29161.000000000004
24081.33333333333    20234.000000000004    46971.666666666664    74180.66666666666    60859.999999999985    33682.99999999999
21471.333333333336    19705.666666666668    39425.666666666664    65476.999999999985    68163.66666666666    33877.33333333333
17392.666666666664    16467.0    26296.333333333336    60552.333333333336    68815.66666666667    42704.00000000001
