4792.0    6706.0    7520.0    9298.666666666666    9681.0    9704.333333333334    7360.666666666668    5906.666666666667    7200.666666666666    5578.0    6012.666666666666    8788.0    8640.0    16278.000000000002    28457.666666666668    36504.66666666667    28547.000000000004    21432.333333333336
5300.333333333334    4636.000000000001    3957.3333333333335    3151.3333333333335    3450.666666666667    4724.333333333334    4981.0    4461.333333333334    4095.0    6768.333333333333    8019.333333333333    7406.666666666667    15899.666666666668    18154.333333333332    31096.0    37957.333333333336    40727.0    24824.666666666668
3682.6666666666665    3563.3333333333335    4380.666666666667    3835.333333333333    4544.0    3819.6666666666665    2940.666666666667    4595.333333333334    3639.6666666666665    6532.666666666666    6575.666666666667    8094.333333333334    11300.666666666666    18362.0    29066.666666666668    38294.666666666664    38067.99999999999    24457.0
4266.666666666666    3720.666666666667    4039.666666666666    2988.666666666667    2583.3333333333335    3433.3333333333335    3292.3333333333335    3096.0000000000005    3038.3333333333335    6034.000000000001    6216.0    8951.0    11447.999999999998    17441.0    28732.0    39909.33333333333    40560.333333333336    30836.333333333332
7111.333333333333    9676.000000000002    16545.666666666664    25357.000000000004    24982.333333333332    22276.333333333336    15499.666666666668    10116.333333333334    6785.333333333334    8728.333333333334    5598.999999999999    6447.0    7596.666666666667    11361.0    13448.666666666666    12562.0    14759.666666666666    13557.333333333332
3642.3333333333335    2933.3333333333335    3600.666666666667    3992.666666666666    3751.3333333333335    3981.9999999999995    3361.333333333333    4144.0    6606.999999999999    6871.999999999999    6246.333333333334    9503.0    14761.333333333332    21706.333333333336    25769.666666666668    35756.66666666667    33785.666666666664    28434.0
12107.333333333334    16070.666666666668    25022.999999999996    27152.333333333332    33025.0    30357.666666666664    26408.0    14835.333333333332    12764.0    10426.333333333334    8396.333333333334    5948.666666666667    5666.666666666666    4262.0    3522.3333333333335    3770.666666666667    4480.666666666667    2711.333333333333
13989.0    23257.666666666668    27478.333333333332    33553.333333333336    31688.333333333332    21524.999999999996    23251.666666666668    18276.666666666668    12333.666666666666    8566.333333333334    6388.666666666667    4526.0    4364.0    4788.666666666667    4139.0    4049.0    5029.333333333334    3564.6666666666665
14878.666666666668    20884.0    23886.0    26318.666666666664    30092.666666666664    25888.333333333332    20188.0    15913.666666666668    14520.666666666668    9279.0    7033.999999999999    5574.666666666666    6028.333333333333    4152.333333333334    4004.9999999999995    3998.3333333333335    5454.666666666666    5557.0
19270.333333333336    20241.666666666668    21430.333333333332    26041.333333333332    28489.0    23628.666666666668    18321.0    18155.0    15333.0    9879.666666666666    6297.0    6793.666666666667    6989.0    3792.9999999999995    3884.0000000000005    4862.0    4630.333333333334    4708.0
7413.0    8394.0    9920.999999999998    13707.666666666666    15785.333333333334    7859.333333333333    7742.333333333334    9265.333333333334    10087.0    14371.333333333334    14462.000000000002    16484.333333333332    12524.999999999998    18635.333333333332    15281.0    12131.0    13155.666666666666    15778.333333333336
3692.9999999999995    4360.333333333334    3392.333333333333    3782.333333333334    5806.000000000001    5395.666666666667    6925.0    7429.333333333333    10067.0    13477.333333333334    15713.666666666666    12854.000000000002    13723.333333333334    13298.333333333334    22589.0    21449.0    20316.0    17398.0
3407.666666666666    4106.666666666667    5466.333333333333    3685.666666666667    4597.666666666667    4736.0    6669.666666666667    9369.0    12409.666666666666    17053.666666666668    14771.333333333332    13766.0    14213.333333333334    15575.666666666668    14890.0    21942.0    19997.0    12162.666666666668
5937.666666666666    4600.0    5977.666666666667    4429.333333333333    5259.0    8783.666666666666    10965.666666666666    11589.0    14454.666666666666    11943.666666666668    9583.0    8954.333333333334    12603.666666666668    12499.333333333332    14844.666666666666    17313.0    17920.0    14777.000000000002
5053.333333333333    3936.666666666667    7872.666666666667    10776.333333333332    11634.333333333332    13830.666666666666    11926.0    9691.666666666668    11516.0    8805.000000000002    11380.333333333334    8540.333333333332    14650.0    12959.666666666666    15773.666666666664    14753.333333333332    12633.0    10492.666666666668
7012.0    13002.666666666666    10215.0    12268.666666666668    11395.999999999998    7647.0    7074.666666666667    10133.333333333332    8949.666666666666    9811.333333333334    9060.333333333334    10959.333333333334    8951.333333333334    8468.666666666666    12734.666666666668    17928.999999999996    16258.666666666666    11457.666666666666
12161.0    12247.666666666666    8639.666666666666    9907.333333333332    9460.333333333334    7370.666666666666    9742.000000000002    7694.333333333334    10310.0    7283.0    6680.666666666667    8677.333333333334    7604.0    9302.333333333332    12665.0    12668.666666666668    15093.333333333334    10443.0
8684.666666666668    7050.0    9425.333333333334    9662.333333333334    10343.666666666666    7256.333333333334    7447.333333333333    8223.666666666668    7620.000000000001    8673.0    6206.0    7311.666666666666    6420.0    5542.333333333332    9562.333333333334    16828.333333333332    11662.333333333332    8953.333333333332
4959.333333333333    4003.6666666666665    4023.0    3483.3333333333335    3670.666666666667    5218.666666666666    3780.333333333333    6363.333333333334    6070.999999999999    11821.666666666666    14709.333333333336    20696.0    20043.0    16268.333333333332    19323.666666666664    25257.333333333332    20782.333333333332    20361.666666666668
12684.666666666668    15716.999999999998    15358.999999999998    14609.333333333334    13970.333333333334    15170.0    16893.0    17486.0    15206.000000000002    9995.666666666666    6999.333333333334    6411.333333333334    6297.999999999999    7699.333333333334    12055.0    17276.666666666668    12619.0    9560.333333333334
3990.666666666667    3705.3333333333335    3121.333333333334    3391.6666666666665    3953.9999999999995    4259.0    3588.666666666667    5379.666666666667    4422.0    6834.666666666666    8214.666666666668    9583.333333333332    17685.0    19704.0    29638.0    25929.333333333336    27727.666666666664    27995.666666666668
3269.3333333333335    3625.0    4024.666666666667    3612.3333333333335    5641.333333333333    4452.0    5344.666666666666    4454.0    5373.333333333334    5793.666666666667    6973.0    10786.666666666668    16171.333333333332    28958.333333333332    25829.666666666664    29950.000000000004    34578.66666666667    27896.333333333332
10269.0    16164.999999999998    19048.333333333332    21222.333333333332    20752.999999999996    19226.666666666664    16558.0    14586.666666666668    8063.0    8233.666666666666    8770.666666666664    6525.0    5506.333333333333    6772.0    13469.0    21906.0    15012.333333333332    11552.333333333332
10194.333333333334    18509.333333333332    30933.666666666668    28467.33333333333    35584.666666666664    31786.666666666668    22125.000000000004    13504.666666666666    9088.333333333332    8642.0    7745.666666666667    5493.0    3684.0    4434.0    4445.0    3741.3333333333335    4579.666666666666    4305.0
10816.666666666666    15720.333333333334    31472.333333333332    35112.0    40209.333333333336    34196.0    23452.333333333332    16488.666666666668    10138.000000000002    6865.666666666667    8259.666666666668    5467.333333333333    6386.0    4752.333333333334    4840.0    4407.666666666666    4312.333333333333    3916.3333333333335
9466.333333333334    17539.666666666664    28085.666666666664    31753.333333333332    39167.0    31069.999999999996    23089.666666666664    11605.666666666668    9203.0    11716.333333333334    7362.0    4235.666666666667    5416.0    4758.666666666667    4038.666666666667    3075.0000000000005    4387.333333333333    3650.6666666666665
8793.333333333334    13709.333333333334    27548.000000000004    35233.66666666667    39489.0    35487.33333333333    20756.333333333336    12149.333333333334    11438.333333333334    9370.333333333334    6680.333333333334    4174.666666666666    4513.333333333334    4531.0    5483.666666666666    4780.666666666667    4079.0    4979.666666666667
5106.666666666666    6566.666666666667    12266.333333333332    17804.0    14502.666666666668    12089.333333333334    12270.666666666668    6506.0    5557.666666666667    3774.6666666666665    4974.0    4558.666666666666    5305.333333333333    7546.333333333334    17320.666666666664    19302.0    15636.666666666666    10451.666666666666
7808.333333333334    14919.333333333334    24046.0    37090.66666666667    45940.0    34626.99999999999    21153.666666666668    17062.0    8157.333333333333    7856.666666666667    9123.0    5107.333333333333    4362.0    3831.333333333333    4593.0    5433.333333333333    4302.666666666666    4597.0
6920.0    10450.0    20516.0    26033.333333333332    28913.333333333332    24106.666666666668    12063.666666666668    9890.333333333334    7084.0    8320.666666666666    6741.666666666666    5194.666666666666    6802.666666666667    12293.0    14112.333333333336    17072.666666666668    19886.333333333336    11719.333333333334
4882.0    3951.666666666667    3823.6666666666665    4127.666666666667    3052.6666666666665    3691.0    3596.333333333333    3702.9999999999995    4464.333333333333    5411.666666666667    7774.0    6612.666666666667    12131.000000000002    18854.333333333336    30134.666666666664    44786.333333333336    45911.333333333336    25319.666666666668
