38488    106318    183286    177071    118755    54611
51381    119400    187950    193391    122952    66009
42666    99321    174785    199846    127276    61960
40899    102749    168629    199770    122281    63673
50109    105289    164096    198170    116327    64194
55005    90894    215253    192908    117114    64720
53285    94440    204217    191855    137506    68986
55998    96288    175171    194124    149306    62510
54343    110256    193798    201624    116651    54924
58856    97377    183641    186973    116721    57968
49302    105149    136569    167007    112918    48919
57790    116669    191573    193942    150760    55359
56355    113411    216146    186977    134572    56574
56777    100303    204751    202895    151386    62884
48197    121644    191520    193845    129999    53084
67137    111882    179716    194384    114379    60179
45801    105812    162496    192814    136230    62461
48365    97018    162748    188981    122232    54408
50193    107731    189942    185164    106175    58298
52157    119186    174470    190778    130987    56515
42556    106285    181899    202720    144015    55600
