5565    3748    3167    5361    8711    9805    7763    9197    11888    12121    28491    46949    50119    43574    36439    28288    10715    13490    9234    11344    16888    21755    30777    52555    45183    42858    23330    24345    9430    11834    10644    9223    9102    6372    3380    4884
8277    7631    8734    7543    6782    4453    13230    8983    9375    21182    27336    45905    56443    46508    38654    28582    20983    12987    9831    11844    16637    21174    38728    49129    51817    43456    29111    20694    17968    11705    10186    11840    6130    4046    7132    6067
3277    6055    3911    4559    6466    8394    11764    17502    9972    10550    24688    31674    41604    45170    30113    29493    32960    16413    13815    16353    19065    23844    39742    46056    45534    44579    25192    30088    17327    8998    9943    6754    7132    6179    5291    5397
4603    4128    5724    5864    5411    6918    13462    8573    10523    17121    31754    38972    34429    41210    34596    30330    32468    20255    14075    11392    21633    29814    26130    43190    35001    42050    24851    31335    18697    9576    11424    7295    5532    4983    9315    5367
4003    3472    4863    12724    7897    7262    9036    8358    17563    21165    33513    39905    31027    29623    36686    28335    31140    20101    11706    14829    23107    33742    49522    32170    33150    23627    28669    22795    19504    13560    8687    10340    4688    10603    5235    5578
4504    7066    4556    9718    7118    8664    9052    9775    16499    29444    42439    38204    28041    28903    30956    32587    34870    23248    16865    20605    35680    29655    38720    24618    28857    22302    29746    30855    30616    15312    8244    12141    8103    6638    6407    4886
7344    3482    8980    11947    10396    10508    10883    18087    27861    20531    33660    27793    36914    28110    26135    24895    25098    36583    25449    24846    24895    42678    29790    27368    25442    28231    22767    27646    28497    28803    12880    8517    3619    8123    5968    5563
6350    5464    5466    4275    9113    12294    13692    17894    23712    32616    17708    24850    20390    22065    24172    25068    27421    42514    33863    36424    32868    20875    24017    17025    29742    24635    27583    31052    28358    25814    19698    18796    8303    6166    5674    7440
5712    6560    9303    11192    15114    21910    23730    20144    30095    17452    11604    19176    23523    21976    21138    24255    27397    32339    41515    31003    33590    33635    30549    22267    24533    15158    14863    17490    16463    17465    21008    21142    17939    13500    9893    6963
14783    17607    17618    9247    18865    15496    14433    12013    18671    17550    28392    14344    27502    26876    23291    23976    29977    22411    26091    21707    17960    25777    20014    28468    27985    19514    18808    18932    12906    17551    14917    14069    19273    11440    15132    17940
13155    14072    19551    15866    12661    20514    16993    18512    23902    14090    30028    13432    21528    18943    23963    20748    13137    17897    13720    19561    16435    14543    16711    23001    15824    22392    18544    12356    8634    20399    20717    14349    14746    12182    15962    10796
7757    9242    13205    14894    20999    14367    16526    13912    13616    24224    16488    18826    19089    28636    27765    29794    37306    30378    32068    36792    31438    34798    23401    26459    26260    18451    17026    21096    18642    13211    19875    20370    17001    23390    16165    12626
2318    5243    8499    7953    11467    15234    16982    23373    18031    18389    26214    27698    28282    27280    17117    27507    20168    36232    42212    44369    42677    36854    28025    26384    24227    32264    21728    16352    18045    19136    14873    25184    14118    9215    6523    3862
5481    5821    6641    10517    6530    8193    10058    21717    23352    29433    35110    28093    29927    33326    35582    31913    30417    33868    26311    33281    32125    21964    31860    22305    32977    17443    29780    28609    31097    21021    18289    11261    8879    11684    8082    6049
4284    7462    4667    5053    10291    7907    11780    17378    13419    30212    34654    23209    21886    26001    32272    36120    40214    32292    22787    18348    27739    31533    27929    25898    24653    25043    28303    35587    32236    24149    17678    8695    6710    6669    8816    6415
7911    7129    5942    6010    6301    9754    11459    14006    13724    22522    39573    33464    26050    33806    39600    22766    27949    35096    11376    22019    16860    32548    32121    30193    38827    27618    30562    33812    20272    22627    9884    5784    8643    3633    7845    9991
3299    7703    4701    8323    5587    5591    5760    11384    13311    18957    28926    35835    33221    35615    36779    39642    25912    17293    13953    20030    18960    26350    40631    33832    38961    34631    26638    37225    24389    9790    5654    8715    11098    6513    5213    5192
4921    3852    5295    11069    9164    8105    7198    8062    11719    18187    30443    32161    35315    36221    35551    32241    24410    19050    10812    16149    18919    22541    39442    34315    35508    35258    36362    30024    12854    11300    6911    5901    7320    3722    7206    6244
4875    6332    7771    7686    3827    6162    7760    11455    15568    16367    33433    32971    41345    39502    52277    31747    33230    14892    8826    10432    11614    20606    27050    36480    32886    39801    43753    26001    18061    14540    7272    6322    7711    6827    7810    4311
3082    4390    5871    4040    5398    4352    5198    9637    7110    17675    24262    34045    53768    50662    55514    36214    25334    9389    7911    12228    19041    21703    24863    42087    40089    48608    46849    29506    12811    13505    9301    7538    8691    9767    5377    8277
5835    5688    5586    6097    6923    13667    7378    10634    15376    16070    24033    37669    45383    48228    36307    32026    25771    12865    19765    10019    19719    22590    36375    46272    51588    54979    29684    25414    8641    9463    8180    7773    8307    5695    6537    6538
