21536.0    20268.666666666664    39487.33333333334    72885.00000000001    56260.0    33006.66666666667
18585.000000000004    23410.333333333332    42132.333333333336    67916.33333333334    55836.333333333336    29029.000000000004
18193.666666666668    23156.000000000004    45390.33333333333    67633.66666666667    61545.66666666668    27711.333333333332
14387.666666666664    17551.333333333336    27413.0    62856.33333333334    53057.33333333333    32716.0
16028.0    15114.999999999998    28334.666666666668    60152.0    55755.66666666667    35928.33333333333
21800.999999999996    21563.33333333333    41931.333333333336    71364.33333333334    68875.33333333331    29262.66666666666
19360.666666666668    22863.333333333332    43571.0    73041.66666666667    60625.66666666667    28868.000000000007
21817.666666666664    20117.666666666668    45383.66666666668    64363.99999999999    58361.33333333332    32637.33333333334
21929.999999999996    19968.666666666664    34365.333333333336    65597.0    62964.33333333332    32939.666666666664
19666.666666666664    21324.0    38870.0    68464.99999999999    56277.00000000001    27528.333333333343
23278.333333333336    21402.333333333332    38883.66666666667    65378.333333333336    53233.33333333333    28719.333333333332
23893.333333333332    19451.666666666664    34834.666666666664    63021.33333333333    48077.66666666666    27765.33333333334
20368.333333333332    19010.333333333332    34487.666666666664    55592.00000000001    48979.00000000001    32040.0
16433.666666666664    19658.999999999996    34406.666666666664    50943.000000000015    45400.333333333336    26094.333333333332
16977.666666666668    18193.333333333332    32472.33333333334    45867.666666666664    47967.33333333333    24709.000000000004
15992.0    17941.666666666668    27741.666666666664    42087.66666666667    40767.333333333336    20974.33333333333
16373.333333333332    19380.666666666664    23709.0    41061.666666666664    36315.33333333333    21896.333333333332
14645.666666666666    13360.000000000002    23560.333333333336    33924.99999999999    34502.0    21460.333333333336
21424.999999999996    17524.666666666664    35149.33333333333    65543.33333333333    56271.33333333333    25868.0
19203.0    16547.666666666668    28265.666666666668    49299.33333333333    52605.333333333336    31293.333333333332
18067.666666666668    19917.333333333332    30069.0    52881.33333333333    61570.333333333336    37103.33333333333
20114.333333333336    24332.666666666664    44478.33333333334    68000.33333333331    56519.0    32252.333333333336
14420.0    14977.333333333334    27575.666666666664    40818.333333333336    42435.99999999999    23770.66666666667
19698.333333333336    17528.333333333336    28358.33333333333    56681.66666666667    59672.66666666667    36982.333333333336
23417.333333333332    15952.0    31894.999999999996    50770.0    65583.66666666666    32896.0
20768.33333333333    19127.666666666668    34866.66666666667    60572.66666666666    57685.333333333336    27967.666666666668
21422.666666666664    19489.0    35807.33333333333    60601.0    59130.666666666664    28064.333333333336
19809.666666666664    17298.666666666668    30136.666666666668    65268.0    58276.333333333336    32777.666666666664
19634.666666666664    17154.666666666664    31829.333333333332    55224.333333333336    60369.666666666664    35504.333333333336
19199.000000000004    15126.666666666668    31012.66666666666    62748.333333333336    60806.0    29952.333333333332
18359.0    17595.666666666664    29788.0    61560.0    62922.333333333336    39423.66666666667
