8463.333333333332    11204.0    20976.0    38881.666666666664    40890.666666666664    35897.666666666664    16099.999999999998    15180.333333333334    9668.999999999998    9045.333333333334    7936.0    4835.0    4779.666666666667    3581.3333333333335    5006.0    3623.0    3937.333333333333    3437.3333333333335
10213.0    13426.0    23697.333333333332    32532.0    38012.333333333336    30706.0    19216.333333333332    11558.999999999998    11567.333333333332    9850.333333333334    6453.666666666666    5977.333333333333    4165.0    3557.3333333333335    4558.333333333333    4229.333333333333    3822.333333333333    3366.333333333333
8216.0    12542.0    23523.333333333332    43451.0    35365.333333333336    33530.66666666667    20675.666666666664    12560.666666666666    7449.333333333333    8448.333333333332    6978.0    4779.0    4784.333333333333    3897.3333333333335    4632.666666666667    3754.3333333333335    4257.666666666666    4785.0
3110.3333333333335    3022.666666666667    2562.333333333333    3244.333333333333    4410.0    3609.3333333333335    5174.0    3141.666666666667    5635.000000000001    9167.666666666666    6270.666666666666    7806.999999999999    12136.333333333334    18403.999999999996    27562.0    37045.333333333336    31094.666666666664    24584.333333333332
3513.666666666667    3571.0    3255.3333333333335    3248.3333333333335    5197.0    4644.0    4702.666666666667    3443.0000000000005    5469.333333333333    4426.0    5546.333333333333    5641.0    12258.333333333334    20266.0    32500.333333333336    34501.333333333336    32751.666666666664    26378.333333333332
10174.333333333334    18446.333333333332    27565.000000000004    36789.66666666667    36680.666666666664    26369.666666666664    24929.333333333336    14142.666666666666    10761.666666666666    11121.000000000002    7942.666666666666    4699.666666666666    4175.333333333333    4415.666666666667    5337.999999999999    4210.333333333333    3816.3333333333335    3219.666666666667
11011.666666666668    18038.0    24828.333333333336    31730.333333333332    33447.66666666667    32896.33333333333    24773.0    16576.666666666664    9560.666666666666    6996.0    6929.999999999999    5084.333333333333    5084.0    4908.333333333334    4446.0    4362.333333333333    4114.333333333333    3542.3333333333335
11594.0    22299.0    25246.333333333336    26005.333333333332    29192.333333333336    26739.333333333336    23018.000000000004    16860.333333333336    12794.666666666666    7155.666666666667    7220.0    7648.333333333334    4468.666666666666    4235.0    4681.666666666666    5211.666666666667    4082.9999999999995    4228.333333333333
14659.333333333336    20792.666666666664    25549.333333333332    27616.333333333336    22583.666666666664    24441.666666666668    21704.333333333332    21355.666666666668    12005.0    7621.666666666667    8020.666666666666    5406.000000000001    4732.333333333334    4571.0    4077.3333333333335    4096.333333333333    4281.333333333333    4250.333333333334
17334.333333333332    21637.666666666668    17942.666666666664    25437.333333333332    23659.666666666664    25420.999999999996    18045.666666666664    17619.0    16902.333333333332    10810.333333333332    7069.0    5268.0    5304.666666666667    4219.666666666667    4716.0    4299.333333333333    3660.666666666667    2783.6666666666665
19121.333333333332    19318.333333333336    15770.666666666666    19962.0    18719.0    19808.333333333332    18042.0    17986.0    19069.333333333332    15436.333333333332    10553.0    7158.666666666667    6288.0    5757.333333333334    4942.0    4172.666666666666    4789.333333333333    4001.0000000000005
13649.333333333332    14763.666666666664    15045.666666666668    19356.0    21836.666666666664    17888.333333333332    15557.666666666666    13101.333333333334    15433.0    16654.333333333332    15319.666666666666    8177.333333333334    7396.333333333333    5520.666666666666    3865.333333333333    4924.333333333334    4298.0    4256.333333333334
10884.666666666666    14217.333333333332    17513.0    18759.333333333332    21208.333333333332    14428.0    12157.333333333334    13859.333333333334    12147.666666666668    13734.333333333334    14753.666666666668    10729.333333333334    9142.666666666666    6167.0    5336.333333333334    5732.666666666667    3553.666666666667    6152.666666666667
11586.999999999998    10254.0    11975.666666666666    17927.666666666668    17948.333333333332    17936.0    11948.0    9836.333333333334    8636.333333333334    8178.0    8968.333333333334    9860.333333333334    11453.333333333334    10395.666666666666    9831.666666666668    7293.666666666667    4639.333333333333    4267.333333333334
3957.666666666667    6197.666666666667    6201.666666666667    8514.666666666668    11286.666666666668    13847.0    10908.666666666666    11644.0    11375.333333333334    9613.333333333334    9168.333333333334    10350.666666666668    8962.333333333334    8168.000000000001    13376.999999999998    14165.333333333334    16497.0    11952.0
8394.333333333334    8189.333333333332    9604.0    12526.0    13579.333333333336    12263.333333333332    9686.999999999998    9323.333333333334    9840.333333333334    9672.666666666666    6994.0    5596.333333333333    7520.666666666668    8375.666666666668    7978.333333333333    6213.0    8506.0    11241.0
9195.0    7410.666666666667    9680.0    15827.0    15565.666666666664    12307.333333333334    8944.333333333332    5905.999999999999    7553.0    7468.0    7645.666666666666    6616.666666666666    6692.666666666666    6130.666666666667    6552.666666666666    8566.0    7355.999999999999    9319.000000000002
9286.0    7425.000000000001    9073.0    13270.666666666666    14628.333333333334    10619.666666666668    6798.666666666667    7651.0    6626.0    6143.0    5738.333333333333    7018.333333333333    5072.333333333333    6873.0    5812.333333333334    6679.333333333334    6800.999999999999    5937.333333333332
16668.666666666664    15722.333333333334    17007.333333333336    19776.666666666668    20569.0    21528.0    17885.0    17563.333333333332    12841.333333333332    15179.666666666668    10502.000000000002    9330.666666666666    4044.0    5626.0    4736.666666666667    5736.0    4251.333333333333    2813.6666666666665
4076.6666666666665    2923.3333333333335    4047.333333333333    3326.6666666666665    4175.333333333333    4222.0    3382.3333333333335    5470.333333333333    5247.333333333333    4903.999999999999    8954.666666666668    15414.666666666668    16798.666666666668    20528.666666666664    22623.666666666664    25838.0    23644.999999999996    21635.666666666668
3120.0000000000005    4256.0    3311.3333333333335    4328.333333333333    4995.666666666667    4549.333333333333    4263.0    4829.0    4894.333333333333    6255.666666666667    7257.333333333333    12122.666666666668    20472.0    25120.666666666668    23815.333333333332    27181.0    31011.333333333336    27826.000000000004
15269.333333333332    19792.666666666664    25822.666666666668    31100.000000000004    28444.333333333332    25125.333333333336    25281.000000000004    13958.999999999998    13208.999999999998    9090.666666666668    6335.666666666666    5896.0    5189.333333333333    4537.333333333334    4571.666666666667    3725.0    4172.666666666667    4175.333333333334
4334.666666666666    7570.333333333334    10286.0    8694.0    10008.333333333334    8926.666666666666    9529.666666666666    6488.666666666667    6355.666666666666    4882.333333333333    4112.333333333333    5326.999999999999    7098.999999999999    11596.333333333334    15155.333333333332    16614.666666666668    16875.333333333332    10141.666666666666
4734.333333333334    4172.0    3725.3333333333335    3695.3333333333335    4340.333333333334    4088.6666666666665    4671.333333333334    4692.666666666667    3962.6666666666665    5956.666666666666    6104.999999999999    9399.0    13261.666666666668    23593.0    32022.333333333332    32088.0    26987.333333333332    31425.999999999996
2869.333333333333    2565.0    3409.666666666667    3605.0    4314.666666666667    4327.666666666667    4377.0    4965.666666666667    5546.333333333333    5584.333333333333    6851.0    6909.333333333333    14262.333333333332    22245.666666666664    26671.666666666668    36400.33333333333    36908.666666666664    28700.333333333332
8540.0    7736.333333333334    12240.0    20594.666666666668    23652.333333333336    20126.666666666664    14040.666666666666    9538.0    6261.333333333333    7160.333333333333    6524.0    5511.666666666666    7859.333333333334    13269.666666666666    14382.666666666666    14622.333333333332    14433.333333333332    14495.0
4167.333333333333    6172.333333333333    7651.0    15997.333333333334    16950.666666666664    15173.333333333334    11289.666666666666    7845.999999999999    9103.0    8974.666666666668    5616.666666666667    7895.333333333334    11208.0    14898.666666666666    20484.333333333332    24184.333333333336    22188.0    14714.333333333334
3549.6666666666665    3732.0    2948.0    2855.333333333333    4479.666666666666    4482.0    4668.0    4550.333333333333    3721.0    5351.666666666666    6839.333333333332    6524.000000000001    10636.666666666666    17534.333333333336    31943.666666666664    41600.0    41252.333333333336    26899.000000000004
3871.3333333333335    4176.666666666667    3809.666666666666    4240.333333333334    4395.666666666667    5114.666666666667    4057.666666666667    5368.333333333333    5016.666666666667    6001.333333333333    6675.666666666667    9175.0    9859.333333333334    16193.666666666666    29384.999999999996    46027.66666666667    33231.666666666664    23116.666666666668
3794.666666666667    4329.333333333333    3770.3333333333335    4803.0    4190.333333333333    3728.0    4167.333333333333    3289.333333333333    4139.0    6143.333333333333    5291.666666666666    7534.000000000001    10234.333333333334    17136.333333333332    27243.0    42585.666666666664    41601.333333333336    24864.0
3238.0    3331.9999999999995    4211.333333333334    5529.666666666667    5306.333333333334    3632.3333333333335    3988.3333333333335    4806.666666666667    2981.6666666666665    5312.000000000001    6012.0    6908.0    8957.666666666666    15162.000000000002    33244.666666666664    47226.666666666664    41035.0    28764.333333333332
