7144    5090    4561    3890    6765    6808    8660    10488    15054    18874    31687    21202    15737    26038    20687    23274
4119    3523    6474    7947    3928    9538    8616    19853    23568    19684    20044    15701    21158    14967    14494    15730
8409    2885    5108    5194    6719    8993    13763    19230    23570    26301    24431    17481    13349    18782    9965    17118
4993    3404    10739    3054    7031    8546    12483    17636    23083    11202    18283    12830    13136    10055    9437    11005
8194    7112    9530    8956    12663    14406    14642    19078    11501    12514    14551    16131    17999    7762    10394    12762
7099    7547    13045    20195    21735    11863    19901    10515    8514    9658    10309    10888    12038    9198    12095    7946
11769    13650    14159    12745    14648    12235    13990    18298    11476    10119    12111    8506    6722    10505    10739    10122
9765    8219    14734    10630    11597    6843    12534    9440    5175    10090    8614    6784    11044    12354    15818    10856
4511    6444    11296    9236    7381    7031    6703    10058    5592    6412    9896    6472    6451    7306    8618    11388
9823    9032    8817    9678    8675    7010    6556    6682    4514    6413    9034    7654    8851    10897    9926    12091
11073    11733    14717    16179    12619    12686    7396    11501    22194    15084    12685    11352    12199    8089    7591    11364
9761    5781    5608    6267    11145    13913    19655    26243    24497    18395    11866    13792    12378    10447    13839    12202
14249    12110    9945    9508    19254    10454    14631    20126    13442    13635    10796    10247    10406    8137    5806    3459
3207    3278    6195    6889    4580    8366    14800    17436    20859    14232    13759    17988    21460    19513    17899    13683
24517    14180    13036    18864    21618    20081    14921    20043    12041    12626    3707    5433    4391    7659    3651    5943
19136    23018    21918    15180    15283    25485    22323    13751    13962    13565    5801    6258    6091    4804    4358    3444
8095    4816    4477    4738    4406    5950    9841    8189    13852    27525    22505    24674    18850    23165    22929    16692
7596    5104    4363    5507    7726    5986    8710    8892    11094    18867    19747    28270    19895    23085    28119    26855
5739    3599    8125    4428    5200    5263    8642    7874    5535    15705    28863    35252    19490    24031    18139    29447
3939    2978    5132    5207    5590    6947    8209    7892    6272    11347    23497    30906    31432    26316    27114    20420
3504    3691    4087    5303    4736    4946    3875    6644    6051    10006    21523    27922    30483    26821    27658    22871
