31251.333333333332    63196.33333333333    91574.00000000001    86647.33333333333    47994.66666666667    18568.0
31410.999999999996    60123.33333333334    87257.66666666667    85844.99999999999    50241.99999999999    21599.66666666667
22063.666666666664    46713.333333333336    84195.00000000001    86099.33333333333    56610.33333333333    28835.666666666664
28487.333333333332    60018.33333333333    93316.0    80558.66666666667    61285.66666666668    23736.666666666664
24812.0    52313.666666666664    83605.33333333334    76789.66666666667    55223.00000000001    24846.33333333333
24489.66666666667    45249.0    77316.66666666666    80459.99999999999    52986.0    24008.66666666667
26900.666666666664    47063.33333333333    75356.33333333334    82087.66666666667    56388.0    27837.33333333333
25716.333333333336    59722.33333333333    91228.66666666666    78663.33333333333    40880.0    21011.0
23026.999999999993    51234.0    89543.66666666667    75439.66666666666    47043.33333333333    22649.999999999996
26349.000000000004    53845.66666666666    93506.99999999997    82275.33333333333    44831.00000000001    23004.66666666667
25393.666666666664    53422.0    84628.66666666669    74473.00000000001    43686.666666666664    22897.0
26517.0    52359.66666666667    78974.66666666669    66997.0    38892.666666666664    20701.333333333336
20769.666666666664    42857.33333333333    71569.66666666667    80192.33333333334    44857.66666666667    23648.333333333332
26911.333333333332    44326.66666666667    64245.33333333332    60934.33333333333    43333.0    22162.000000000004
21759.66666666667    43466.666666666664    76270.00000000001    61193.666666666664    38764.0    21147.666666666664
20719.999999999996    39818.0    66296.0    65762.33333333334    43981.66666666668    25432.666666666664
18261.0    37184.666666666664    54094.333333333336    56076.666666666664    35270.666666666664    21838.333333333332
22536.666666666668    56167.99999999999    79465.66666666667    63065.99999999999    37943.0    21077.333333333336
23801.33333333333    57335.66666666666    80874.33333333334    73472.0    45727.99999999999    24595.666666666664
28821.333333333336    62431.33333333333    80124.99999999999    75965.66666666667    38694.666666666664    22504.0
31973.666666666668    58989.66666666667    93300.66666666666    81877.66666666663    44433.33333333334    23694.333333333336
20472.666666666664    46817.0    79951.33333333333    77055.33333333333    56418.333333333336    24204.333333333336
24303.666666666668    64344.66666666667    87153.66666666667    80735.66666666669    46099.99999999999    23770.666666666664
23098.333333333332    54436.333333333336    81965.66666666667    86986.66666666667    55621.666666666664    26330.666666666664
21624.33333333333    47957.333333333336    79021.66666666666    80785.00000000001    49707.333333333336    25968.0
21073.000000000004    53303.0    80383.00000000001    87282.33333333334    50756.66666666667    23376.33333333334
20126.666666666668    41434.333333333336    73648.0    80159.33333333334    54132.333333333336    24333.66666666667
20124.333333333332    45770.0    77589.0    82545.33333333333    60516.33333333333    24968.666666666664
22205.000000000004    47041.99999999999    76750.66666666667    84146.66666666667    50741.333333333336    25632.000000000004
21757.333333333332    46739.0    79658.0    81594.00000000001    46472.333333333336    24291.666666666668
21529.000000000004    46816.0    78393.66666666667    79413.0    51580.66666666667    26697.000000000004
