18667.0    35501.66666666667    57498.333333333336    60460.33333333334    39107.33333333333    34311.0    19454.0    10199.0    9916.999999999998    10015.666666666668    6854.666666666666    7528.333333333333    6254.666666666666    3756.0    6015.0    4208.333333333333    3826.6666666666665    5656.666666666667
17487.0    36745.33333333333    52728.33333333333    58439.33333333333    47659.666666666664    33890.33333333333    14365.666666666668    10132.666666666668    11236.666666666668    6956.666666666666    9147.666666666666    8249.333333333334    6945.0    4933.0    4238.333333333333    5241.666666666667    4041.3333333333335    4040.6666666666665
4565.0    5278.333333333334    5725.666666666666    5855.666666666666    4194.333333333333    3564.3333333333335    6989.0    5934.0    6786.666666666666    8268.333333333334    9911.000000000002    16493.0    27281.666666666668    45838.333333333336    55387.66666666666    49014.0    39770.666666666664    23659.666666666668
21986.666666666668    34293.333333333336    36503.0    32850.666666666664    30606.333333333332    26656.333333333336    17237.0    10625.666666666668    7137.666666666666    7673.666666666667    9862.333333333334    10898.333333333332    10260.333333333334    20523.666666666664    20478.0    20450.0    16871.333333333336    12488.333333333334
6042.333333333334    9342.666666666666    17565.333333333336    16581.666666666664    16460.333333333332    10897.333333333334    7262.666666666667    6783.0    9143.0    7295.0    11093.666666666666    14689.666666666668    25524.666666666664    34418.0    36442.333333333336    32081.666666666664    35970.0    19996.666666666664
3948.3333333333335    4658.666666666666    4100.666666666666    4042.0    4521.666666666667    5665.666666666667    5091.333333333333    6355.666666666666    8528.0    8297.0    10266.666666666666    17660.0    33403.0    39151.666666666664    44941.666666666664    39442.333333333336    41278.666666666664    23156.999999999996
4932.333333333333    4875.333333333334    4971.666666666666    5015.666666666667    5086.333333333334    6528.333333333333    7335.0    6205.0    8250.0    7544.333333333334    12461.666666666668    23198.0    32367.666666666668    42034.66666666667    41617.0    40499.666666666664    37021.333333333336    25689.333333333332
25585.0    37324.666666666664    38134.0    40763.0    34709.0    28877.333333333336    23209.666666666668    23049.0    9294.0    10361.333333333334    6286.666666666667    6533.0    8267.0    7243.666666666667    5732.0    3429.666666666667    4377.666666666666    4045.0
21790.333333333332    23333.666666666668    24998.333333333336    24873.000000000004    25101.666666666668    22762.0    24214.0    15813.666666666666    11699.0    11136.666666666666    9905.333333333332    14545.333333333334    14809.333333333334    12185.333333333334    12868.666666666666    13394.666666666668    12811.0    12695.666666666664
29743.333333333332    33647.0    33543.66666666667    36706.99999999999    30694.000000000004    29042.666666666664    27580.66666666667    23651.666666666668    18097.666666666664    10425.333333333334    10152.999999999998    6489.666666666666    6878.666666666667    5405.666666666667    6437.0    6437.666666666667    4816.666666666667    4061.333333333333
26840.0    25841.666666666664    28644.0    32700.333333333332    25796.0    24436.0    23276.333333333332    27997.333333333332    22435.666666666668    14257.666666666666    11236.666666666666    6768.333333333333    5844.333333333333    5930.666666666667    5162.666666666666    6044.333333333334    6285.000000000001    5004.0
20175.333333333336    22740.66666666667    30674.33333333333    28141.666666666668    25718.0    21560.333333333336    19818.666666666668    18647.333333333332    19397.333333333332    15957.333333333332    18400.0    9835.666666666666    5498.0    5356.333333333334    6531.0    5856.333333333334    4385.333333333334    5748.666666666667
5072.666666666667    6029.333333333334    8177.0    9898.666666666666    11333.666666666668    14570.666666666666    17644.000000000004    22227.666666666668    19753.0    21849.000000000004    18190.0    19033.0    18617.333333333332    17416.0    18641.666666666664    19103.333333333332    19207.333333333332    17130.666666666664
13627.0    14957.333333333332    17679.333333333332    19400.0    20511.333333333332    15599.000000000002    18193.333333333332    14294.66666666667    15333.666666666668    12930.666666666666    13149.333333333332    14892.333333333334    19061.666666666664    15991.333333333334    13728.333333333332    9737.666666666668    7484.333333333334    5341.333333333333
8344.666666666666    16880.666666666668    19526.333333333332    22084.333333333336    21895.0    21765.999999999996    14759.0    14763.333333333332    12249.333333333334    13153.666666666666    13478.333333333334    12586.666666666666    10779.666666666666    12058.333333333334    10995.000000000002    13379.333333333332    13704.000000000002    10198.0
15322.666666666668    16672.0    15749.333333333332    17539.666666666668    12166.333333333332    12177.333333333332    12544.999999999998    14017.0    15493.666666666666    14873.333333333334    12085.666666666666    11447.666666666668    15350.666666666666    15246.666666666666    18064.666666666664    18780.666666666668    12656.333333333336    11822.0
8494.333333333334    9767.333333333334    9569.666666666666    9098.333333333334    9392.666666666668    9096.333333333334    10493.0    8615.333333333332    9339.0    10502.666666666666    12025.666666666668    13995.666666666666    17453.0    15004.0    19943.333333333332    20590.0    15014.666666666668    14330.666666666664
19727.0    21144.999999999996    25473.666666666668    28036.0    25828.0    22580.333333333336    19556.66666666667    20410.0    23914.333333333332    17859.0    11604.333333333332    8300.0    6937.333333333334    5999.666666666667    7356.333333333334    5262.333333333333    5042.0    5224.666666666667
23529.66666666667    29000.333333333332    30060.333333333332    33498.0    31021.66666666667    28423.666666666668    24519.0    29337.33333333333    17699.333333333332    13833.0    9166.000000000002    6343.000000000001    4172.333333333334    6269.333333333333    5045.0    5026.666666666667    5487.000000000001    3375.333333333333
27377.333333333332    40790.66666666667    37303.333333333336    26522.666666666664    33539.666666666664    28826.666666666668    25185.0    24729.666666666668    14805.666666666668    7951.999999999999    5727.666666666666    5365.333333333333    6634.000000000001    5905.0    6166.333333333333    4016.3333333333335    4430.333333333333    3264.3333333333335
29953.333333333336    40877.33333333333    41316.33333333333    37586.33333333333    36308.666666666664    33944.666666666664    27761.666666666664    20459.000000000004    14195.333333333334    7430.666666666667    7053.666666666666    6080.999999999999    6000.666666666667    6720.333333333333    4813.666666666666    4690.333333333333    4420.333333333334    4656.0
3807.0    2817.0    4875.666666666667    5733.333333333334    4449.333333333334    6100.666666666667    4954.999999999999    6251.666666666667    6832.666666666667    7132.666666666667    9750.666666666666    17627.0    28277.333333333332    42390.0    40263.666666666664    41762.666666666664    40377.33333333333    31515.333333333336
26011.333333333336    35956.99999999999    45405.66666666667    45113.0    37625.33333333334    38568.0    22543.0    16205.000000000002    10353.666666666666    6864.666666666667    9160.666666666668    8575.666666666668    4544.0    3884.6666666666665    3324.6666666666665    3836.0    5608.0    2828.0
3453.3333333333335    7184.666666666666    4820.666666666667    5700.333333333334    3694.9999999999995    6128.666666666667    4711.333333333334    6613.0    4152.666666666667    7499.333333333333    11266.333333333334    13649.333333333334    30625.666666666664    42148.333333333336    51534.666666666664    53125.33333333333    42672.66666666667    29458.000000000004
3576.6666666666665    5025.666666666666    5067.666666666667    7248.0    6914.666666666666    6841.666666666666    7023.0    5902.0    8945.333333333332    9493.666666666668    9378.0    12638.0    22820.999999999996    35760.666666666664    43682.0    47479.66666666667    39708.33333333333    27557.666666666664
10743.666666666666    13949.666666666666    17284.999999999996    19728.666666666668    20028.333333333336    12732.0    10838.333333333332    6354.666666666667    9541.333333333334    10603.333333333334    10018.666666666668    10333.333333333334    20149.0    30613.000000000004    35201.0    37301.66666666666    23996.666666666668    16756.0
5658.0    3589.0    4940.333333333334    4445.333333333334    3980.666666666667    3972.9999999999995    5838.666666666667    8765.666666666668    6357.333333333333    8794.666666666668    8195.0    10989.0    23323.0    37360.66666666667    52270.333333333336    46827.666666666664    38686.0    19840.0
3751.3333333333335    5291.0    3919.6666666666665    4154.666666666667    3528.0000000000005    5777.000000000001    5549.666666666667    6352.0    7461.0    9236.666666666666    9377.333333333334    13506.666666666668    23420.333333333336    42482.666666666664    53987.33333333333    50224.33333333334    39406.333333333336    24087.666666666668
4173.666666666666    4151.333333333334    4797.333333333333    3262.6666666666665    3094.0    6078.333333333333    6168.000000000001    4851.333333333333    6381.666666666666    7751.666666666667    10770.666666666666    10727.666666666668    26419.0    39740.333333333336    56323.99999999999    53496.666666666664    39675.99999999999    18653.333333333332
4182.333333333333    5550.0    4855.666666666666    3902.3333333333335    4099.0    4737.0    4422.0    5203.999999999999    6657.666666666666    6705.666666666667    12432.333333333332    9658.333333333334    19493.333333333336    42299.0    51460.666666666664    51972.66666666667    40375.0    22505.333333333336
4623.666666666666    3375.0    5714.333333333333    3906.6666666666665    4999.0    4135.333333333333    3714.333333333334    4785.333333333333    7754.666666666667    6194.666666666667    11196.0    12762.0    22298.666666666668    39957.666666666664    54499.0    54513.0    38531.333333333336    21468.666666666664
