18927    30991    46303    60763    52949    25556
22696    28627    45771    59794    63311    24733
19404    24157    48997    52350    42791    22398
10674    30606    53678    70478    38971    29321
20122    26609    57656    60092    40044    23070
14238    23960    48789    49395    28582    19187
13164    22024    47420    47938    43975    21325
13174    18872    37794    34081    26187    25242
9372    20753    29680    38128    26431    18820
23116    32507    46921    47387    32633    33402
27315    29050    44584    47867    32121    28446
19583    21937    34557    48897    50149    22191
20476    21317    54063    59227    42886    26946
18706    22752    35337    43174    39637    18792
11534    33489    54352    60805    42474    20350
18126    33155    52612    63418    32374    15453
21382    37922    62183    52798    39148    18582
18989    32363    60789    62349    41854    21197
18739    32134    68137    71385    50956    19686
23007    38174    53790    59852    32420    23429
14695    22832    59376    71944    43773    26520
