8973    5221    7088    8355    10428    5528    8693    8272    18106    25393    34371    21467    20053    14165    20695    18681
6284    3546    6162    4398    6367    8155    14191    19589    23521    23507    20635    19615    17888    28613    20003    22458
4924    5006    5248    5808    5231    9053    13801    17229    21903    18896    17372    17259    23894    12636    14275    17562
3819    6571    8773    6780    10098    13505    17256    26024    19359    19847    15900    18407    20956    21340    12323    12770
6781    5280    7781    12910    9506    22435    23082    21300    15053    17229    11110    16477    13772    14253    17072    13552
14145    15516    11476    13129    8483    8175    13017    9021    11268    11626    12725    14132    13898    11653    7340    8547
14180    10431    15742    23769    8472    13378    13992    10592    10983    14606    8925    13276    10385    8365    6762    11988
12252    7874    9285    10516    7800    9208    7689    6649    10675    8277    11852    9132    10788    10439    12418    10496
10501    11495    9860    9338    7765    8138    7429    10494    7893    12272    8158    8456    7593    4988    9136    9668
15208    12232    9875    15152    13408    18164    17830    16018    13405    12979    9694    17518    11420    7687    12069    13307
8660    9132    7225    10150    10661    12396    9679    17836    16404    17761    16198    16843    13388    12295    12202    18553
10475    10287    5966    15328    17034    14827    14366    13062    16175    10876    15530    12136    15110    8863    9452    7827
10918    13246    7836    9637    12757    12112    14312    20057    17474    24167    15753    11978    12512    11397    12739    18020
18227    16914    10403    10118    13479    10259    14947    15257    17026    15181    10744    6190    5610    5389    5135    3519
21426    17799    11895    16455    19584    20598    21777    20772    19369    13022    8773    9434    5702    5542    4553    6303
22552    21337    20318    20136    19022    15258    20217    19779    12261    12249    8578    6101    6836    3651    2898    3945
27033    24698    18531    20367    28079    21414    24031    20207    11064    7347    6819    3831    4737    4406    6099    3352
25744    22802    18859    19115    24346    25787    24312    16775    18306    9715    8560    5425    5874    4567    3382    3972
39320    33976    25144    22139    28674    32835    20695    14516    8226    4150    4246    5017    5951    5567    4952    5629
24267    23864    24275    20882    32052    25345    16451    16123    7026    5731    8214    4597    6873    3444    4722    6806
29599    27814    30223    21649    32061    27205    17689    11235    9424    7027    5023    4565    2932    3589    4783    4322
