29660    21424    20876    57625    59508    66255    34597    25273
40627    25835    30356    60485    103598    78095    38599    32268
22104    18447    31944    76970    88368    78680    46214    29489
26685    25440    21792    71232    94255    88036    40514    26904
27676    26002    23432    72242    107010    87137    34697    27553
36604    24759    36773    79346    106460    88424    45630    24393
33844    24927    28506    64450    100206    92700    46988    25286
34427    23451    34788    64784    83010    91685    42054    24063
29653    26559    32914    55200    91039    83289    34629    29220
24618    23047    29408    69507    77724    73570    33424    23775
28539    29096    36369    72679    96838    61594    31732    21483
42653    29940    60918    84348    86732    68621    29139    28081
33704    29206    41935    64412    89734    51522    29212    36287
28804    23993    32378    41459    74752    52140    32615    20558
30106    23450    34838    73692    84912    68121    38256    24143
30951    28421    29499    61479    77493    69533    38491    28074
32845    23048    30657    59180    94670    73996    37769    28219
28562    21619    40064    58558    83289    76339    42249    23679
28955    32742    35634    74853    100691    78351    43597    31209
37940    25660    28741    82205    122552    91623    43042    34371
29531    26437    38164    91865    104520    68879    36514    26136
35427    19283    40766    84741    117641    82690    42348    28541
28278    30238    46413    95438    95441    79333    31583    29269
36602    33259    46608    72162    78480    66691    26867    18520
22654    25548    24050    76962    93618    69774    37306    22470
25652    27420    33257    70001    91518    74856    45450    27040
42847    28220    42188    70813    96429    79976    35091    26582
10885    11699    10503    12849    9937    13327    10967    11722
29668    38370    59657    88195    93186    68253    39453    24259
27640    24528    39369    81666    63671    74197    39200    29973
25170    22621    31883    83859    84565    79664    49663    29488
