4690    4213    6229    4769    5763    3520    2578    7822    11674    8215    8934    10099    8495    12793    21024    57705    62938    34763    18266    20728
6652    6842    3544    6698    6171    5889    7546    7694    8357    11549    7485    12647    15162    28267    50317    50794    61483    45360    47021    20385
5114    4471    6527    5956    6954    5515    8505    4405    5646    8968    11411    18785    8997    25396    45296    55939    57342    38961    34818    33210
4934    4326    6863    5579    8237    5394    7048    4672    9993    8323    10431    12794    20173    33913    45728    55611    46077    45844    32421    26497
9773    8112    3468    4911    5349    4625    10497    7499    7172    12990    9260    8620    20098    31509    39001    57271    60396    49942    33509    21747
7258    5725    6038    5305    5938    4494    5854    7628    7848    8471    9832    15099    26866    38531    55781    49392    54487    48579    43311    35952
5361    3457    3942    7120    6052    4532    8692    6874    10112    8669    10419    14149    20885    38285    46398    49819    40879    45016    50396    35850
5568    4205    8496    7830    8953    5837    7199    10214    9143    7633    8295    15893    17771    34176    45638    35528    48436    40761    43394    33292
7968    5883    3652    6674    7956    7686    6866    9868    8478    9599    16182    26274    33059    33317    39356    33312    31013    34014    36806    24540
5525    6505    5446    5295    5419    6329    4427    4515    12390    4078    5623    9741    16769    12802    25106    61607    62992    45566    29632    25306
25876    31128    32569    20257    22578    27262    25110    25213    26487    28254    26385    22151    9485    9320    12790    7947    7037    4572    6494    7415
11070    19886    22582    56357    69837    66927    35276    21202    21271    28127    8509    13075    7107    6927    4949    7816    8859    6463    6130    8062
20381    24053    25969    27880    31202    33112    19860    17358    19455    12966    18408    22457    17347    21013    15235    13587    7789    9440    10027    8473
16543    15326    19537    11430    10700    15882    17056    20590    14011    19540    16315    12356    17437    16966    14147    20237    18869    12269    7649    9839
8903    14741    19867    19185    14495    14689    22508    12953    16065    14062    15104    11950    10179    17561    25306    33339    29968    38615    20559    17469
8208    4250    9927    6533    5506    5265    4600    8928    10483    5811    11192    13860    17486    13571    25127    64516    64256    42903    16864    24655
16652    13914    9091    12165    18104    15244    13062    20023    21871    26045    29311    20595    25192    26357    15851    25668    12009    18627    15623    24980
5018    4077    8502    6622    5076    7464    3891    9742    6593    11871    15259    23228    31291    28072    30167    38378    38585    29345    39996    31182
5760    7000    3704    9734    9077    6999    9371    7098    11791    7050    13792    27161    36224    42112    37526    32596    45653    39524    32214    41646
7594    4197    3386    8305    4906    5777    8719    9433    11031    15260    15979    24091    37475    40388    51226    38586    48212    46937    42801    41831
5343    7324    5665    8347    3806    7294    7477    10023    10530    9324    6024    14223    22553    47335    44796    44785    44615    42648    44862    35072
9272    14554    24856    28832    33935    25351    33145    18358    15722    14264    10751    12490    15803    17993    32016    40043    37734    26529    25633    14156
11447    22761    37690    44825    48369    52022    47998    35462    31675    10986    13333    10106    8981    6919    8858    9061    12340    6329    7166    9665
12664    13182    22253    47238    63680    59775    31243    21543    18632    16627    17188    7701    4647    6358    4227    6863    6725    7105    6022    5516
5547    4824    4598    4568    4242    6103    4492    7294    4548    13608    13839    10538    12982    26476    42129    45782    49537    56036    35635    19604
4809    5423    5648    6724    4701    7654    5426    8619    12429    10943    13854    19174    16342    21178    43423    47746    61059    49208    30910    19924
14533    14875    27667    43105    63266    59069    45088    28989    18430    19138    12467    13463    6327    9303    9643    6997    11041    7426    6200    5119
3118    3568    5784    4597    2881    4987    2877    5505    5586    7134    5600    3399    3932    4025    4949    4368    5086    4370    5234    4889
19201    18466    28291    52457    65759    59718    42322    30325    22752    20718    11891    11256    10635    7181    5423    9291    6815    7200    4729    6611
4946    4943    6068    8966    8897    5801    5608    9877    10743    8585    14336    12405    14477    8544    32343    69077    68164    47915    21973    16576
9263    6240    6567    5989    7833    6866    10106    8881    7781    12424    11159    10623    13762    20826    45902    71077    63021    47578    22056    18959
