18262.333333333336    42339.0    60351.999999999985    55983.33333333334    34524.00000000001    17805.333333333332
16389.333333333332    30641.333333333332    58243.666666666664    60179.33333333333    36937.33333333333    18687.0
16184.333333333334    26019.0    58278.33333333333    71536.0    41094.666666666664    19793.666666666664
19973.333333333332    40044.666666666664    56267.66666666665    64460.0    33395.66666666666    18392.000000000004
20010.333333333332    34811.66666666667    64066.00000000001    67960.66666666667    36167.33333333333    22790.33333333334
19528.66666666667    41812.66666666667    61789.33333333333    60722.66666666666    32613.666666666668    19834.66666666667
20690.0    37395.99999999999    68664.00000000001    61469.66666666667    34832.33333333333    15793.333333333332
21331.333333333332    38343.66666666667    64955.000000000015    66375.66666666669    29034.666666666664    17425.333333333336
22192.666666666664    38223.0    66463.66666666666    51014.0    32810.333333333336    14540.666666666666
18578.333333333336    31149.0    62816.33333333332    60636.666666666664    28710.666666666664    19827.333333333332
18689.66666666667    33704.333333333336    66451.0    57459.66666666667    31145.999999999996    18698.333333333332
18356.666666666664    35918.333333333336    50218.66666666667    55746.00000000001    28479.0    15556.66666666667
19547.666666666664    32828.66666666666    54823.666666666664    42419.0    32787.33333333333    17575.666666666668
16565.333333333336    29940.333333333336    50475.66666666666    46513.666666666664    26007.666666666664    16851.0
17311.000000000004    26704.333333333336    44418.33333333333    49251.99999999999    25412.66666666666    17339.333333333332
15561.666666666666    27990.666666666664    47782.00000000001    52571.666666666664    29217.333333333332    16600.333333333336
15667.333333333332    24129.666666666664    36896.99999999999    36464.333333333336    24319.666666666668    16182.333333333334
17771.999999999996    31254.0    36803.0    39116.0    27120.666666666664    14480.333333333334
18389.666666666664    35610.0    57899.666666666664    51182.66666666667    26433.33333333334    20701.0
21561.333333333332    39842.33333333333    67202.0    63229.666666666664    29952.000000000004    16606.333333333332
17362.333333333332    31329.000000000004    51771.0    61815.0    32995.333333333336    20083.666666666668
15943.000000000002    31374.666666666664    54709.00000000001    54589.00000000001    33516.66666666667    21338.333333333336
16513.666666666668    28695.0    63616.666666666664    60827.66666666667    37838.0    20560.0
18254.666666666668    33892.333333333336    59544.333333333336    59420.66666666668    34495.666666666664    18079.333333333332
18674.000000000004    30772.666666666668    55841.666666666664    61686.0    36185.0    18454.333333333332
15945.666666666668    29868.66666666666    62523.333333333336    68262.33333333333    41360.333333333336    20548.333333333336
17168.666666666668    28746.666666666668    62463.333333333336    64919.00000000001    39567.0    20860.33333333333
19920.333333333336    37715.666666666664    62534.66666666666    57461.00000000001    34353.666666666664    18288.333333333332
18197.333333333332    40360.33333333333    66142.66666666669    60900.66666666666    28280.333333333336    16204.33333333333
23281.66666666667    46046.666666666664    65577.66666666666    61814.99999999999    30625.333333333336    19457.666666666668
18300.33333333333    41310.0    68966.33333333333    59293.00000000001    28149.66666666667    18443.333333333332
