9939.333333333334    16186.666666666664    31699.333333333336    26439.666666666664    32288.66666666666    22485.0    12301.666666666666    8859.666666666668    8093.333333333333    6833.666666666667    6605.666666666667    5776.333333333333    4557.666666666666    7531.666666666667    8884.333333333334    9658.666666666666    7465.666666666667    3659.0
3922.9999999999995    4400.666666666667    4710.0    7186.333333333333    6448.0    7050.999999999999    5249.333333333333    5557.666666666667    5140.333333333334    5809.333333333333    7026.666666666667    9346.0    16329.0    23615.333333333332    34577.333333333336    32610.666666666668    27523.0    14574.333333333332
3522.0000000000005    3378.6666666666665    4517.0    4380.0    4213.666666666667    5117.666666666666    4315.333333333334    4381.0    6784.666666666667    7732.0    6051.333333333334    7857.0    15736.333333333334    25550.666666666664    36873.333333333336    38096.33333333333    33647.0    20752.0
12105.0    21887.333333333332    34098.333333333336    35206.66666666667    32922.33333333333    21120.666666666668    15843.333333333336    11139.333333333334    7630.333333333333    7617.999999999999    5472.0    3752.3333333333335    4579.666666666667    3576.0000000000005    3790.6666666666665    4392.0    3866.666666666667    3532.6666666666665
8195.333333333332    12066.333333333336    11347.666666666666    13905.333333333332    12717.000000000002    12362.333333333332    10218.333333333332    7310.333333333333    6168.0    7252.666666666667    8398.333333333332    9153.666666666666    9765.0    22816.000000000004    29721.666666666668    26130.333333333336    24691.333333333332    13586.666666666666
11432.0    16482.666666666664    19986.999999999996    25163.33333333333    20041.0    17937.666666666668    15954.666666666668    8483.333333333332    7409.0    7276.333333333333    8342.0    8785.000000000002    9534.0    11786.0    12043.666666666666    11909.666666666666    11654.999999999998    12079.333333333332
18463.333333333336    23797.666666666668    25536.666666666664    32229.333333333336    30032.666666666668    25507.33333333333    16638.0    11995.333333333334    9468.0    8325.333333333332    7786.0    4566.333333333333    6077.0    4295.666666666667    3783.0    4016.333333333333    3345.0000000000005    2982.333333333333
15902.333333333334    24955.333333333336    28281.0    28478.666666666668    26275.666666666664    26107.0    19167.999999999996    13673.0    10545.666666666666    6153.666666666667    8336.666666666666    3886.0    5445.666666666667    3363.666666666667    4662.666666666667    5734.0    3365.0    3131.6666666666665
22594.666666666664    23891.333333333336    22417.0    26572.0    26741.666666666664    20662.66666666667    14391.666666666666    12307.333333333334    8703.0    8462.333333333334    6634.333333333333    5670.333333333333    6319.333333333334    4885.333333333334    3330.3333333333335    4142.333333333333    3761.6666666666665    3757.0
16966.666666666668    20275.333333333332    26897.0    25395.333333333332    24731.666666666668    18440.666666666668    18733.333333333332    13726.0    12740.666666666668    6475.666666666666    5380.666666666667    5853.000000000001    6104.0    3774.9999999999995    3851.0    3641.333333333333    4733.666666666667    3997.333333333333
14950.0    17067.666666666668    25097.0    26147.33333333333    23287.0    17736.666666666664    17766.0    18853.666666666668    18481.666666666668    9423.666666666668    7871.999999999999    4941.666666666667    5126.333333333333    4902.666666666667    2985.0    4394.666666666667    3345.666666666667    3770.333333333333
14401.0    12063.333333333334    19017.000000000004    21384.333333333336    20615.000000000004    14115.999999999998    12286.333333333332    14576.666666666666    15846.333333333334    13558.666666666668    10863.0    6826.0    6470.333333333333    6087.666666666667    4074.0    3629.6666666666665    5256.0    3204.0
11758.0    13519.000000000002    16560.333333333336    21794.000000000004    17582.333333333336    13824.666666666666    9954.666666666666    11172.0    14659.000000000002    10516.333333333334    13787.333333333332    10896.666666666666    9265.333333333334    5502.333333333334    6170.0    5385.666666666667    4055.333333333333    3579.0
8856.666666666666    13577.333333333334    12461.999999999998    17696.0    20708.0    11262.666666666666    10462.666666666666    8360.666666666666    9664.666666666666    11529.666666666668    9454.0    9346.666666666666    9325.666666666666    11684.666666666666    8698.333333333332    4398.0    4613.666666666667    4252.333333333334
9397.333333333334    10747.333333333334    16356.333333333334    15508.666666666666    17148.0    9907.333333333332    9732.666666666668    8563.333333333334    7872.666666666666    8332.0    6978.0    8268.333333333334    9919.666666666666    11306.333333333334    9224.333333333334    8778.333333333332    6704.333333333333    5692.666666666667
8276.0    11078.333333333334    9545.666666666668    8900.666666666666    10353.333333333334    9919.333333333332    8602.333333333334    8047.666666666667    8669.333333333332    7845.666666666666    11034.666666666668    6699.666666666667    11144.0    12136.333333333334    19181.333333333332    16250.666666666666    14854.0    7184.666666666667
9738.0    7061.333333333333    5911.333333333333    7183.333333333334    7719.333333333333    8383.333333333334    6304.666666666666    8045.333333333333    6203.333333333333    6082.333333333333    9057.0    7596.0    5808.666666666666    11646.333333333334    13005.666666666668    12977.333333333332    11374.666666666666    9562.333333333334
7915.0    6711.333333333334    11985.000000000002    15867.333333333332    15104.333333333334    9394.0    8291.333333333332    9294.333333333334    8960.666666666668    8236.666666666666    8505.666666666666    8865.333333333334    8134.0    7067.000000000001    7305.333333333332    9012.333333333334    9230.333333333334    6666.0
13773.0    18059.333333333332    23030.333333333336    22403.333333333332    23259.0    15674.666666666668    13399.333333333334    18314.0    12256.999999999998    10257.333333333332    6630.666666666667    7093.333333333333    6090.666666666667    3882.0    4499.333333333334    3802.6666666666665    3067.666666666667    4722.666666666667
19704.0    19818.333333333332    21977.333333333332    25962.0    29717.333333333332    23955.66666666667    18803.333333333332    18164.0    13731.666666666666    9477.333333333332    7196.666666666667    4823.999999999999    6065.0    4916.0    4382.0    3407.0    3326.9999999999995    2965.0
4066.6666666666665    3907.9999999999995    2904.333333333333    4188.666666666667    3715.6666666666665    4464.333333333334    4035.666666666667    5190.0    5334.333333333333    6999.666666666666    8515.333333333334    14677.333333333332    22693.333333333332    26321.0    25940.0    27458.0    20838.333333333332    24105.666666666664
2652.333333333333    4219.333333333333    2982.0000000000005    4274.333333333333    3672.9999999999995    4973.666666666667    4859.666666666667    5171.666666666667    6652.333333333333    7097.333333333334    7091.333333333333    11599.333333333334    18650.999999999996    24742.333333333332    22475.333333333336    29671.0    27854.333333333332    22830.333333333332
3368.0    4147.0    3679.0    4304.333333333333    5135.333333333334    3932.6666666666665    3537.6666666666665    4085.0    6718.0    6172.666666666666    7639.333333333333    10088.333333333334    17295.333333333332    26047.666666666664    34785.66666666667    35923.666666666664    29174.666666666664    22016.666666666668
4229.0    9097.0    10826.666666666668    16603.0    11080.333333333334    12431.666666666668    6283.0    7080.333333333332    7742.666666666667    7734.333333333333    6056.333333333334    8054.0    13657.333333333334    22667.666666666664    19821.0    21578.333333333332    21381.333333333332    17363.0
4015.9999999999995    3375.333333333333    4619.333333333333    6006.333333333333    4184.666666666666    4065.3333333333335    4847.666666666666    4515.333333333333    4522.666666666666    5839.333333333333    6148.666666666666    9218.666666666666    14580.333333333334    24816.33333333333    37111.0    33547.33333333333    26485.666666666664    23713.666666666668
3289.0    4041.6666666666665    4104.0    3978.0    3115.666666666667    4918.666666666667    5430.333333333333    2936.6666666666665    4884.666666666667    7554.000000000001    7142.666666666667    8376.666666666666    17273.666666666664    28235.0    40243.00000000001    37059.0    31872.666666666664    24053.333333333336
3104.0    2664.6666666666665    3245.0    4675.0    5147.000000000001    6457.666666666667    5165.333333333333    5136.0    5321.333333333333    6315.333333333334    6975.333333333333    9321.0    16050.0    26990.0    41063.0    34531.0    32598.666666666668    18964.666666666668
9562.0    17523.666666666668    25343.333333333332    33491.0    34650.0    17107.666666666668    14487.333333333334    11467.666666666668    10671.0    11226.999999999998    8000.0    6406.0    6970.666666666666    4524.333333333333    4235.0    5360.333333333333    4845.666666666666    4401.0
9373.0    20663.666666666664    34308.33333333333    40098.33333333333    35206.00000000001    20675.0    12855.333333333334    8297.666666666666    8235.666666666668    5122.666666666667    5340.000000000001    4811.666666666667    3727.666666666667    4466.666666666666    3507.9999999999995    3874.6666666666665    4533.0    4988.333333333334
10484.0    20018.333333333332    33598.333333333336    50755.66666666667    38769.33333333333    20917.0    11975.666666666668    9560.0    10399.333333333334    7741.333333333333    6293.333333333333    3467.6666666666665    3415.333333333333    3712.0    4137.333333333333    4256.666666666667    3363.0    3939.6666666666665
8200.333333333334    15298.999999999998    34137.0    44991.00000000001    37220.0    19841.999999999996    11776.000000000002    8746.0    9975.666666666666    6784.333333333334    5039.0    5979.666666666667    4565.333333333333    4704.666666666667    4290.0    4101.666666666666    4466.666666666667    4344.333333333334
