17851    26472    49214    64971    43342    22433
16881    23152    52818    68451    43174    20716
11799    24113    46800    42179    41992    18583
13169    25849    50089    48465    31184    17719
14078    35897    38911    49702    33541    12055
14510    26814    31083    33458    24671    15112
13189    24167    32266    42352    26977    17623
12576    18178    26291    35308    20095    17117
10627    18175    20856    32811    24737    19160
12161    23346    24718    19844    20739    15825
15767    23748    48471    49649    35716    22303
16151    24246    42814    47661    31012    16418
19523    16474    42553    56655    44319    22908
23968    24542    48637    57116    43077    22852
18414    28859    55532    61894    33169    18960
20038    36978    43287    60616    32250    18361
18884    28012    62318    57807    37046    19150
15968    31659    51936    53728    35155    16733
25321    37912    60606    82421    40292    20659
15173    39053    59945    61047    39252    18946
18637    35372    61645    69429    35176    17783
