4596    3959    5150    6464    6909    5754    6495    10831    22385    22672    17108    23749    25187    21840    23807    17377
5197    6969    4180    4829    3627    12507    9692    21923    24575    24317    17450    23958    15992    19116    12555    18305
13568    18161    18790    14624    11313    13456    13326    21294    14768    13478    9035    4707    6562    4132    4281    3971
14472    14364    16712    15118    12575    15469    11795    11461    14769    11970    15059    9557    8547    4557    6012    4038
11216    9083    17776    12433    10536    18502    8942    15136    10739    12732    18064    13198    9895    6894    3818    5220
8461    5377    10044    9061    7301    10221    8812    13921    9361    7092    12280    8099    11852    10129    6478    7159
8191    13788    12048    9361    8142    9063    6970    9596    8790    10767    9982    11791    9190    10594    11287    7014
9862    9112    12543    6586    6865    8586    5388    9252    12111    8503    8753    4443    6477    6591    8174    6319
8908    10192    11142    6392    8438    8997    7842    8831    5589    10743    5540    5061    8722    4177    6449    9343
8326    5250    5253    7709    5039    8127    5204    6547    9149    7951    6889    9747    5540    7920    5339    12643
11963    11049    7082    8216    11391    13435    7575    13657    12106    15855    11743    14475    14847    18694    11482    12084
4872    5431    7319    8221    8430    9041    9458    17977    15856    12124    15800    16090    8130    10860    9568    19125
7744    8407    3813    4150    9918    13410    12708    18686    18972    19815    16010    16969    12221    13218    13461    12930
3617    4813    7591    6417    6416    9025    11746    21804    22840    20505    19515    15479    12653    21837    16438    19496
19597    17693    15604    18829    22732    16965    20106    17698    27552    9316    7305    5372    6677    3414    3977    3991
23682    19382    22172    19478    18770    21146    16338    16326    12831    8342    6269    6131    6892    4788    4125    4858
21320    23211    22386    26736    22756    19656    22490    14153    8666    10727    6012    4439    3508    5192    7021    4944
26255    24961    17242    21730    20857    19181    14725    14038    10569    7894    5366    4058    3794    6118    4497    3894
26419    33847    32510    24362    33384    26831    22739    13859    10045    8012    4709    5401    7203    5845    5683    6362
32543    28573    24823    22269    32250    23412    15415    11535    6776    6457    7524    4849    5733    3823    4088    3346
26203    30402    27347    28447    25807    22580    14589    11946    10673    7074    6621    6395    3820    7816    3525    4797
