25119    38069    88328    91106    71299    24440
27039    44635    85755    97128    49245    21583
29238    53896    94116    99712    67586    21156
25731    49899    83917    89156    60848    31626
30981    45205    77303    77050    69520    30572
24552    44586    67724    95445    68602    31516
24692    33336    61724    85941    61597    30397
27309    33636    74295    102053    66549    31264
29452    35015    87126    80478    70007    27913
19650    37954    80583    83375    65173    25390
24291    29650    67093    93960    58533    29282
31252    37802    83754    94389    54941    29823
25308    37310    87113    93902    47854    24872
25606    35219    69710    74565    40395    25015
20023    29913    72799    79134    55241    32822
20314    25422    75574    62388    49025    22706
34057    31762    68913    94748    71830    37949
29255    42502    74879    74145    68984    30852
19905    28664    80881    92729    72105    35718
21695    44410    68233    105476    77414    33706
27890    36370    71045    97278    75814    30561
21178    39522    73587    69746    76292    35928
25757    59423    86900    111239    59621    32342
33302    60109    84066    65436    61129    27362
27806    48126    88655    106795    62176    25566
29286    37115    81702    89535    82756    33002
19406    43457    75680    83033    66759    29294
24050    35202    72299    77608    69637    35324
19561    46554    85797    77567    71468    30992
21772    26812    71954    101107    60754    31944
22089    28228    78897    87127    69038    36081
