11547    21193    49407    56009    51444    34167    26792    16595    13259    8745    7929    7978    4657    5032    5947    8541    3614    5505
17644    32666    41563    47560    51126    39016    22457    14536    7873    6939    8392    6732    8116    2485    2630    5998    2999    6653
19317    27743    54762    59956    47692    54195    27516    14008    8715    5962    5813    3521    5304    8900    4143    5824    6451    5882
18731    37208    51199    58225    53708    24929    22471    18495    10110    9726    4560    6676    4930    3830    3224    2680    3406    7069
12673    22888    54193    63418    56896    20012    12727    15178    18278    9778    5204    5590    2835    6866    5604    4200    8836    5455
4767    8278    8915    8187    12897    10085    10204    5524    10862    12302    16872    14515    39168    27107    25583    40058    40874    36227
5174    4037    6282    5946    3960    4186    8503    6216    5634    7525    13101    11494    11034    25385    59936    62365    44291    12618
3152    3703    6877    3374    3280    5521    7258    10219    6956    5270    22466    25593    43137    32157    35000    37840    33219    50084
15297    12926    53882    53779    51207    31132    16366    13186    13840    11896    6049    6038    9830    7644    7626    7805    7278    4210
28947    31892    26834    25337    25215    25738    23315    33023    23072    15830    7393    9886    6958    7433    8086    2934    4716    5516
20525    28916    28484    25660    25042    23921    16913    32409    25223    12660    14884    7038    5165    7574    7267    7837    6810    6481
20310    16019    33707    40355    40220    25794    22605    23874    11482    18255    15753    18803    10572    9787    4791    7385    5992    6257
22530    22949    29948    30423    31203    20296    14304    23555    17280    13706    10216    16996    14547    10868    12371    10600    11586    2981
14849    10457    15049    14923    13237    15863    12623    12061    20609    15009    20186    13317    13393    15523    24007    14119    12170    13115
25543    25236    20729    21469    16478    13540    11694    14001    10217    14843    10317    16993    14368    20011    14869    10457    8663    20504
14894    15216    21397    36999    21324    20880    11161    18994    13566    10795    9002    11853    11748    6856    7580    6057    5661    11446
15193    10616    9300    14955    12792    13592    14757    16298    20475    19203    21449    27030    25612    26998    20938    24993    25393    19665
12373    16405    34977    67151    55726    30726    15398    20309    13037    11071    5722    7435    3073    6214    5757    3249    4475    7519
14803    15179    8556    11235    9203    10880    13516    17376    10894    7710    23576    26829    31146    23149    26705    24479    25695    29071
4995    4639    5784    5665    8004    5607    8291    9261    7793    6563    15107    34189    35742    43414    38742    37790    40602    38746
3736    5480    3514    6938    5183    8885    5313    8885    8245    6426    18022    20858    32152    39996    37939    39184    34824    53378
5364    2945    5356    4973    4190    2623    4786    12111    3469    6809    10010    14053    12708    37669    61381    59857    45133    22816
18244    33744    58200    54290    51146    38674    23884    16145    14350    10245    9451    9357    5018    5971    7524    6979    7106    4954
16578    16890    56553    66146    45907    23247    14742    20251    18267    10686    8938    8070    4322    4049    5479    2760    4204    4315
16960    31963    53204    48574    48053    45766    19914    20129    18715    9843    7912    3197    9742    7161    4498    4946    3263    5284
3541    4945    5043    6800    5050    3598    6411    6963    8116    10503    16306    10802    24614    42529    52692    60144    49885    35454
3011    7850    5934    5348    4937    4624    9459    5786    3902    10728    5239    14379    10987    35272    60803    57940    46135    25295
2927    4144    8555    3322    5842    7097    5762    8311    5374    6886    12287    10721    16612    22190    60286    67292    45672    20840
3706    3244    4819    6375    5864    6904    3903    5213    10706    11364    11132    9134    14618    44657    59522    63402    41270    26106
4623    3055    6104    6137    4391    3444    9101    4995    5403    5246    12956    11403    19678    35111    56455    55104    41375    29762
5374    4832    2616    5650    2676    3548    4717    5530    5274    5899    15128    14821    18149    37788    59622    61016    50286    18534
