10560    23430    45903    53077    44242    20649
10219    23522    38189    63294    49798    28203
18206    17819    40168    50680    46664    26837
16489    19903    48102    46477    52789    26208
17847    25255    46248    57030    48157    19510
13206    21054    46254    52812    41007    27362
17112    17553    29282    40801    31442    21601
16159    21702    42657    51413    32275    20178
13353    22463    38673    40936    28752    23466
11055    13717    31182    44329    27462    18702
13977    23529    39935    39692    35625    16980
19633    21600    37144    65751    42285    26392
16600    20004    40583    57638    40871    27470
17712    17581    44030    57141    44817    23423
12791    19059    48434    51348    46824    25397
18962    22452    41121    58603    55582    21795
13317    17401    39170    53808    59587    23818
16443    21592    44996    66034    44372    34229
16213    18947    38592    69432    52913    23477
17688    22918    48870    54342    43986    19526
16814    24699    48193    62349    53405    24358
