7016    4229    5674    4541    5892    5005    4020    5580    7980    14995    14104    19477    25572    28221    23515    22040
6430    3629    3949    5331    5052    9131    4910    7973    21621    16474    31290    22861    22914    18834    15206    17620
6515    3893    4631    4786    8250    6303    9206    13589    18079    18164    28102    20120    16306    16813    15525    10092
4225    8925    3945    6380    12058    14900    17835    24629    17511    17557    14618    15629    12615    12512    14180    12449
4664    5415    8213    8919    7201    12413    19805    23660    26035    15850    10423    15993    14180    16977    8644    15655
8163    6949    8154    10756    21787    25538    18601    15744    10222    11057    9679    7775    15412    7409    15829    8620
8075    9981    7609    18536    7529    10205    6880    7765    10692    10056    12469    8211    10773    7830    12932    8248
17088    13183    16309    15583    13789    10937    13019    10374    12409    12230    8704    8730    5925    9032    6662    10410
9856    10463    13928    11540    10449    12365    5824    13515    7964    8049    10851    15904    9161    9480    9806    8488
13001    12001    10305    13894    10327    7142    10209    10903    6404    7043    9091    6522    5664    8550    4625    10766
12420    9597    9648    16227    10296    14155    7804    9460    10252    10358    10335    12823    9079    9463    6984    10837
15700    12773    14423    15194    11025    12561    18230    16932    20682    7916    12440    14464    10793    11127    12581    5964
10594    20629    17543    15740    11139    12550    13498    17716    12789    16219    14457    11924    7994    9830    7160    3384
5025    5467    3805    7864    5462    6807    9493    10721    17178    21466    21527    17519    18842    17493    14515    21520
4071    5622    3480    5616    5477    6496    5822    7185    10867    20329    26590    21083    16030    21731    17101    26353
3125    4995    5170    8610    4635    4905    8327    7461    9876    25894    26939    15491    25392    21754    27823    18118
7400    2782    3578    5272    4878    6299    5220    6329    7003    15867    18235    28157    26151    23362    21029    25539
3387    7714    3183    6554    6872    3714    9441    4541    8023    11373    16505    30544    33089    29136    26369    27221
2724    2121    4173    4708    4057    4652    4998    6569    6842    8716    19977    31970    36667    31587    27971    21842
3280    3055    5966    4887    6045    6594    8435    3531    6013    10152    17073    21769    26063    37506    28444    18517
5857    3426    7276    7379    5787    5909    7191    8580    4499    8649    10672    22774    25403    33434    36989    35993
