32371    47431    113969    129701    76338    39336
26257    55351    115813    145956    80900    29987
25523    47456    109023    121075    82380    51215
29007    50452    95989    119817    76900    32966
27445    54494    102493    136079    83048    41761
24982    49000    112177    127593    90723    37940
27280    43653    97212    101326    83017    29381
27079    36630    76048    94080    64350    20819
22037    31082    72948    112749    68150    34953
28781    42638    69331    102736    49384    28961
31449    52275    84319    98558    70691    31795
32786    45373    103076    117845    77057    30048
29491    50133    102092    123653    80797    32160
26103    43636    94089    124728    99094    28895
29139    49327    105992    134620    97228    39565
19590    43411    128599    138885    92807    31052
24924    55285    100970    131634    99054    38203
33257    50677    105781    115158    110652    40145
40695    42598    107045    137485    94267    39632
28499    46209    125583    129657    105342    32626
26949    54417    109594    128743    75890    37758
