14421    19964    28530    35190    31610    30985    24602    18027    9442    8863    10155    16965    24087    28772    28458    41336    40411    27328
9345    26057    37538    38854    44113    29298    16179    13301    9142    12838    7801    15018    12203    32669    39991    48429    37097    24391
7607    24353    29636    38825    37406    30940    17702    15954    15452    16617    13774    15799    17473    29202    24281    36195    39899    25557
13079    17839    25488    32628    39978    20228    24868    15643    12973    10032    10920    17646    14367    33617    37859    30573    26257    21136
20997    27658    35005    22800    31127    29506    20968    22746    16358    14959    15378    17709    21230    29441    26826    38624    29577    24411
12286    16139    38579    55246    51301    21033    13328    13264    12764    8900    11805    11083    7042    15478    46539    51534    39420    16674
19625    13785    19775    16455    13628    21760    22645    26161    31241    21778    28308    23032    24034    22021    18822    23244    16053    19502
13173    8865    10738    17704    25521    25261    21065    22656    19269    19011    18456    18860    14553    19098    28555    13413    13848    8960
15623    14259    18578    27237    24246    25218    20171    15425    18972    14542    18283    14787    15300    11744    26334    25446    23052    12702
11757    14297    19625    17228    12928    22492    26101    17291    22650    17726    17491    20870    17456    21627    17365    15541    16284    13102
17610    16254    16701    22704    18517    16786    29356    15997    29191    23247    19259    32033    22940    17158    19205    12589    21850    17690
10381    12692    32642    40765    40773    26649    12885    10606    15661    9663    10562    12528    7865    24081    38156    54197    29442    16637
29537    25284    17191    23800    19484    18730    29035    24017    20301    13097    16506    22222    21517    26360    23299    31276    26225    30445
23664    31761    27001    21310    28733    31214    23338    16400    13288    9056    11116    29153    22735    28510    23933    27539    21317    26477
21760    32903    27201    23764    26716    28399    27030    18235    19736    12046    13471    16214    29743    38210    31949    35622    20660    32212
15516    25428    29580    37356    30181    35159    23243    17172    14487    9951    13588    17192    31188    24754    37110    42678    29933    19828
9036    24778    29441    40194    42510    21904    14974    20454    8413    11727    8320    20477    17897    33974    45542    42542    35408    22479
13123    20583    29801    38780    44223    23926    26172    19287    16207    11158    10908    8240    12616    43848    36336    35839    41731    22892
16701    24788    29366    29904    46968    30502    21844    17024    12971    16757    17709    17820    15555    21488    33523    50363    31900    26539
15601    20763    35242    42938    42512    29082    22838    13918    9337    14575    12823    12624    21896    30280    38304    43197    42127    19859
7810    18580    31655    49346    42193    27438    15964    12177    13266    13675    13482    11249    14733    22593    47993    44682    28938    17577
