20026.666666666664    42652.66666666667    68659.0    56778.99999999999
18421.333333333336    32377.0    55144.66666666667    59315.666666666664
15133.000000000002    33723.66666666667    63350.00000000001    55423.33333333333
15853.333333333334    31256.333333333332    54876.33333333333    60924.666666666664
18357.0    40689.33333333333    64107.000000000015    51787.66666666667
14850.666666666666    32704.0    54366.66666666667    58250.0
21603.666666666668    34843.666666666664    59004.333333333336    56063.66666666666
16310.0    35994.99999999999    56682.0    45019.333333333336
16280.000000000004    30004.666666666668    55686.0    54615.0
14009.666666666666    24775.999999999996    51217.00000000001    50237.666666666664
17099.0    24993.0    52433.99999999999    42729.33333333333
16229.0    29524.333333333336    47523.666666666664    51960.33333333333
14045.333333333332    25554.33333333333    44658.666666666664    53371.0
15848.666666666664    26273.333333333343    41551.00000000001    42934.0
12563.333333333336    30744.666666666664    45397.66666666667    45854.333333333336
15098.666666666666    27223.999999999996    47319.0    44023.33333333333
15550.666666666664    22609.66666666667    42490.66666666667    36342.33333333333
14749.666666666666    21589.333333333336    32389.33333333333    30709.666666666664
12037.666666666664    27651.0    42890.0    54575.666666666664
16891.000000000004    35088.99999999999    56290.99999999999    50363.0
16533.666666666668    29312.333333333332    52365.0    56899.666666666664
16767.666666666664    25456.0    47284.666666666664    61676.333333333336
18142.999999999996    36849.333333333336    60925.33333333333    53863.33333333333
16835.999999999996    39106.33333333334    60490.0    56483.666666666664
15842.333333333332    36869.666666666664    61740.00000000001    61336.99999999999
17778.333333333332    32835.00000000001    61091.33333333333    60781.333333333336
20238.333333333336    37128.99999999999    56132.0    57355.999999999985
15965.999999999998    32476.666666666664    53458.0    62140.99999999999
21370.666666666668    39273.0    57714.0    61006.33333333332
18170.0    37052.666666666664    66966.33333333333    61598.0
17724.66666666667    37291.33333333334    64684.333333333336    60845.33333333334
