20521.333333333332    18174.333333333336    32126.333333333336    58068.666666666664    71838.0    41041.333333333336
19889.666666666668    18945.666666666668    33927.66666666667    55572.00000000001    66166.0    41135.99999999999
21012.666666666664    16080.333333333334    28690.666666666664    53117.0    68534.33333333334    39440.33333333333
19817.333333333336    19780.666666666664    40888.0    64433.99999999999    54804.33333333334    31190.0
25147.666666666664    18721.666666666664    39900.33333333332    72635.66666666664    62426.0    36733.333333333336
19972.666666666664    22206.0    38841.00000000001    56095.66666666668    61213.66666666667    35359.666666666664
19880.0    17187.333333333332    30074.666666666668    61421.00000000001    58572.333333333336    38546.333333333336
18975.000000000004    18737.0    25810.666666666668    54296.333333333336    56760.99999999999    38746.333333333336
17126.666666666668    18324.0    28333.333333333332    53600.66666666667    54903.0    36414.66666666667
17933.0    19031.666666666668    28002.666666666668    47672.33333333333    53133.333333333336    36850.333333333336
21519.0    19435.333333333332    36844.0    61085.666666666664    58635.00000000001    28813.666666666664
19526.333333333336    18517.0    34185.666666666664    57498.999999999985    45884.66666666668    31857.666666666664
17134.333333333336    17471.333333333336    29707.33333333333    53062.66666666667    51516.33333333333    32393.66666666667
18553.333333333332    16202.0    28522.666666666664    48995.666666666664    47506.33333333334    31509.666666666668
20677.666666666664    17812.333333333332    31291.666666666668    45877.0    50510.33333333333    24476.0
18923.0    17815.333333333332    27819.333333333336    41652.66666666668    33498.66666666666    25210.66666666666
15845.666666666668    16878.333333333336    25392.333333333336    35143.666666666664    40694.666666666664    25629.333333333332
17854.0    15519.000000000004    26287.66666666667    37193.66666666667    36012.666666666664    20951.33333333333
20490.666666666668    17113.0    28545.666666666668    51947.66666666667    45604.666666666664    32495.666666666668
19422.66666666666    17381.666666666668    31866.333333333332    49871.666666666664    58020.00000000001    32491.333333333332
18278.333333333332    18179.666666666668    42944.66666666668    62655.33333333333    59404.00000000001    29683.666666666664
19492.333333333332    23657.999999999996    43869.66666666667    62042.0    57342.33333333332    28554.333333333332
19277.333333333332    20650.999999999996    43548.0    59371.33333333334    57323.33333333335    30402.999999999996
20251.333333333332    23282.333333333336    39034.0    66221.0    61024.000000000015    32797.0
22042.000000000004    18992.999999999996    40278.333333333336    64829.666666666686    57326.66666666667    31299.333333333336
20955.666666666664    19089.666666666668    39352.00000000001    68390.66666666667    67957.33333333334    33618.333333333336
19640.666666666664    24081.000000000004    40529.66666666667    69823.33333333333    57475.666666666664    29017.33333333333
18245.333333333332    12742.33333333333    31997.0    56232.666666666664    53924.66666666667    41217.333333333336
25445.333333333332    17941.333333333336    29921.0    60287.99999999999    62450.99999999999    39197.66666666667
20678.666666666668    17605.0    30487.333333333336    58271.0    64422.66666666667    36243.66666666667
17788.333333333332    16613.666666666668    27937.666666666668    58516.0    58839.333333333336    41373.666666666664
