3484.666666666667    4811.666666666666    3739.3333333333335    4264.666666666667    3159.666666666667    3684.0    3813.9999999999995    4568.333333333333    5931.333333333333    5668.666666666667    9044.0    8521.0    10041.666666666668    26628.000000000004    41130.0    46407.333333333336    35077.333333333336    21794.333333333336
5157.0    3976.0    4208.333333333333    3283.6666666666665    3108.6666666666665    3651.3333333333335    5229.666666666667    4870.333333333333    3852.6666666666665    5866.666666666667    7471.666666666667    8003.666666666667    14824.666666666666    26689.666666666668    36098.666666666664    39709.333333333336    38393.0    21242.0
3521.0    3848.666666666667    4002.0    3824.3333333333335    2711.6666666666665    5421.666666666667    4724.666666666667    3580.6666666666665    4271.0    5870.333333333333    6559.333333333333    7763.666666666666    12509.0    23852.666666666668    35030.0    39146.0    39285.666666666664    20953.0
10123.666666666668    15251.333333333334    24532.0    38292.00000000001    35594.333333333336    28673.666666666664    18386.666666666664    10785.333333333334    8443.333333333334    6966.333333333333    5139.0    4431.333333333333    4378.0    4140.333333333334    3576.6666666666665    4385.0    3287.0000000000005    4528.333333333333
9860.333333333334    17989.333333333336    27499.333333333332    36953.66666666667    41422.99999999999    27068.333333333332    19826.0    13090.999999999998    10750.0    9963.333333333332    8222.666666666666    5899.666666666667    4709.333333333334    4396.333333333334    4052.333333333333    4272.333333333333    4498.0    5089.666666666666
9662.0    11898.0    15926.0    27214.666666666668    28531.666666666664    17611.666666666668    13831.666666666666    8975.333333333334    7972.333333333333    10075.0    7425.0    5853.0    9083.333333333332    10708.666666666666    12251.333333333334    9028.666666666668    15482.666666666666    12157.666666666666
4125.666666666666    3709.333333333333    3499.0    4169.0    3676.0000000000005    4390.333333333333    4976.333333333334    5354.333333333333    6141.333333333334    5144.666666666666    7585.333333333334    9613.0    20555.666666666668    23743.666666666664    36104.666666666664    29040.0    33488.0    20365.333333333332
4339.333333333334    3889.3333333333335    4145.0    4110.333333333334    3278.0    3039.0    3911.6666666666665    3643.666666666667    5102.333333333334    5156.333333333333    7094.333333333333    10386.333333333332    17109.333333333336    24464.0    26988.666666666664    28555.333333333332    31792.333333333332    26321.0
3569.0    3825.0    3570.3333333333335    4839.666666666666    3776.6666666666665    3981.666666666667    3648.0000000000005    4292.0    5609.666666666667    4119.0    8548.0    13274.0    17841.666666666668    22585.666666666668    23828.666666666664    29469.0    28990.333333333332    22934.0
3467.3333333333335    3273.0    3912.3333333333335    3532.6666666666665    4686.666666666666    4227.666666666667    3374.3333333333335    5084.666666666667    3864.666666666667    5771.0    13584.333333333332    12889.0    18325.000000000004    19938.666666666664    27241.333333333336    26534.0    21962.333333333332    20954.333333333332
15445.999999999998    18467.0    17958.333333333336    27073.000000000004    25615.333333333332    18426.0    16071.333333333332    16459.666666666668    16024.0    10632.0    8910.0    6021.333333333333    5564.333333333333    4243.333333333333    4824.666666666667    5836.666666666667    4350.333333333333    4409.333333333333
10979.666666666668    15218.33333333333    17194.0    21860.0    20653.0    17414.0    14224.333333333334    15656.333333333334    15018.333333333332    12253.0    11515.666666666666    7425.0    4397.0    5625.333333333332    4376.666666666667    4261.333333333333    5303.0    4095.333333333333
10539.333333333334    14208.000000000002    14073.333333333334    17467.333333333336    19873.666666666668    16441.0    13341.000000000002    14024.999999999998    10843.0    11842.666666666668    8768.666666666668    12158.666666666666    7419.000000000001    7404.666666666668    7308.333333333333    5632.333333333334    5951.333333333334    3988.333333333333
11617.0    13487.0    15330.666666666666    17158.666666666668    17765.333333333332    10600.333333333332    10429.333333333334    8346.0    10256.666666666666    12229.333333333332    11996.333333333334    11101.666666666666    14300.666666666666    7926.0    6141.333333333333    4330.333333333333    3103.333333333333    5169.666666666666
10056.666666666666    11527.0    14279.666666666666    15690.0    15395.333333333334    10091.666666666666    9185.333333333334    8556.666666666668    11230.333333333332    5758.333333333333    8205.666666666668    11624.999999999998    10242.999999999998    10760.0    13944.666666666666    9470.0    7040.333333333334    7585.333333333333
8198.666666666666    8323.0    10002.0    13127.666666666668    13990.333333333334    10821.666666666666    9968.333333333334    8117.0    8647.666666666666    7715.666666666666    6356.666666666667    6232.333333333334    8432.0    8907.0    6645.333333333333    9391.666666666666    10308.666666666666    9734.0
10407.999999999998    7042.999999999999    9832.666666666668    14861.333333333334    17287.0    9208.0    8194.333333333332    6757.333333333334    7678.666666666667    9130.0    5490.666666666666    8316.333333333334    7009.0    6669.666666666667    7451.333333333333    6116.0    9634.333333333334    8496.333333333334
8614.333333333334    8396.666666666668    11747.666666666668    17245.666666666664    13915.666666666666    10077.666666666668    8451.0    7156.0    10571.666666666666    6011.666666666667    6875.333333333333    5015.000000000001    6638.0    6795.333333333333    8186.999999999999    4293.666666666667    5922.000000000001    7904.0
4731.0    3263.666666666667    3361.6666666666665    4911.0    4022.666666666666    3493.0    4055.0    5170.333333333334    6290.666666666667    9893.333333333334    13106.333333333334    17539.0    15280.333333333332    21313.666666666668    18289.666666666664    25044.333333333336    19961.000000000004    16470.666666666668
8858.666666666666    9166.0    7941.666666666667    8009.0    10389.999999999998    10396.0    10095.0    10573.666666666666    9552.333333333334    8200.666666666666    9352.666666666666    12199.333333333334    13891.0    17169.666666666664    13484.0    17048.333333333336    17430.666666666668    15295.0
16801.0    20926.333333333336    23775.333333333332    29817.0    25738.333333333332    21714.333333333336    19542.333333333332    15637.000000000002    10847.0    6338.666666666667    7943.333333333334    5088.333333333333    5826.0    3737.333333333333    4333.666666666667    4050.3333333333335    4499.666666666666    4529.666666666666
14949.000000000002    23630.333333333332    25822.0    26504.0    26170.333333333332    26000.333333333336    22390.333333333336    12385.666666666666    11371.333333333334    6329.333333333334    7213.0    6398.666666666667    3874.333333333333    5042.333333333333    5810.333333333333    3198.3333333333335    3354.0    4515.0
16080.666666666666    19517.333333333336    28354.666666666668    30295.999999999996    25507.333333333332    24780.333333333332    23235.333333333332    10729.333333333334    8803.666666666666    6599.999999999999    7142.333333333333    5955.666666666666    3421.6666666666665    4003.333333333333    4643.0    3504.3333333333335    3882.333333333334    4116.666666666667
12487.999999999998    19984.999999999996    26633.666666666664    33818.33333333333    35667.333333333336    28129.666666666664    19308.666666666664    13090.666666666668    8834.333333333332    8009.666666666666    6123.333333333334    4311.666666666667    4699.333333333334    3411.3333333333335    4332.333333333334    4204.333333333334    5614.333333333334    3947.6666666666665
10885.999999999998    18968.666666666668    25467.0    36279.0    32011.666666666668    29101.000000000004    18482.0    11385.0    9092.333333333332    9051.333333333332    5938.666666666667    5081.0    3979.3333333333335    3076.0    5119.333333333333    4124.333333333334    3749.0    2977.333333333333
9731.999999999998    17393.333333333332    31476.66666666667    34053.33333333333    40175.0    31549.666666666668    18711.333333333332    11015.000000000002    9499.333333333334    7707.333333333334    6371.666666666667    5174.0    4573.666666666667    4443.666666666666    5217.0    5146.0    3791.3333333333335    3333.3333333333335
10077.0    15975.999999999998    31181.0    42855.666666666664    33077.333333333336    27611.333333333332    16591.333333333336    14080.333333333336    9286.666666666668    6464.0    5477.0    5437.666666666667    4006.3333333333335    3750.0    3470.3333333333335    3486.0    3377.6666666666665    4362.0
3071.666666666667    3706.9999999999995    4099.333333333334    3408.3333333333335    3740.0    4156.666666666667    3455.3333333333335    4891.666666666667    4613.666666666667    4580.333333333333    7213.666666666667    4875.0    11778.666666666666    20465.333333333332    36961.666666666664    39169.333333333336    31683.0    22488.666666666664
7659.999999999999    12104.666666666666    18286.333333333332    24293.666666666668    26780.666666666664    22501.333333333332    12299.0    9135.0    9477.0    6336.0    8920.666666666668    6341.333333333334    6678.666666666666    9748.0    13877.666666666666    19349.0    11662.666666666666    9792.666666666666
3573.666666666667    3575.0    3842.333333333333    3180.333333333333    3583.6666666666665    2552.0    4874.666666666667    4925.666666666667    4307.666666666666    6238.0    6491.666666666667    8219.333333333334    12185.0    17583.666666666668    38497.66666666667    48245.333333333336    33804.66666666667    22027.999999999996
3351.3333333333335    3291.333333333333    3765.666666666667    3990.3333333333335    4126.999999999999    3460.6666666666665    4722.0    5196.666666666667    6126.333333333333    5698.333333333333    7043.666666666667    7964.000000000001    9946.333333333332    19534.0    31388.666666666668    41416.333333333336    35416.66666666667    24629.333333333332
