32560    76168    91050    58455
36571    77469    80523    54845
39807    66996    93818    76021
36308    64249    102832    65864
48183    69586    86229    56714
37469    65783    85646    58187
45893    84660    84433    60878
41737    77421    96899    52796
40116    75597    73517    51027
30757    52043    69541    60351
41624    71061    78377    57287
21751    47905    47035    42302
9356    11760    7079    8127
33704    47728    70944    51485
48387    72037    66962    71567
33878    59027    92103    40407
35593    52338    64898    43009
32770    75742    91666    72017
30436    63553    91872    72058
40353    58897    76295    70965
33990    85319    84798    49952
43110    74661    82157    55586
45358    77642    82027    65756
32044    80983    103414    80362
49927    68740    90219    77052
41777    77284    82954    39798
44674    77225    79120    64783
32173    64522    94534    79109
40692    75531    87162    68288
53167    76089    82974    55484
36955    79663    86853    66639
