36049    47196    50547    43746    23369    9824    12760    5521    4326    2190    3534    3028    5146    3008    5105    2884
37757    48068    50760    24365    13209    17592    10243    8739    6076    5128    4498    1878    4694    6055    6817    3529
3059    4054    3847    4437    1956    6236    4250    6442    6337    7463    19627    31116    47789    47598    49501    32930
10328    11348    9351    11888    11670    11806    5024    4745    5310    8370    17298    30637    41609    35437    28634    25798
37744    43775    43240    35171    32800    13501    8958    9183    5689    4143    4743    4439    4237    6539    3294    3256
36226    40615    33443    31207    30185    22759    10395    7116    6334    3782    3905    5194    3330    4663    4543    3388
53522    31699    24801    35337    40495    36345    11516    7546    7297    5462    2959    3869    3220    1825    6300    3671
32425    42986    47769    39587    28505    27102    9526    4233    8067    2716    4603    3102    3673    5502    2755    6302
33732    54672    43148    36581    13426    15465    11312    6840    5536    3726    3035    2692    2836    2548    3530    1178
4786    4001    4646    7569    4261    6987    5317    16224    19910    23589    22212    17568    21079    20326    19461    14756
38807    60480    46958    27460    17203    9904    8233    9096    2908    5296    3014    3754    3740    4923    4943    1630
17328    22893    28695    15281    7533    6120    11543    5712    3881    5676    3741    7821    4206    5899    8569    4095
1757    2950    1238    3184    1836    5065    1953    2564    2536    1450    2317    2738    2462    1572    1210    1490
18993    25933    32568    23359    10071    13590    12916    12161    4468    5153    8615    6517    13326    9921    2634    3636
3610    11950    7907    7696    5334    5556    7667    8619    7971    11863    6939    13333    45481    60450    41748    12829
18230    17670    18989    18284    16347    30748    25249    14445    13219    9150    8497    6757    5805    9105    7347    5573
27527    12622    23673    19657    14840    20867    18963    16278    9392    5950    6524    4891    2774    2660    4589    4631
4057    1631    2245    5979    3266    6935    9015    12006    26085    29074    22719    27688    28782    43774    29342    19597
2085    1687    2058    6259    3344    5086    4808    8680    15699    25212    32992    35812    23730    29433    28834    32200
2633    2406    4417    3757    3940    8383    5237    3251    8007    11514    5892    26082    52722    58814    31115    18340
41828    35480    31240    32449    35464    25531    12838    7514    5198    4744    4233    3942    4278    1500    2455    5365
38402    45497    28282    34060    39909    15369    9820    9275    5249    7394    3183    5261    4571    3743    2222    3277
1695    4288    2033    3678    2986    7619    4141    8270    2761    14103    16914    31337    50694    42589    43676    33999
6318    2924    2752    4443    3735    2182    6034    11511    4788    7072    21256    36496    47651    47142    48988    43511
2556    2591    1655    3525    3708    5777    5922    5925    9726    14699    18466    20606    53685    56680    41503    38914
35899    48061    49816    33627    14580    15077    5691    10398    4917    4168    2168    4101    3837    3756    2607    3110
3666    3128    4590    1480    3008    6904    7644    4648    9279    8503    6556    22324    55881    64454    41349    22388
3756    3827    3429    1397    2604    5822    4995    10731    8465    7377    18579    35913    42416    53571    45533    21923
1268    2993    2280    3915    4095    8351    6190    5281    4959    9776    7081    29699    46945    53844    43430    41566
35623    56316    54486    32276    22530    16420    8646    8011    7821    1640    2442    3018    4871    4558    3779    5277
4181    5778    3050    1546    3239    3249    5281    4389    8623    10169    8116    34270    46407    57883    50418    23511
