21765    25818    76756    87672    73417    29849
21853    31799    81662    85345    61903    31095
28360    45891    103871    99200    56623    26585
24295    46608    83074    97328    53646    30388
23027    34523    74164    93364    78792    32403
21054    26873    83080    75866    73202    41326
19019    44223    83105    95249    81199    31172
31907    45439    88691    116487    71001    21230
29180    53379    89720    99244    72023    24055
27958    42691    87888    90016    58886    25150
25034    31026    88442    89379    49663    32071
22312    40141    66840    77161    48305    24929
23431    38595    72132    75692    43099    21624
18349    40615    64730    64721    56096    27466
27334    29500    54040    61457    35943    20916
17586    30480    51958    53803    34009    21223
34125    51834    67145    79352    57474    29007
32782    48421    78841    97821    51179    23339
25657    37521    71456    82384    70680    25589
22890    36429    79503    66552    73681    39809
21083    50478    101358    106975    65866    27073
24211    57962    99760    91446    61798    24259
27327    59177    81745    91208    47573    30129
22935    47474    83390    90579    58619    33225
20746    23908    67017    65875    50203    28775
24848    47033    80637    94785    72090    24000
32122    46511    84559    107994    84479    31008
27238    35085    76701    103392    79661    35393
27272    35993    72385    85974    74234    40392
27074    34898    70615    85163    68595    30193
25308    34435    70935    78647    74394    28699
