4423    2854    2750    3943    4420    5940    7826    6605    5791    8016    7340    6410    21507    36526    48998    61617    46951    33360
7422    6115    6663    2671    4435    4318    9086    7369    7462    6766    7633    8920    7634    28575    47752    56597    56799    37440
17822    35570    49281    51165    42732    32833    39785    15878    10303    9113    9432    9232    5998    10074    5740    6097    4341    5134
20676    23672    46866    52440    42376    38872    18899    24224    9091    10946    7503    6777    5717    4679    5344    5289    7959    4009
7127    7553    3718    6590    3276    7154    4810    8718    8106    6536    8051    9630    30795    36889    47464    49382    41818    48656
5561    4910    3903    7010    7714    3558    4906    6629    8401    8109    11383    14334    6690    21768    52786    65054    61472    27213
4837    2816    4791    4510    2997    3875    5384    10645    10126    11306    14491    11765    23754    38218    53457    50098    56780    44117
37308    47009    42774    33308    39871    31369    39749    32062    12427    9863    7955    6363    5953    3999    5269    3741    4286    11449
29913    38498    28016    30137    32377    29950    34110    33725    32601    19872    13171    8315    7767    8025    4557    5708    4277    6582
22914    29847    35764    41180    43383    24461    20182    27285    24638    18067    7011    4561    6104    6552    4744    3088    7991    4817
25002    8798    26423    42834    41238    38403    26690    15659    19769    18435    9004    7877    6834    4524    6389    6467    8024    3245
28066    24589    19052    20325    18600    21031    15345    16315    17019    20194    19311    19111    8364    6776    9550    5224    7880    2936
19802    23136    21312    15577    19825    12159    19760    14855    16975    8645    12578    14806    19102    18415    13892    9695    7711    6328
16525    18901    14415    15778    13220    11185    16701    13459    11828    15003    17134    17252    19114    12870    15731    16849    13244    12768
9593    15498    12411    15753    13644    9904    8662    8955    12573    15707    16885    9228    12620    12865    12904    13638    10728    17622
15713    6981    10343    9538    11877    8596    15062    10837    11331    9509    14843    13434    11969    10025    12360    11533    11775    13333
13592    16269    39792    56858    59041    28112    9662    11304    14553    11065    12872    6888    6008    6315    6525    4971    7477    7633
29823    19421    26971    43334    45359    29560    20668    21712    23077    17234    11551    7022    9210    4001    4878    5832    7075    5655
3598    2646    4658    5264    4134    3929    7833    6988    10518    8609    13475    12919    12689    46005    50686    57581    31506    30249
2301    6573    4741    3459    3086    7342    10137    6011    6475    3767    8617    17315    11315    22430    51250    61372    53264    39409
21074    35023    45674    35076    41769    41586    46990    22988    23319    8182    10977    6599    3786    4906    5769    4498    7840    6777
23083    34222    35096    51935    46177    41644    35105    22234    17353    11052    7635    4394    3574    4103    4497    5065    5378    6889
20147    26874    42707    53377    52503    35238    25344    10895    17266    8899    5009    9620    3804    4436    4717    4858    4781    6684
17028    21240    41737    47123    56995    48996    29549    17464    13327    7117    7579    4036    3412    5272    4718    3485    2171    4973
3869    4161    4821    3280    5304    4940    3825    4940    4372    6235    9695    10544    16196    28722    33505    47491    36257    28367
14701    23422    40718    57392    47673    45641    30938    15772    9014    9359    4895    7162    4829    5800    6132    6952    7347    5646
12941    20327    52069    63585    57137    54366    33383    19149    14894    10209    9555    4248    8237    6870    3017    3972    6290    6424
4688    5841    4087    4879    4993    7021    7393    11780    8993    9795    12640    7228    14601    37038    57489    60025    56291    42688
3531    2248    3677    4958    5361    4860    6965    9884    5048    7873    16006    10778    20473    33203    56969    61999    55065    27352
3385    4084    2864    8860    5757    5715    5285    5829    9157    3219    8139    10619    15458    32392    45872    54769    58470    36664
4404    2996    3525    5096    4058    5059    5209    7565    4954    9296    9213    13452    12527    42112    56860    53858    46237    25997
