16698    25939    54079    58016    54732    26037
16823    33420    51500    72810    50012    18881
19279    29369    51488    56197    31584    17898
15522    27682    49335    58335    33281    20408
23034    23262    39783    43069    28427    16109
16023    28072    39484    42433    26516    13839
19123    23902    35182    40839    24802    16948
17569    25108    28852    43095    28471    21678
15883    21915    28791    34649    32041    15378
14501    22960    33536    45197    23878    15144
18714    27013    53849    52532    38583    19827
14667    21443    47369    60114    43706    23964
13296    26880    48933    58065    44790    17618
13370    28689    54500    56277    46822    24507
16410    30395    47423    60926    51887    24199
14663    29067    52562    72467    59814    29997
11711    17692    45196    67858    47623    28065
15531    35361    54707    74586    48631    28969
19726    29978    70148    84032    42453    17388
16663    38921    55970    75139    41574    20640
13837    34505    55125    65437    38966    17544
