3804    6219    4014    7140    7184    6444    9260    14743    14179    23228    23379    21949    22246    24483    30564    16665
19851    20272    20025    19273    28144    17037    20657    30170    19445    14104    5941    6117    6834    6867    3693    5016
18456    26363    18252    12962    12945    12924    15569    15118    20575    13690    11774    7923    6210    4345    5204    3505
25262    13769    13163    12847    15309    14043    12855    14701    16029    16366    18061    9437    7696    4563    5031    5431
13495    14412    10181    14820    10043    11866    8919    12959    14128    10191    9994    16378    8025    9821    4457    3995
9303    7609    8548    11394    10371    11067    14819    9039    7551    11694    18266    10398    11367    10719    8227    5995
7755    12645    9911    8688    10982    8185    7125    10979    8357    8878    10086    9402    18603    10273    9613    9314
17662    12483    7766    15452    7470    9022    11495    7491    8827    8251    7368    9260    11089    11586    10090    9461
12659    11632    12143    10241    11960    11749    7185    7548    8087    6445    12283    7055    5905    8367    6195    9203
16881    10811    11394    8415    7602    7590    8166    5371    11450    9845    10263    12315    12746    10204    6457    5706
7873    8964    11522    11864    12624    12385    11945    16737    14543    17065    20797    15239    15833    11602    12116    9409
10269    5212    5490    9603    12401    11953    18229    14015    17947    15012    18152    13006    18019    11892    16669    13394
5791    7642    6194    5878    8448    9113    10382    19119    26227    15443    17118    13004    15992    19562    13745    15924
4815    4656    5325    3783    4850    12074    12204    18151    24151    20183    18684    18396    18861    23327    14194    20511
3268    4955    6618    6180    8937    6883    8530    10369    21315    24066    27323    21844    18742    20396    21404    20410
6172    11477    3836    5779    9192    7287    8097    10838    23452    19143    28325    32103    22367    22829    22541    25132
5259    5698    4316    4197    3650    6714    4161    5705    10036    23591    23033    34985    21178    18663    22807    24152
5572    5363    3966    6651    8283    3534    8647    8614    7299    16868    26658    32066    38330    23178    25841    36915
40882    38219    29006    25189    25936    17922    22651    12064    9227    7171    6678    4162    8487    5185    6780    4166
28851    34077    33548    30946    25382    27694    15651    9003    5666    4929    5380    5382    4910    6143    6322    5023
28874    32411    30406    26423    21673    18844    10732    6822    10621    8744    6330    4692    8150    4344    3381    2967
