8031    16498    25061    23073    18442    16236
9535    14856    27708    31259    26663    9395
9280    16441    26808    21488    20112    8626
9570    15677    21297    27718    15967    9694
11726    18230    23319    27422    15036    8173
13094    13672    26451    27827    16622    10907
9933    19367    22281    22890    16484    10925
10127    12252    26704    21520    17879    15194
11087    13381    23342    29108    12988    8157
9100    16622    23014    25466    16980    9686
13521    16965    22112    18093    18467    9994
12618    17190    31481    20019    16620    10073
15001    18171    30446    18802    19053    10121
8068    20650    23884    34483    13073    8570
10086    12530    26414    26151    14724    13142
9766    16865    26703    17368    14022    8508
7985    18726    19678    19798    13726    10419
16434    28113    24955    23405    14890    12430
10714    12665    20692    13813    10421    9428
9719    17165    33209    20871    15745    9766
10775    17320    23087    23754    15946    10508
12673    14780    18479    25612    12547    12025
8562    14988    20504    30583    18149    9873
10174    12296    22274    22318    23680    12209
11583    19539    23956    25656    16590    10905
14142    22905    27321    27242    13567    9701
