2491    3196    2793    2489    2546    2609    4706    2980    4638    6244    4559    6100    11213    21162    15591    14024
2671    2516    4200    3721    3111    4552    7324    3226    6070    4885    10116    10809    10280    17065    13275    15595
3307    2613    4242    2258    1837    2089    3507    2860    2742    6275    9470    10828    12718    13986    10817    13206
4584    2914    2877    2288    1889    2441    3405    5366    2955    4518    10173    6501    11600    13187    10332    14893
2889    2393    3203    3853    3167    6392    3517    2962    4519    4184    12374    9904    11498    14092    9067    9892
2857    2774    2343    5009    3699    3437    7452    4773    5852    7826    13863    13545    10240    7115    9863    7925
2482    2717    3110    4878    3243    2994    4760    6041    2208    7404    8654    11775    7858    13795    10925    9036
2130    3880    2773    1943    3213    3068    6531    5677    8989    9697    12700    6701    8116    12739    6848    8671
3701    2003    1894    2932    3527    4937    2685    7099    6828    8428    10190    7939    10212    10044    9313    6331
7604    8960    8437    4730    12218    8131    7546    8116    8159    6853    6384    3788    2531    2371    2614    2426
3640    4013    4210    6373    2867    6881    6667    8420    5750    5322    8010    7719    6479    5978    8194    8629
9910    7642    6652    9581    5835    7969    3766    5717    7531    7528    10065    9802    4336    5151    3708    2808
5676    7023    5980    6792    10242    5834    5757    7429    6492    10682    7898    8033    6065    6627    5919    5145
3561    6137    4456    6776    7564    8963    5222    7930    7552    6008    9272    4365    9309    11745    5396    4472
4875    6435    6335    5751    6475    9004    4207    6732    7232    6970    8825    6037    5332    5846    8293    4698
3630    7575    7818    4479    8823    7099    4914    5341    5957    6864    5536    6727    5758    5293    3138    4280
8433    7451    5073    6564    4601    5944    4859    4330    3945    7603    4690    4216    6046    6387    5609    4581
6420    5702    5879    7355    6916    8638    7677    9833    8555    7812    6315    8431    6684    8703    6061    9246
4456    4509    9042    2840    5511    4086    6519    3256    4006    5375    3623    3272    2591    6872    6883    4892
9090    7319    5761    6666    6233    6036    5339    8358    6674    7293    8636    8070    6552    4477    3776    6195
2889    2904    2187    2566    5139    4998    9812    9372    6054    11234    5176    6079    5057    9910    10504    7509
1910    3114    2030    4893    4984    5544    5001    8812    9516    8126    7475    7018    9221    6834    5504    6134
2511    3634    2450    2639    4266    3277    2349    5450    10095    10429    11450    7983    11235    7869    4583    12439
2348    3086    3653    2818    5906    4423    2390    3876    5475    10494    8833    11717    10166    8464    9746    9556
12656    11508    7076    7212    16221    7488    8980    5941    6563    4128    2562    3865    3161    2949    3745    4174
14488    12790    11827    9798    8999    10912    10825    6636    4339    4103    4237    2981    2546    3638    2792    3967
