19492.333333333332    40341.333333333336    61521.66666666667    61438.66666666667    38155.0    15800.666666666668
16261.666666666664    40358.66666666667    65614.0    62133.99999999999    39380.333333333336    18666.666666666668
16942.333333333336    35288.333333333336    61930.33333333333    67721.0    40103.333333333336    17662.333333333336
18847.666666666668    42001.33333333333    70423.0    60291.0    31904.33333333333    17999.333333333332
22887.666666666668    42493.0    63775.333333333336    60189.333333333336    31928.33333333333    17018.666666666664
19456.666666666668    30985.333333333336    57485.666666666664    61205.333333333336    35057.666666666664    17817.333333333332
20923.666666666668    42647.66666666668    70199.33333333331    59561.0    25547.999999999996    15211.333333333332
21627.66666666667    39310.666666666664    70869.33333333333    65043.00000000001    31529.000000000004    19319.666666666664
21064.0    43152.00000000001    68838.0    62986.33333333334    32206.666666666664    20401.66666666667
18169.666666666664    41844.666666666664    65230.00000000001    61839.66666666667    30951.666666666664    19018.666666666668
20503.666666666668    41040.333333333336    68081.33333333333    62278.333333333336    33373.666666666664    18797.999999999996
22036.333333333332    40937.333333333336    55416.99999999999    52604.66666666668    30815.333333333332    17480.333333333332
19187.333333333332    36826.0    51030.99999999999    46384.66666666667    26891.666666666668    16693.000000000004
19386.333333333336    32132.0    52046.99999999999    49945.66666666667    26410.000000000004    17431.666666666664
17994.0    32404.000000000004    48678.0    47601.33333333333    32261.999999999996    19563.333333333336
17909.333333333336    28146.666666666668    44200.33333333333    42518.66666666667    29885.333333333332    14839.333333333332
17456.666666666664    24539.0    46373.333333333336    47534.66666666668    24795.999999999996    18982.333333333336
13755.666666666668    24029.66666666667    45299.99999999999    42377.33333333334    24796.0    18470.999999999996
22668.0    27729.999999999996    52302.00000000001    48491.666666666664    34883.66666666667    20685.333333333332
15334.666666666664    29300.333333333336    57159.33333333333    49037.666666666664    29342.33333333333    16019.333333333332
17362.0    30269.0    60639.333333333336    59125.66666666667    33451.666666666664    18465.000000000004
19656.666666666668    39846.0    58736.0    54862.666666666664    31805.33333333333    22175.333333333336
24387.66666666667    42494.33333333334    68823.33333333334    57331.99999999999    29293.333333333332    19838.666666666664
20555.666666666664    42563.33333333333    68635.0    55001.00000000001    28861.33333333334    19738.0
21283.666666666664    45974.66666666666    68259.00000000001    57596.0    28887.999999999996    20494.66666666667
21079.333333333332    41162.0    63872.0    58920.66666666666    33035.0    21478.999999999996
21212.666666666668    44055.333333333336    66408.66666666667    58215.33333333334    24679.333333333332    17513.666666666668
24600.333333333332    43138.0    67888.66666666667    58810.666666666664    29703.999999999993    19301.333333333325
19688.666666666664    37237.333333333336    70530.33333333334    62203.0    28362.0    17405.0
22442.000000000004    41299.000000000015    66196.33333333334    54737.333333333336    29558.33333333333    18250.666666666668
21863.666666666668    40569.00000000001    69640.66666666666    57028.0    27097.333333333336    18144.333333333336
