3254.0    2794.333333333333    3068.6666666666665    3067.0000000000005    3556.6666666666665    4914.0    5607.333333333334    4447.666666666666    4805.333333333334    6374.0    7459.666666666667    8775.333333333334    11449.666666666666    23351.333333333336    37189.333333333336    42274.66666666667    41382.666666666664    22977.999999999996
3938.0000000000005    4197.0    4349.666666666666    5689.333333333334    5288.333333333333    4099.0    5066.333333333333    6442.0    5871.666666666667    6425.666666666667    7209.333333333333    8378.0    13720.666666666666    23924.333333333332    36953.0    46736.666666666664    34915.0    19211.333333333332
2808.666666666667    4129.666666666667    3608.6666666666665    4069.0000000000005    3564.3333333333335    4704.333333333333    3548.0    4591.333333333334    7443.333333333333    6376.333333333334    7374.666666666667    7912.666666666667    13756.999999999998    24236.0    35796.666666666664    42538.0    38369.666666666664    24819.333333333332
6807.0    11583.666666666666    14448.666666666664    13337.333333333334    15943.333333333334    11795.0    9178.333333333332    5936.333333333334    6058.333333333333    8844.0    6946.333333333333    6869.000000000001    13804.333333333334    14469.333333333332    24334.666666666668    31649.666666666668    23058.999999999996    16402.333333333336
11302.0    11015.666666666668    23577.666666666668    27445.333333333332    25712.0    20866.0    13502.333333333334    8221.0    9902.000000000002    6820.0    6476.0    6229.0    8181.333333333333    9573.0    11947.333333333334    14620.666666666666    10837.333333333332    12063.666666666666
3945.333333333333    3302.9999999999995    3278.3333333333335    3585.333333333333    3552.3333333333335    5125.333333333333    3826.6666666666665    5318.0    5406.666666666667    9111.666666666666    7098.0    9391.333333333334    16998.0    23035.666666666664    33046.666666666664    31953.666666666668    30015.0    24017.0
9263.0    18614.0    28712.333333333336    28999.333333333332    29192.333333333332    27833.999999999996    23636.666666666668    15804.0    7720.333333333333    7855.000000000001    6274.666666666666    4666.0    4284.333333333334    4134.666666666667    4100.0    4502.333333333334    4172.666666666667    4325.333333333334
13676.000000000002    24552.666666666668    25852.666666666664    32515.66666666667    28051.666666666668    27916.666666666668    21507.66666666667    15004.666666666666    8966.666666666666    8717.0    6885.333333333334    6511.333333333333    5130.333333333333    5135.0    5154.333333333333    3078.0    5406.0    3637.666666666667
20212.333333333336    23612.0    27102.666666666668    29243.666666666664    25043.0    25164.333333333332    22429.666666666668    15337.666666666668    14588.0    7245.333333333333    6464.333333333334    5245.333333333333    5490.333333333333    4970.333333333334    4402.666666666667    4812.666666666667    4143.666666666666    3140.6666666666665
19553.666666666668    22331.666666666664    22954.0    24124.333333333336    23923.666666666668    21646.333333333336    18812.333333333336    17721.666666666668    11782.000000000002    11935.0    9468.333333333334    7294.0    5258.666666666666    4069.3333333333335    3909.3333333333335    3911.0    3193.9999999999995    5165.0
22770.666666666664    17145.333333333332    19196.000000000004    26379.333333333332    24298.000000000004    19526.333333333332    19506.333333333336    20175.0    15878.0    14653.000000000002    7302.0    7475.333333333333    5178.0    8024.0    4386.0    4096.333333333333    3846.333333333334    4239.333333333333
16119.0    15104.333333333332    20188.333333333332    18195.666666666664    21236.666666666668    19158.333333333332    13712.333333333332    14204.666666666666    17160.000000000004    15133.666666666664    11617.666666666666    8518.0    5574.0    4186.333333333334    5599.666666666666    4556.666666666666    5354.666666666666    3671.0000000000005
12373.333333333334    13657.0    17077.0    25128.333333333332    18018.333333333336    14682.333333333332    9636.333333333334    10586.333333333332    11936.333333333334    12225.333333333334    10772.999999999998    11051.333333333332    6962.0    6212.333333333332    5587.666666666666    3384.3333333333335    3977.6666666666665    3744.6666666666665
10032.0    11658.0    13028.666666666666    16704.333333333332    18060.333333333332    14654.333333333334    10701.666666666666    9672.333333333334    14034.333333333334    8751.000000000002    11901.333333333336    9018.0    12403.0    11041.0    6450.000000000001    6538.000000000001    6051.000000000001    6653.333333333334
4835.333333333334    5194.0    6632.666666666666    7666.333333333334    11838.666666666666    12522.666666666668    11569.000000000002    9556.666666666666    11195.000000000002    12060.333333333334    9962.666666666666    10339.0    9483.333333333334    8826.0    18877.0    20109.999999999996    15426.0    12408.0
8969.666666666666    5958.666666666667    11094.333333333334    7824.333333333333    7901.000000000001    8124.333333333333    8273.666666666668    7250.0    8463.666666666668    9914.666666666668    10802.999999999998    9128.666666666666    5609.666666666666    8521.0    16904.0    17917.0    17231.666666666664    7610.333333333333
11943.333333333332    10012.0    8476.333333333334    8156.000000000001    7014.333333333334    8853.0    6804.333333333333    8418.666666666666    7739.333333333332    9300.666666666668    8513.333333333332    8843.333333333332    10132.666666666666    11065.666666666666    15649.333333333332    19911.333333333336    12218.0    6630.333333333334
7291.0    9154.333333333332    9146.0    10375.666666666668    7934.0    6690.0    7554.666666666667    6977.0    7598.666666666668    8858.666666666666    11132.0    7868.333333333333    5906.666666666666    9395.333333333332    13274.333333333334    16687.666666666668    13022.333333333332    9863.0
2855.333333333333    3967.333333333333    4193.666666666667    4329.333333333334    4484.666666666667    5045.0    5764.999999999999    5307.0    8292.333333333334    11299.333333333332    14882.333333333334    15642.666666666666    16284.333333333332    16175.333333333332    22055.333333333336    26655.0    21879.333333333332    17647.333333333332
4077.333333333333    3328.3333333333335    4117.0    4185.333333333334    3441.0    3219.6666666666665    3983.3333333333335    5303.666666666667    4317.666666666666    6140.666666666666    9889.333333333334    16188.333333333332    17869.333333333336    18940.0    23532.333333333332    26278.666666666664    21838.0    19543.666666666668
3847.666666666667    3269.0    3174.9999999999995    3501.3333333333335    5106.666666666666    4000.6666666666665    3608.3333333333335    4762.0    5509.999999999999    6845.000000000001    11486.333333333334    14037.333333333334    21209.333333333332    21954.0    30703.66666666666    26656.333333333332    24563.333333333336    25076.666666666664
11907.666666666666    16278.333333333336    18802.333333333336    13180.666666666668    18331.666666666664    18966.333333333332    16237.333333333334    13213.666666666668    7938.999999999999    6650.0    8216.0    7339.666666666667    5834.333333333334    12088.333333333332    15058.666666666668    15878.333333333332    12004.0    9155.666666666666
13400.333333333334    21618.999999999996    26219.333333333332    31993.0    28385.33333333333    25444.0    23668.333333333332    12041.666666666668    11183.666666666666    9303.0    5982.0    5297.666666666667    5458.999999999999    5607.0    4063.666666666667    3155.9999999999995    3924.0000000000005    5422.333333333333
14210.666666666666    19940.666666666668    26310.333333333332    32474.000000000007    29987.666666666668    27598.0    21691.333333333332    11676.999999999998    10359.0    5664.333333333333    5501.666666666667    5551.0    5207.666666666667    3746.0    4552.0    3428.0000000000005    3788.0    3667.0
10497.0    17802.666666666668    28548.333333333336    35960.0    34796.99999999999    27690.0    19072.333333333332    11922.666666666668    11080.000000000002    8317.333333333332    7570.333333333334    4319.333333333333    4046.666666666667    3808.0    5513.0    3521.6666666666665    4697.666666666666    3332.0
11245.999999999998    17819.333333333332    28090.33333333333    33757.666666666664    39928.0    27285.0    17252.666666666664    9870.666666666666    9442.0    7725.666666666668    5992.333333333334    4262.666666666667    4045.666666666667    6554.666666666666    4295.333333333334    4752.333333333333    3273.333333333333    3954.333333333333
11632.333333333336    18526.666666666668    27485.666666666668    41894.33333333333    32782.66666666667    25992.999999999996    16307.333333333334    9852.0    7690.666666666666    7904.333333333332    5347.666666666667    4414.0    4870.999999999999    3690.666666666667    4384.0    3261.0    3230.6666666666665    2817.0
11793.666666666668    14414.666666666664    30467.0    36757.33333333333    44342.66666666667    25803.666666666664    15681.666666666666    10423.666666666666    9215.666666666668    7804.0    6619.0    5174.333333333334    4518.333333333334    5078.666666666666    4094.6666666666665    3681.666666666667    3384.6666666666665    4187.666666666667
8870.666666666666    12278.333333333334    25375.666666666668    38386.99999999999    42020.66666666667    27560.0    17411.0    10742.666666666668    10048.666666666666    7728.0    6078.0    4426.0    3517.666666666667    3209.666666666667    4149.0    4751.666666666667    4318.333333333333    4553.333333333334
6651.666666666666    12434.333333333332    23488.333333333336    38026.666666666664    40713.333333333336    30300.0    16751.0    10098.0    10211.333333333332    7712.333333333332    5174.333333333333    4829.666666666666    5361.666666666667    4076.6666666666665    4904.666666666667    3835.6666666666665    4086.333333333333    3827.666666666667
9211.333333333332    13410.000000000002    29869.333333333336    42583.66666666667    39835.0    25585.0    13902.333333333334    8880.666666666668    9724.333333333334    7591.666666666667    6360.333333333334    4345.333333333334    4838.333333333333    3809.3333333333335    3859.666666666667    3201.6666666666665    3493.333333333333    3841.6666666666665
