20966.000000000007    27987.666666666668    59402.333333333336    84196.33333333333    82342.66666666666    44674.666666666664
13870.0    18242.333333333336    52024.666666666664    82003.33333333333    83121.0    55706.66666666667
18492.0    23901.333333333336    61151.66666666667    85979.33333333334    78805.0    44470.33333333333
19489.333333333336    31858.666666666668    60078.666666666664    85918.6666666667    84726.66666666666    40916.666666666664
17629.333333333332    34287.33333333333    64047.66666666667    94283.33333333336    80103.00000000001    41322.33333333333
20818.0    27105.000000000004    68725.33333333333    93591.33333333333    80604.66666666667    42731.33333333333
16753.666666666668    20879.000000000004    51920.00000000001    79165.66666666667    75461.99999999999    54694.33333333333
18429.333333333332    19522.0    41587.333333333336    74903.66666666667    80365.33333333333    55687.0
16661.666666666668    23492.333333333336    44547.66666666667    77118.33333333334    81845.66666666667    46693.0
18338.333333333332    22816.33333333333    51254.999999999985    78027.0    75285.99999999999    39825.99999999999
22079.66666666667    28060.666666666668    56572.66666666668    84246.66666666667    73084.33333333334    38653.00000000001
18792.0    27091.333333333336    51171.666666666664    81737.66666666667    70747.0    39353.666666666664
20115.333333333336    23478.666666666668    50614.66666666667    74400.00000000001    61131.33333333333    37201.33333333332
18270.666666666668    25735.666666666668    53631.00000000001    66184.33333333333    61077.666666666664    39379.66666666667
17227.0    25672.333333333336    43525.0    64287.33333333333    66723.99999999999    39587.33333333334
22159.666666666664    24335.66666666667    45459.66666666667    65981.99999999999    66118.33333333334    44879.00000000001
18542.0    17891.666666666668    39800.0    59030.0    53692.33333333333    31280.333333333336
16495.333333333336    24084.333333333332    43050.33333333333    69743.0    75371.0    46153.0
17234.0    27990.666666666668    49167.00000000001    74470.33333333333    78575.33333333333    43148.0
17910.333333333332    20379.0    44872.0    76218.00000000001    77441.99999999999    50680.666666666664
20824.333333333332    24421.666666666664    53081.0    79643.66666666666    81726.33333333334    50346.33333333333
18822.333333333336    22271.666666666668    39689.0    83161.0    87300.0    50442.333333333336
16491.666666666664    25034.333333333336    49470.333333333336    90696.0    85556.33333333333    49354.333333333336
18980.666666666664    30405.33333333334    68163.0    102866.33333333331    85489.66666666669    45104.33333333333
21073.333333333332    26807.999999999996    67407.66666666667    86266.33333333334    83990.99999999999    50548.333333333336
19557.333333333332    30068.333333333336    67925.99999999999    94078.00000000003    81698.99999999999    41906.66666666665
16896.0    20156.000000000004    50098.333333333336    75858.66666666667    95058.0    54241.666666666664
20692.333333333332    31090.66666666667    68778.0    87817.00000000001    76003.33333333333    39964.00000000001
17195.0    21613.0    55043.333333333336    78046.33333333334    80530.0    55065.0
20453.0    31386.000000000004    65386.0    87364.66666666667    76880.0    41923.666666666664
19058.33333333334    29499.333333333336    74230.66666666666    86641.6666666667    86136.33333333333    49343.66666666667
