11785.666666666666    22774.666666666664    33614.33333333333    39340.666666666664    35117.333333333336    24394.0    13643.0    10129.666666666668    6943.333333333333    7386.666666666666    8130.666666666666    10322.666666666666    12292.999999999998    16037.666666666668    21522.0    18914.666666666668    15029.666666666668    12190.0
4043.0000000000005    3644.9999999999995    3971.0    5854.999999999999    3973.9999999999995    3295.0000000000005    4513.0    5844.0    7807.666666666667    8982.666666666668    8778.666666666666    12440.333333333334    26407.333333333336    40912.333333333336    56704.666666666664    45775.333333333336    38778.66666666667    23240.333333333332
17016.666666666668    29879.666666666668    32934.666666666664    36054.666666666664    33882.333333333336    24272.333333333332    10120.0    11026.666666666666    7406.333333333333    7433.333333333333    6127.666666666666    9078.0    9799.333333333334    19223.0    21403.0    17429.333333333332    12159.999999999998    7552.666666666667
20541.666666666668    32892.0    47744.333333333336    48512.0    41353.0    31995.0    19928.000000000004    13763.666666666666    11292.333333333332    9025.666666666666    8117.0    6201.333333333334    6230.0    6474.666666666666    4251.0    6595.666666666666    4379.333333333334    3692.0
21218.333333333336    36694.333333333336    44304.33333333333    45910.666666666664    46284.666666666664    38220.333333333336    21535.666666666668    12827.666666666668    7934.666666666667    8118.666666666666    6347.333333333333    6494.0    7779.333333333334    6808.666666666667    4331.0    5650.333333333333    5071.333333333334    6141.666666666667
24654.0    39388.0    41839.66666666667    44476.0    39627.666666666664    36329.0    20692.666666666668    19465.666666666668    11000.333333333334    8578.666666666666    8822.666666666668    6178.333333333333    7599.333333333334    4676.0    5398.666666666667    4835.0    5642.333333333333    4371.666666666667
5728.333333333333    4474.0    5100.666666666667    6010.333333333333    3747.3333333333335    5328.666666666666    5664.999999999999    7015.666666666667    7793.333333333333    7885.999999999999    12476.0    21293.666666666668    26057.666666666668    37500.66666666667    38941.33333333333    40549.333333333336    32186.333333333332    31120.333333333332
3710.666666666667    4117.000000000001    4602.666666666666    3262.666666666667    4572.0    4528.0    6839.0    6364.333333333333    6428.000000000001    9060.333333333332    14077.0    27698.666666666668    31044.666666666668    35529.333333333336    34087.333333333336    31503.666666666664    32936.0    30133.333333333336
3317.6666666666665    3194.666666666667    4161.333333333333    4364.333333333334    4320.666666666667    5587.666666666666    8065.000000000001    6624.666666666666    8527.666666666668    11219.333333333334    17822.333333333332    23890.333333333332    31556.0    31000.999999999996    28938.333333333336    33008.333333333336    31061.333333333332    33698.0
14267.333333333334    12876.666666666666    13712.000000000002    11926.333333333332    12959.000000000002    11463.666666666666    10540.000000000002    12233.999999999998    13878.333333333332    13275.333333333334    17198.999999999996    18434.333333333332    19120.666666666664    19493.333333333336    19690.333333333332    23994.333333333332    21318.0    19165.999999999996
22736.0    26583.333333333332    24912.333333333332    31963.333333333332    30349.333333333336    22105.666666666668    29129.66666666667    22633.0    21703.333333333336    20006.333333333332    12117.333333333334    6124.666666666667    6405.000000000001    5861.0    5301.666666666667    5698.666666666667    4012.0000000000005    5054.333333333334
19230.333333333332    20540.333333333336    25274.666666666668    31774.666666666668    23607.0    20896.666666666668    18151.333333333336    24179.999999999996    19976.333333333336    21685.333333333332    17955.666666666664    10707.666666666664    6639.666666666667    6992.333333333333    4920.0    5753.666666666667    6298.666666666667    4309.0
17440.0    21951.666666666664    21743.666666666664    26616.0    20888.666666666664    16869.0    14751.999999999998    14531.666666666666    19189.0    15440.0    16903.333333333332    15923.666666666666    13126.999999999998    8674.0    5977.666666666667    7103.333333333334    5587.666666666667    4223.0
14500.333333333332    15603.666666666668    21612.666666666668    23488.0    18333.0    17248.333333333332    17796.333333333332    14846.666666666668    13554.666666666666    14350.666666666666    12583.666666666668    15382.666666666668    17489.333333333332    12811.333333333334    12067.333333333332    9569.666666666668    7119.0    5921.666666666667
11922.0    13256.333333333332    17768.666666666668    21982.999999999996    19701.333333333332    19450.000000000004    13185.333333333334    12972.666666666666    12989.666666666668    15976.666666666666    14785.0    11940.0    12409.0    12198.333333333332    13477.333333333334    11716.333333333334    10338.333333333332    10953.0
16939.0    20544.333333333336    14991.0    16277.333333333334    13349.333333333334    15398.0    12875.0    12757.666666666666    13607.666666666666    10675.666666666666    16102.333333333334    12430.666666666668    9115.333333333334    16721.333333333332    21036.333333333332    18208.666666666668    15666.333333333334    12238.333333333334
10799.0    11560.999999999998    11015.999999999998    9543.666666666666    10986.333333333332    12058.000000000002    10890.333333333334    12360.666666666668    12725.000000000002    10684.333333333334    10130.666666666668    10248.333333333332    13820.333333333334    10868.666666666666    15834.0    16073.666666666666    17910.333333333336    12726.0
4124.333333333333    4550.333333333334    4014.0    4671.333333333334    4611.333333333333    5019.333333333333    6270.999999999999    9829.333333333334    15396.333333333334    23654.666666666668    21477.666666666668    24431.0    20828.333333333332    23795.666666666668    27639.666666666668    29274.0    25199.333333333336    20109.333333333336
3515.333333333333    4741.666666666667    5503.333333333334    4171.0    4871.0    6042.333333333333    6675.666666666666    7883.0    10033.333333333334    14138.666666666666    23115.0    24636.333333333332    28232.0    29493.000000000004    30989.666666666664    29231.333333333336    30829.333333333332    26483.333333333332
4852.333333333333    4025.3333333333335    5333.333333333333    5032.666666666667    4625.0    4538.333333333333    6264.333333333333    5753.0    7499.666666666667    11042.666666666666    17213.333333333332    24317.333333333332    30623.999999999996    28780.666666666668    32467.666666666668    28799.0    34760.0    31573.333333333336
4565.333333333333    2846.0000000000005    3824.6666666666665    5267.666666666667    4444.666666666667    5335.666666666666    6372.666666666666    7291.0    7020.000000000001    11350.333333333334    17196.666666666668    22624.0    26105.0    37094.66666666667    44026.66666666667    35939.0    36452.33333333333    32287.0
4351.333333333333    3928.0000000000005    6530.0    3029.6666666666665    6721.333333333334    5313.333333333332    5579.333333333333    7292.666666666667    7415.333333333333    5868.333333333333    9390.666666666668    17812.666666666668    29860.0    37567.66666666667    45141.33333333333    39481.66666666667    37033.0    29369.999999999996
2717.0    4787.333333333333    4263.666666666666    4256.333333333333    5674.666666666666    5491.0    6332.666666666667    6392.333333333333    7969.666666666667    7253.666666666667    12010.666666666666    18571.333333333332    29136.999999999996    41968.0    47442.66666666667    45755.0    40076.333333333336    26503.666666666664
19861.666666666664    39404.99999999999    50762.33333333333    51983.33333333333    47203.66666666667    36898.333333333336    25563.666666666668    13719.666666666666    10269.0    8343.666666666668    6418.666666666667    8315.666666666666    6105.0    6310.666666666667    3998.6666666666665    5843.333333333334    5395.0    4612.0
22013.333333333332    37422.0    46770.0    54086.66666666667    49134.666666666664    31038.999999999996    19715.666666666668    13718.333333333334    9654.333333333332    8288.333333333332    7740.0    5072.999999999999    4094.6666666666665    6169.000000000001    4698.333333333333    5321.666666666666    5177.0    5978.666666666666
20458.666666666668    37171.66666666667    48576.0    51206.666666666664    53708.333333333336    35679.33333333333    17572.0    12157.999999999998    8104.333333333333    7181.666666666667    6466.333333333333    6483.333333333334    5187.666666666667    5831.666666666667    5108.333333333333    4574.666666666667    4274.0    5492.666666666666
4175.666666666667    4388.0    3525.6666666666665    4963.333333333334    6005.0    6125.666666666666    5170.333333333333    6597.333333333333    9601.0    7226.333333333333    13722.0    11292.000000000002    24261.333333333332    46802.333333333336    50955.666666666664    44876.666666666664    36628.66666666667    25991.666666666668
16249.333333333334    30251.333333333332    53238.0    55509.666666666664    43596.666666666664    29702.0    18606.0    11521.000000000002    11879.0    9587.666666666666    7275.666666666667    7854.333333333332    5101.333333333333    4867.0    5708.333333333333    4185.333333333333    4993.333333333333    4219.333333333334
3822.666666666667    4229.666666666667    4372.0    4753.0    5648.666666666666    4928.333333333333    5020.0    5583.333333333334    6752.666666666667    8595.666666666668    9536.333333333334    12457.333333333332    19997.666666666664    41742.0    54196.666666666664    49731.33333333333    45079.0    21046.333333333332
13613.333333333332    30814.33333333334    56535.0    59268.333333333336    47065.33333333333    28398.000000000004    16645.666666666664    9568.0    7201.333333333333    7854.0    7002.333333333334    6046.333333333334    6989.0    4914.0    6940.333333333333    5645.999999999999    4782.666666666667    4109.333333333333
17991.999999999996    41940.66666666667    58864.0    61979.333333333336    48516.666666666664    26877.999999999996    14544.000000000002    8920.0    11381.333333333334    8658.666666666666    8978.333333333334    6142.666666666667    5352.0    4486.333333333333    5051.333333333333    6194.0    4302.0    4728.666666666667
