12283    28365    50003    22972
22041    37300    37132    31405
10951    20758    27447    26984
16904    30297    29473    24193
15963    28280    48331    23001
15502    22142    33408    24459
15372    16680    22891    23737
15857    26616    30190    24218
19448    25982    31549    29878
13041    30504    25898    21543
13565    29651    27656    18088
15604    23184    27197    23581
12057    19736    31060    25043
15296    16603    28137    19654
13566    20970    21403    19851
14987    22122    24720    14754
8280    18941    19745    15857
10410    17778    13322    12151
11054    17952    27558    19999
9930    21222    28649    26364
14586    22737    29814    27695
12715    17423    19617    24019
12874    17869    28942    24348
8157    27068    32034    27935
10690    19089    20063    19721
8953    19867    24667    22064
