11626    26783    24960    16747    10482    4941    2228    2534    2849    2366    2511    2295    1499    1802
17187    17644    11929    13489    21324    11770    8909    5167    4617    2400    3956    1944    4543    2999
1941    1556    2008    2702    3493    3644    4091    5732    1832    6174    9226    13169    16467    14105
11783    10168    11114    11090    10890    8621    15471    3057    2539    4725    1552    3855    3596    2406
11926    18154    9980    10488    14557    11571    12191    3953    4800    4107    5153    3251    3426    2018
7921    10404    13761    9142    7284    14207    10849    5279    5093    2594    1744    2173    2059    3001
2836    2863    2958    2306    3526    3349    3857    3904    4573    7906    11526    11271    9527    8278
8305    15212    11462    6743    10799    13757    8378    5873    3697    2505    1285    3514    2652    2699
12405    8314    9673    7181    9731    13377    10118    12108    5396    5791    4424    3321    2515    2503
5579    12171    5126    5744    8200    7890    8559    8754    8996    4945    6880    3748    1497    2897
9245    4163    12004    9054    6177    4501    10055    4798    7344    5209    6745    3042    3518    3105
8749    4568    5065    9606    5724    6838    7068    6789    6508    9213    6414    6396    2377    4251
2275    2726    4345    5442    4520    5941    8749    7930    6444    7232    8486    7960    9945    5901
6224    5625    5880    5739    6568    5215    6633    2241    5016    5623    4284    7398    3953    9291
6258    4908    8556    5568    6147    7848    4987    4730    2217    4070    5581    7375    4295    3250
6463    7308    7254    5076    6428    4480    3475    7269    4769    4346    2751    4796    6738    5430
6562    3135    4011    6783    7340    2464    3228    5357    4692    4262    4445    4362    3800    2382
3326    3684    5284    5868    3313    4212    5003    4139    2875    2666    2140    3133    5283    2735
5608    4634    3466    7358    6030    3942    4270    6813    7020    7153    7130    2504    5932    4703
12652    6899    6318    8066    3715    7836    5742    6570    6287    6418    6127    4795    2611    2129
8346    8082    9147    7352    8611    8343    6431    6728    6359    7158    6689    5149    3500    2937
2404    1493    1748    2245    1395    3649    4860    6862    6629    11086    7055    8464    8289    7595
1919    3353    3029    2365    2631    1556    3906    7034    5692    12265    10709    9899    10129    9546
12843    12834    7790    11503    13779    6382    6185    7031    3977    5017    2302    2349    1439    1763
2407    1895    2852    2788    2297    1834    1658    3524    2404    4943    10078    9754    14389    8740
2193    1865    1923    3146    1962    4917    2707    2292    3825    6184    14924    9570    11050    8993
