7723    11493    25998    36746    35727    14153
8627    12346    24971    40301    42522    17085
13085    14509    17967    32539    32968    21025
8642    11435    19178    24650    35789    17439
9688    13566    13432    33678    19454    24379
8815    11322    18160    33110    22846    14468
14528    13099    18235    26127    26675    19883
9735    12032    23144    29779    21952    15296
12131    11742    21963    30947    22304    18713
10550    12182    18985    27004    24434    14714
9999    13910    28094    26466    25455    14088
13119    12850    17400    23330    25195    16814
10180    10540    19177    21141    24719    12761
7847    10350    20475    25956    24078    12694
11547    9815    19658    23246    19458    13807
10537    11258    20901    20957    17208    12957
10507    12754    12292    23520    18605    11619
10859    8007    14989    14427    18486    15850
13253    10887    15540    22959    24888    16665
9857    11567    21074    27680    19814    15058
10715    14358    23372    24907    18346    18479
10936    11583    18141    27179    26124    14083
12751    8684    16417    24296    25728    20398
7999    11982    23101    27688    22181    12432
12903    13001    20006    23249    20304    11466
8001    18466    25886    28571    23201    9669
