2332    3572    3484    2570    2874    2599    2969    3933    4613    4964    4432    10788    24481    25472    22110    10647
2823    3637    3505    2647    4983    5691    5129    7537    3096    9997    11573    17856    13680    14062    21577    18059
2454    3690    3277    4536    2795    6757    5627    2801    8181    8906    9211    10081    11536    23059    12223    16959
2480    2849    3207    3164    3313    2689    2610    2951    5145    9374    12999    13189    12951    12538    14738    12936
3882    2732    2470    2801    3495    5401    3933    5198    6063    6051    12102    10405    14823    10136    11593    13112
14580    9258    10321    12733    10084    10059    7518    7017    4015    2981    3637    4664    3330    2462    2779    3283
10981    10811    7115    7314    9738    16203    15967    6175    4928    4450    3260    6855    3682    2614    5490    2964
10765    11857    7981    8252    11661    10291    7433    9571    3189    4379    5621    4079    4957    5713    3020    3169
8690    9074    12656    11059    11560    13378    7488    9446    9290    6055    3104    3310    3091    3173    3416    3010
9626    8736    6887    11036    8067    10616    7600    7533    10077    4615    5912    3132    4816    3264    3385    2567
9034    8039    12448    9850    9739    9494    6575    9011    10147    9316    7210    4382    3496    3346    2741    3184
8172    6251    10617    6446    8745    6656    4200    7351    9021    8051    10746    5985    4892    3905    3679    3991
7311    3651    8910    5133    5470    5799    7236    8349    6888    7327    6666    9118    4044    4227    5135    3254
3934    4445    5046    12314    7284    4858    4923    8777    7039    6886    4431    3938    6483    7744    6208    7090
6278    6994    9091    6712    5173    5297    5137    6694    4967    6790    5438    4879    8909    5708    5325    4139
7236    7955    7082    4500    6057    7310    6891    5568    4160    5221    4711    4860    3208    5488    7051    6520
5812    6632    6077    5078    5706    6991    5846    6348    4391    6971    4130    3793    5720    4945    6692    4165
5909    4421    5688    8245    8059    3598    3875    4408    3528    6373    5747    2862    5814    4162    5698    4231
4616    3481    4984    7568    5253    7224    5149    10962    6136    7857    7295    7102    8683    5972    5141    6769
5817    4164    7687    6487    8615    9546    8150    9469    4400    3914    5324    7469    5347    6585    6103    5973
9844    11568    7341    8803    8006    6861    6215    8260    10425    8105    5242    5697    3824    3716    3388    2882
4117    3914    2576    2105    5497    3061    4475    5968    8275    10763    12886    9008    6596    9077    8402    11326
5436    2349    5337    3447    5645    3614    2654    6690    5554    8921    11708    7963    6318    11872    9682    11084
14624    7875    9092    9084    5698    9273    7121    6926    4641    3385    7657    3619    3717    5414    3603    3654
6847    6471    9363    9256    12101    7485    6683    8603    3792    4081    4700    6020    4122    3662    3022    4721
12537    13684    10047    14449    10587    8951    4270    8824    4401    3192    5191    2674    5437    2819    2692    4039
