13643.333333333334    24194.666666666668    55367.666666666664    81102.0    75256.33333333333    44994.333333333336
18203.666666666668    24474.000000000004    51869.0    82315.99999999999    85732.33333333334    48347.666666666664
17727.333333333332    23617.0    50675.666666666664    84666.66666666666    82278.33333333333    40641.0
14839.333333333334    24680.666666666668    51650.66666666667    82731.33333333333    76642.66666666667    49740.33333333333
18972.333333333332    23114.0    52489.666666666664    83693.99999999999    82988.66666666667    54263.666666666664
18703.666666666664    26270.333333333332    61869.666666666664    89896.66666666666    74481.66666666667    43852.66666666667
22342.999999999996    29554.333333333332    59717.33333333332    89973.66666666666    89892.33333333334    47718.0
19309.333333333332    23726.33333333333    56204.0    85044.33333333334    73572.33333333334    41432.99999999999
17004.333333333336    24043.333333333332    53633.66666666667    83773.66666666669    79515.33333333331    43861.0
18938.666666666664    34915.00000000001    66313.33333333333    86676.00000000001    70399.33333333333    38426.0
18133.333333333332    22016.333333333332    50548.666666666664    75467.0    72275.66666666666    51109.00000000001
17715.333333333332    22319.666666666668    47773.0    75716.66666666667    68467.66666666666    40511.333333333336
20579.666666666664    24145.0    43473.0    76145.00000000001    66811.33333333334    38665.66666666667
18205.666666666664    25138.666666666664    49269.99999999999    73278.0    71242.66666666666    38174.333333333336
18608.333333333332    24514.33333333333    49697.666666666664    69538.0    68153.33333333334    41784.0
21396.333333333332    28115.333333333332    43632.00000000001    65154.333333333336    62848.000000000015    43704.66666666667
19225.333333333332    26543.333333333336    54640.33333333333    80649.33333333333    82920.33333333333    44142.666666666664
17245.333333333336    26719.666666666664    39083.99999999999    71628.66666666667    68525.0    41613.0
18215.666666666668    21372.666666666668    50447.666666666664    74154.33333333333    68728.33333333334    46937.333333333336
18895.0    21370.333333333332    50447.333333333336    89677.66666666666    76162.33333333334    52477.0
17849.333333333336    32297.999999999993    61287.0    88828.99999999999    77470.66666666667    44433.0
17716.333333333332    21836.999999999996    54227.00000000001    76357.33333333333    70455.33333333334    47665.333333333336
18706.666666666668    25390.000000000007    58618.00000000001    88894.66666666666    74461.66666666667    44552.333333333336
17852.33333333333    27013.333333333336    56515.333333333336    81094.66666666667    79106.0    51971.333333333336
16389.666666666668    22037.666666666668    50250.333333333336    80860.33333333333    77131.33333333334    46011.666666666664
20678.666666666668    28337.999999999996    63222.0    84367.6666666667    82704.66666666666    36115.666666666664
18530.666666666668    31038.33333333333    63228.66666666666    88296.66666666669    73802.00000000001    44485.0
17982.333333333332    31317.66666666666    69652.66666666667    90342.0    81698.33333333331    42772.333333333336
16797.666666666664    31879.333333333332    67297.66666666666    89514.33333333334    73370.33333333334    41852.00000000001
16703.0    29443.333333333332    69544.33333333334    83031.66666666667    73627.00000000001    39821.33333333334
18803.999999999996    24102.666666666664    66070.33333333333    79657.0    73476.33333333331    36925.666666666664
