4770.999999999999    3861.333333333333    4020.3333333333335    3499.0    3987.3333333333335    4687.666666666666    6082.0    5884.666666666667    6450.0    8492.666666666666    7300.000000000001    12172.666666666668    25488.666666666664    37689.0    54797.33333333333    50448.0    34061.666666666664    20865.0
3118.666666666667    2550.3333333333335    4043.0    4321.666666666667    4517.333333333334    4172.666666666666    5157.333333333334    4452.666666666667    8910.666666666666    7051.666666666667    8478.666666666668    17539.333333333332    28268.0    41620.0    53559.33333333333    51276.666666666664    38814.666666666664    23090.0
4521.666666666666    3845.3333333333335    4512.0    2627.3333333333335    3906.333333333333    5122.000000000001    6081.666666666666    4159.333333333334    9265.666666666666    6380.666666666667    9214.666666666666    15439.333333333334    28899.333333333332    41449.333333333336    44749.0    46351.66666666667    39526.0    23554.666666666664
5339.333333333333    4079.9999999999995    4927.0    6424.333333333333    5787.0    5370.0    5427.0    5033.0    7322.666666666667    8760.0    8060.666666666667    15006.333333333334    27522.0    39887.666666666664    46784.0    42469.666666666664    38098.33333333333    23986.0
3561.333333333333    4272.0    3871.6666666666665    5614.666666666666    3862.0    4396.0    4533.0    8239.333333333334    7327.333333333333    7908.0    12685.0    21035.000000000004    30376.666666666664    43644.666666666664    47071.0    44288.666666666664    38228.66666666667    24607.333333333332
24151.0    38824.33333333333    41145.33333333333    43640.333333333336    38741.0    29903.0    20886.0    13490.666666666664    10384.999999999998    6813.666666666666    9066.666666666666    7953.666666666667    5055.0    6789.666666666667    4896.333333333333    3574.3333333333335    4876.333333333333    4882.333333333334
20543.333333333332    23697.0    30370.999999999996    33244.333333333336    28799.000000000004    25961.0    19179.999999999996    10326.666666666666    10315.666666666668    10975.0    13006.999999999998    11919.333333333332    17535.666666666668    19790.333333333332    16606.0    13754.333333333336    14573.666666666666    18599.333333333332
4996.333333333333    5232.0    3364.333333333333    5333.999999999999    5193.333333333333    5950.333333333334    5789.0    6573.333333333333    6831.0    10957.666666666666    12054.000000000002    24839.666666666668    29332.0    37983.66666666667    40799.666666666664    37052.333333333336    26917.333333333336    30089.333333333332
20967.0    17732.666666666664    20759.0    19134.0    22538.666666666668    20702.666666666668    17127.0    13614.666666666664    10938.666666666666    8297.0    12199.999999999998    14685.333333333334    15176.0    20357.0    17939.0    19976.333333333336    17144.0    12542.333333333334
27301.333333333332    33088.66666666667    32724.333333333336    32156.333333333336    36244.333333333336    30315.0    24037.333333333336    26359.000000000004    17692.333333333332    8599.666666666666    8184.333333333333    8469.0    6643.333333333334    5668.333333333333    3887.0    4223.0    4923.333333333334    5151.666666666667
5401.666666666667    4926.666666666667    4663.0    3462.9999999999995    6415.999999999999    6969.0    6515.0    9485.0    17429.0    25458.666666666668    26928.666666666668    25585.666666666668    21779.0    19984.666666666668    29092.666666666664    28121.333333333332    23833.999999999996    23497.0
4333.666666666667    4341.0    5094.333333333333    6472.333333333333    6216.333333333333    8549.333333333332    7093.000000000001    13564.000000000002    19013.0    22358.333333333332    18597.666666666664    20152.333333333336    18953.333333333332    24006.333333333336    23882.333333333336    29037.666666666664    19199.666666666668    21639.000000000004
5056.0    5276.0    4633.0    6310.666666666667    9115.0    12711.333333333332    20752.0    19628.666666666668    17716.333333333332    16131.0    19593.333333333332    14304.666666666666    19442.0    19921.333333333336    23934.333333333332    22987.666666666668    17343.666666666664    14962.666666666666
3654.9999999999995    7009.666666666668    8743.333333333332    11597.666666666666    20105.0    16718.666666666668    17540.0    15965.666666666666    16499.666666666664    13417.666666666666    19381.666666666668    16177.000000000002    12670.333333333334    18955.333333333336    25074.0    19736.666666666668    17011.0    15050.999999999998
7278.666666666667    16445.0    15746.999999999998    18155.0    16737.666666666668    12717.666666666668    12830.333333333332    12089.333333333334    13283.000000000002    14651.0    11685.0    11949.666666666666    15375.33333333333    21369.0    19182.0    22070.0    17738.0    12992.0
15351.333333333332    16792.666666666668    15142.333333333332    12876.333333333332    16739.666666666664    15775.666666666666    13789.666666666666    15514.333333333334    13605.666666666668    12158.333333333334    12812.333333333334    14531.666666666666    13497.0    14235.0    17330.0    16542.333333333332    15695.333333333332    12461.0
18931.666666666668    17242.0    15585.0    16687.0    14729.666666666668    17015.999999999996    15021.999999999998    18381.333333333332    18398.666666666668    18695.999999999996    18601.666666666668    14657.333333333334    16642.0    20841.0    20251.999999999996    17642.333333333332    16816.333333333332    11979.333333333332
3910.6666666666665    4730.333333333333    4511.0    4609.666666666667    6577.333333333333    7070.999999999999    9467.333333333334    10031.666666666666    18710.333333333336    20892.0    20123.0    20567.333333333332    21766.333333333336    24860.333333333332    24980.666666666668    22344.666666666668    21239.666666666664    18422.333333333332
3639.6666666666665    3532.666666666666    4322.666666666666    4825.333333333333    4870.333333333333    6291.333333333334    5372.333333333334    6062.0    10371.0    15490.333333333334    23688.666666666668    28558.66666666667    24986.666666666668    25603.333333333332    29345.0    28945.666666666664    27493.0    26457.333333333336
2694.6666666666665    4903.0    5551.333333333333    4204.0    3731.333333333333    5910.666666666667    5625.333333333333    8489.0    8389.0    13136.666666666666    17185.666666666664    29913.0    35493.666666666664    32924.33333333333    34791.33333333333    36207.0    31191.333333333332    28688.333333333332
22164.666666666668    29581.333333333336    29631.0    31062.000000000004    26383.333333333332    25032.0    16130.333333333332    17023.333333333332    8364.666666666668    10839.666666666668    9396.333333333334    11787.0    12878.666666666666    14619.333333333334    15071.0    13958.666666666668    15141.333333333334    13102.333333333334
4050.0000000000005    4533.0    4767.0    3897.0    6222.0    5195.0    5239.333333333333    5886.666666666667    6504.0    8740.666666666666    13370.666666666666    19157.333333333336    28710.333333333332    42059.0    36894.333333333336    36625.33333333333    31665.666666666664    24741.0
16961.666666666668    24460.333333333332    30095.000000000004    31311.666666666668    29941.333333333332    23219.666666666668    14778.0    12031.000000000002    11016.333333333332    6131.333333333334    8152.333333333334    10835.333333333332    14381.333333333334    15052.666666666668    19014.333333333332    17506.0    17068.666666666668    8666.333333333334
4467.0    4867.333333333333    5006.666666666667    6410.0    6023.666666666667    6886.333333333333    7100.0    8891.666666666666    6076.666666666666    9877.333333333334    9505.666666666666    18603.333333333336    27889.333333333336    38503.99999999999    49613.333333333336    44520.333333333336    34890.666666666664    24419.666666666668
3144.3333333333335    3660.6666666666665    4048.666666666666    4404.0    5230.999999999999    4796.333333333333    4566.666666666666    6205.333333333334    5716.666666666667    6115.666666666667    9514.333333333334    16298.666666666666    24520.666666666668    39960.66666666667    48099.333333333336    43611.0    34280.0    28507.0
19615.333333333336    34700.666666666664    45473.333333333336    51890.0    41645.666666666664    33155.33333333333    16081.000000000002    12482.333333333334    8550.666666666668    9441.0    6745.666666666667    6866.0    4801.333333333333    4650.666666666666    4492.0    6095.666666666667    3929.0000000000005    4811.0
22409.0    32999.66666666667    44979.333333333336    53250.333333333336    42072.666666666664    31943.0    17307.333333333336    11201.666666666668    9848.666666666668    10461.0    7082.333333333334    6286.333333333333    6363.333333333334    5130.666666666666    5275.333333333333    5473.333333333333    3685.3333333333335    3612.0
16521.0    33843.666666666664    41733.0    43041.0    39583.666666666664    21708.333333333332    15025.666666666666    11388.333333333332    7951.666666666667    9059.333333333332    10538.666666666666    6131.666666666666    10342.0    14170.333333333332    17592.999999999996    15687.666666666668    10342.0    9104.333333333334
17958.0    32908.333333333336    48450.0    55935.0    46048.0    31462.333333333332    16399.333333333332    7873.0    8903.666666666666    8638.333333333334    8629.0    6499.333333333333    5074.0    4796.666666666667    4879.666666666667    5308.999999999999    5911.666666666667    5036.0
16681.333333333332    35339.666666666664    52715.333333333336    54944.666666666664    47788.666666666664    22744.333333333332    14111.666666666666    10394.0    9051.0    5660.666666666667    8418.0    6881.666666666667    5744.333333333334    4095.333333333333    4661.0    4544.666666666666    4296.666666666667    4097.666666666666
8929.666666666666    19425.333333333332    32443.333333333332    37425.333333333336    30621.333333333336    15843.333333333332    9063.333333333332    7945.666666666667    8764.666666666666    8131.666666666667    7617.666666666667    8128.666666666666    10782.0    19975.333333333332    22616.666666666664    23034.666666666668    18156.333333333332    10131.0
