32053    30354    40790    88102    97925    59159    36859    30783
39205    26963    33106    91038    104274    80552    35848    30459
33260    25255    36736    87356    103491    94862    32667    33432
40998    27470    41120    85952    103116    83590    32554    28198
34069    29598    49736    89435    98236    54680    22237    39856
52775    23172    58008    86981    108547    49666    25437    28162
31850    25264    49120    92977    95598    65733    22268    30560
27564    31439    39938    80648    118598    62883    34843    31138
36474    25860    39871    66713    94876    61806    32305    27004
32373    29570    31670    62570    88720    74263    40521    29969
31476    22531    35040    61837    94289    56184    35937    23884
29621    21286    33142    61653    73680    40499    35645    28784
30513    25951    25892    63212    85765    51473    27237    30980
25987    17148    29701    53097    65382    57048    24638    24073
22481    23023    33115    66500    72973    48721    21378    24536
28150    21646    26217    56714    58393    43117    27200    19520
31739    23435    41573    61691    74511    50153    33380    27022
30217    32820    33437    59819    75325    50284    32174    24654
31992    26861    30130    96622    87020    71218    27791    25404
21101    28768    38713    75115    82222    60679    37218    25542
32925    30368    31392    73600    95504    56720    35007    30561
30226    24962    31803    74309    95443    75411    40559    28774
26187    25489    37291    79115    99701    65317    33263    25287
31702    28034    35274    59295    89104    69284    29037    25201
31483    25390    33933    68142    89591    59551    40360    24852
30531    26538    42127    61261    94229    64572    30303    24616
25259    26309    48109    88539    92610    51739    30141    29365
31989    24283    41671    78697    74305    49736    23694    26692
26388    27264    47866    73593    92347    55559    22462    32831
35271    34534    43664    74679    89046    66961    23778    31953
33948    32233    44167    77636    82488    44807    22959    28561
