13258    11602    19292    34914    33230    36096    22419    13940    16886    15993    16487    9239    14577    16830    24566    28549    27934    23165    17476    19572
5872    5936    3641    5271    6411    6239    6280    13014    8950    7005    13424    14690    18945    25729    56868    61579    52471    55775    47732    25613
5042    5683    6226    8287    7548    6476    6101    5650    8020    11342    11900    13047    14378    29594    56548    60722    57787    48435    51669    32604
16073    25262    41910    55840    55971    45909    49156    31022    25698    12665    11803    9770    8703    7049    7655    7219    11063    7478    8084    4668
12714    18161    39124    40588    51470    47319    47089    32714    21613    18124    12786    15416    9010    7244    9003    6096    5588    6500    9902    7386
16595    37122    46898    43113    40990    40364    41307    40350    29813    18398    12760    7775    7145    8571    8513    11121    7451    5502    4350    4610
17178    24622    46973    38480    42615    46145    42201    39333    29863    12815    12784    10326    6987    6446    5887    3696    8277    5078    7901    5763
15623    22204    24704    16429    19274    20396    19640    26750    27112    13609    15019    17838    22445    30428    28947    18558    19842    23394    25666    19173
8478    4049    7640    5459    6882    6987    7214    6222    8665    15147    13346    24131    29812    33699    31172    42982    24907    30559    45429    32129
6248    4719    7138    6703    6165    5362    6328    9360    8127    15638    21337    32717    30206    32529    34389    29016    23560    33525    36221    40368
6170    7384    5014    7813    6221    9655    8117    14338    14153    20311    23403    37064    23796    23616    25835    26911    29628    26302    20173    25274
6469    7521    6567    9344    6699    5335    6923    10965    21831    28179    22409    20261    20137    26881    25581    19581    21722    20905    16985    20015
8024    7583    7363    8190    11916    8389    16367    29578    28004    25652    19151    19445    17063    20535    21247    19073    19108    23793    15507    15035
17804    21864    16695    10824    12486    11704    12900    16967    22049    12689    17333    14587    19861    16910    14992    13458    16755    9820    8331    9045
10740    11746    13909    16470    21695    11460    18029    19775    17705    15917    15047    25701    13328    15339    12992    12207    14883    17092    11713    16979
16441    15649    19557    15057    9992    15353    19511    14627    13725    13899    15271    13922    14416    12241    12813    12994    13464    8423    11392    12210
14542    11318    12233    13875    11252    12703    16722    14019    20094    22940    18914    22396    25091    26548    16498    17840    13439    16568    19004    17508
3715    5146    5342    4208    6747    7524    8595    11442    10667    15158    22546    20467    32423    28465    21700    35338    23877    27982    24994    22394
6146    6006    5525    8035    7779    7647    10136    6320    11265    10397    12837    20575    29408    34523    40321    33517    33802    36557    43464    32778
5279    5774    8949    6004    6042    6427    6111    7746    9930    8416    19660    18921    23894    30872    41826    29839    29425    36036    32587    35620
6940    6474    5301    7285    4562    8885    5592    7241    6935    13258    17333    12491    19358    27564    37006    39796    37721    44075    43953    34307
7595    8948    7276    4674    7348    5705    9135    8290    10702    9892    15700    16015    20677    28695    39360    35497    41009    54527    36025    34417
4380    7862    4214    7389    3823    5068    5376    6647    8974    8099    12726    10767    11169    26039    43846    53801    50297    48704    43773    28696
6328    5353    5784    4407    4422    3808    5554    8572    7473    7792    12267    11438    17483    28864    42646    49610    43245    44779    34323    22783
6524    5088    5672    7336    4951    7522    4756    11817    10739    11724    11995    12742    15379    19916    40799    43489    53495    36403    38058    24897
3772    7383    3262    6434    3446    6224    6058    9743    9410    13423    9036    12597    14170    28462    31070    46323    56878    46613    38438    21435
11526    17327    22552    35034    58946    42404    35502    27237    10813    15118    17390    14285    6701    11715    9641    12286    12574    9385    11241    10394
16555    17804    17947    41591    51421    54081    34494    21835    12264    13085    8726    8172    6700    5565    6570    5097    4996    7067    10282    6815
12321    16605    27480    48788    51819    58340    31460    23895    18826    14658    11040    13177    4844    7951    4093    10431    3864    4770    7452    6496
9690    19158    21891    44446    57727    52014    40506    27125    23107    17169    13829    11714    8730    6555    6756    10606    8723    6000    7215    6925
19417    16907    23493    38707    50504    53507    40049    19875    17047    11262    12898    7769    8112    5418    6899    4534    8706    9277    7175    5243
