20568.666666666664    17479.333333333332    32815.333333333336    62882.33333333333    66882.66666666667    35632.0
22034.0    18498.0    36564.66666666667    58060.0    66355.66666666667    39285.333333333336
16887.333333333336    18249.0    32768.333333333336    69374.33333333334    65656.0    39896.333333333336
20792.333333333336    22621.333333333332    43400.66666666666    60986.0    59621.333333333336    29368.33333333334
18984.0    18874.33333333333    39244.99999999999    67861.0    59621.0    32513.666666666668
23316.666666666675    21644.0    41702.0    68177.66666666666    58034.66666666667    28175.33333333333
19057.333333333336    20071.333333333332    39706.99999999999    69182.33333333333    61420.66666666666    31001.666666666668
22679.66666666666    20547.33333333333    39968.333333333336    62313.33333333332    64333.0    31936.000000000004
20021.333333333336    17370.333333333332    42162.33333333334    59024.99999999999    56030.000000000015    29082.666666666664
19885.33333333334    18455.666666666668    42115.00000000001    68318.33333333333    52698.33333333333    26532.333333333332
18200.0    20950.33333333333    32670.666666666675    54836.0    51653.33333333333    27020.666666666675
21145.666666666668    17964.333333333332    33803.666666666664    46316.666666666664    48804.333333333336    26611.666666666668
18406.333333333332    15102.333333333334    31975.666666666668    47820.666666666664    47913.33333333334    27530.666666666668
20327.666666666668    16907.666666666664    27873.33333333333    47693.99999999999    56701.333333333336    27803.33333333333
18589.666666666668    18436.333333333332    34663.66666666667    48872.333333333336    45451.33333333334    26799.000000000004
16304.0    16317.333333333336    32740.000000000004    58195.33333333334    48507.333333333336    30254.666666666668
13168.333333333332    18136.666666666664    23950.666666666664    45578.33333333333    41375.99999999999    23310.66666666667
14637.333333333332    17474.666666666664    28298.66666666667    39279.66666666667    40287.333333333336    23609.666666666668
18179.666666666664    16280.666666666666    26121.999999999996    52443.666666666664    55217.333333333336    31764.333333333332
17907.333333333332    16442.333333333332    35012.33333333333    54592.66666666667    63491.33333333333    33366.0
18211.000000000004    17847.666666666668    30860.0    56221.66666666667    62358.00000000001    33804.666666666664
23603.66666666667    20603.0    33832.0    61902.666666666664    61811.666666666664    33089.333333333336
18457.666666666668    15128.666666666668    35710.333333333336    62941.33333333333    59445.666666666664    36525.666666666664
19990.666666666668    13644.0    34116.33333333333    61148.0    57918.33333333333    41006.00000000001
21827.666666666664    15503.666666666668    32027.333333333332    67532.33333333333    64306.666666666664    38571.333333333336
21022.0    18523.333333333332    33507.66666666667    65982.66666666667    62440.99999999999    40866.333333333336
20256.333333333336    17345.999999999996    38126.666666666664    63080.333333333336    63055.0    40184.333333333336
18684.333333333332    18018.333333333332    32745.666666666664    59732.33333333333    69519.66666666666    43318.0
16524.0    16074.333333333334    39669.333333333336    61610.66666666668    69123.0    42461.666666666664
20565.33333333334    23508.666666666664    44652.0    66325.00000000001    63930.0    31809.000000000004
19323.333333333336    21042.333333333332    42965.333333333336    71266.66666666666    62989.0    36859.66666666667
