3535.3333333333335    2806.666666666667    2988.3333333333335    3534.333333333334    2979.0    4288.333333333333    3234.6666666666665    3962.0    5178.666666666667    4558.0    7929.333333333334    11264.666666666666    12973.333333333334    26544.666666666668    41918.0    46212.66666666667    31372.0    20980.333333333336
4251.333333333334    4212.0    5323.333333333333    3524.0    3471.3333333333335    4370.333333333334    5162.0    3162.0    4305.666666666666    8029.333333333333    9003.333333333334    9353.666666666666    16405.0    26863.0    46114.333333333336    42244.333333333336    31318.666666666668    13683.999999999998
2273.0    3180.6666666666665    4016.333333333333    5896.333333333333    3934.3333333333335    5170.666666666666    4227.333333333334    4188.0    5555.666666666667    8108.333333333334    7793.666666666667    8325.0    17157.0    27917.666666666664    38970.666666666664    44074.0    30533.999999999996    21508.666666666664
11473.333333333334    16311.333333333332    26513.333333333332    34835.33333333333    32780.0    21769.333333333332    21058.666666666668    9974.333333333332    7673.000000000001    7840.0    7131.666666666666    5192.666666666667    3918.333333333333    5745.333333333333    8285.0    5744.0    5636.0    4908.333333333333
10664.333333333332    15028.666666666668    28182.333333333336    33780.333333333336    27000.666666666668    21026.333333333332    17669.666666666668    8901.0    11506.666666666668    9656.333333333332    10008.333333333334    7605.666666666667    7002.333333333333    5942.333333333334    6964.666666666666    4934.333333333333    6180.333333333333    5044.666666666666
12890.666666666668    19098.0    35940.333333333336    32408.000000000004    30965.333333333336    23393.0    19420.0    12171.0    9364.333333333334    7749.0    6838.333333333333    6290.999999999999    3731.3333333333335    3586.666666666667    4192.333333333333    4582.333333333333    4299.666666666666    4129.0
12970.666666666664    22125.666666666664    32811.33333333333    30814.0    28699.666666666664    24077.0    20358.666666666664    12705.999999999998    9419.0    6515.0    5944.333333333333    6510.666666666666    5193.333333333334    4148.666666666666    5178.666666666666    4244.333333333333    4422.333333333334    4301.0
16395.0    20152.0    31302.000000000004    30340.666666666668    28579.000000000004    25656.666666666668    18761.0    13684.666666666668    9420.333333333334    8218.333333333334    6205.999999999999    5324.0    6820.333333333333    4166.333333333334    4454.0    4049.3333333333326    4111.0    4137.0
16578.333333333336    21872.333333333332    28139.999999999996    23883.0    20273.666666666668    22182.666666666668    22020.666666666664    14996.000000000002    9729.333333333332    7145.0    6270.333333333333    4902.999999999999    5555.000000000001    4080.0    3592.666666666667    3555.333333333333    3774.3333333333335    5140.0
19191.666666666664    16818.666666666668    22719.0    25768.0    23443.666666666668    23832.0    20926.333333333332    14910.333333333334    11977.333333333334    8013.666666666666    7726.666666666667    5638.0    5491.0    4962.666666666667    5588.666666666667    3689.333333333333    3629.6666666666665    3678.3333333333335
17914.666666666668    16378.0    19977.333333333332    21928.666666666664    15365.666666666668    15810.666666666668    16621.666666666664    16210.666666666666    12423.666666666666    11047.666666666666    8046.000000000001    5926.333333333334    5509.666666666667    4270.333333333333    5574.666666666666    3967.0    4174.333333333333    4184.0
10285.666666666668    9280.666666666666    12921.666666666666    16931.666666666664    15372.0    13533.666666666666    9752.666666666668    9518.0    16175.333333333336    15066.666666666668    11291.666666666666    8984.0    7609.333333333334    8953.0    7213.333333333334    8002.0    7421.0    6334.0
3398.0    4011.0000000000005    3737.0000000000005    5477.333333333333    3425.666666666667    4840.333333333333    6578.333333333333    12275.333333333334    15043.0    11591.0    15161.333333333334    11336.666666666666    10198.333333333334    16062.666666666666    19087.0    18769.666666666668    15091.333333333334    12665.0
4439.333333333334    3603.0    5768.333333333333    6491.666666666666    5818.666666666666    10570.666666666668    10725.666666666666    9745.666666666666    10843.333333333332    12217.0    11007.666666666666    10494.999999999998    12600.333333333334    14084.333333333334    20909.666666666668    18980.333333333336    14746.666666666666    14260.000000000002
5099.666666666667    4643.666666666666    9020.666666666666    11334.666666666666    8312.0    11171.0    10447.333333333334    7615.333333333333    10647.333333333334    9843.666666666668    11655.333333333334    8907.333333333332    9283.666666666668    12282.666666666668    18136.333333333332    19295.666666666668    16126.333333333334    8989.666666666666
9895.0    8666.666666666666    11550.333333333334    8268.333333333332    10791.333333333334    9395.666666666668    12278.333333333332    10206.0    10049.666666666668    9836.000000000002    8180.0    9707.666666666666    10539.0    12598.666666666668    19116.999999999996    17069.333333333332    12421.666666666666    11748.0
10073.666666666666    8352.0    8266.333333333334    10178.333333333332    5880.333333333334    4729.0    8952.666666666666    7491.333333333334    9217.0    9587.333333333334    8372.0    6345.666666666666    7066.666666666667    10456.666666666666    13222.666666666666    12981.666666666666    15021.666666666666    9325.666666666666
8958.0    8490.333333333334    7996.333333333333    10513.333333333334    8983.333333333334    5228.333333333334    5325.0    10480.666666666666    7522.333333333333    6802.666666666667    6871.999999999999    7077.666666666667    9634.666666666666    9722.666666666666    14015.999999999998    14817.333333333332    12608.666666666668    8538.0
3497.333333333333    4303.333333333334    4431.333333333333    3976.333333333333    3605.666666666667    4649.666666666667    6112.0    6120.666666666667    7861.0    11071.0    14198.666666666666    16537.0    16563.666666666668    18533.666666666668    22250.333333333332    22674.0    18787.333333333332    14834.666666666668
4039.0    3047.6666666666665    4569.666666666667    4612.000000000001    3714.6666666666665    3430.3333333333335    4374.0    5089.333333333334    5154.0    9929.666666666666    14807.666666666666    18330.333333333336    17434.333333333336    23468.333333333332    28371.666666666668    24757.333333333336    25918.333333333332    19763.666666666664
3571.0    4446.666666666667    3733.333333333333    2814.6666666666665    4693.0    4419.333333333334    3649.666666666667    4302.666666666667    3789.3333333333335    5203.666666666666    12058.333333333334    14542.333333333332    19424.999999999996    26912.666666666664    28678.666666666668    27449.333333333332    24184.999999999996    25428.333333333332
4678.333333333333    3394.0    3075.9999999999995    5234.999999999999    4433.666666666667    3376.3333333333335    5127.333333333333    5355.0    5800.666666666667    5475.333333333334    10421.666666666666    12615.0    20541.0    26384.333333333332    32173.33333333333    36988.333333333336    26126.666666666668    23640.333333333336
3681.333333333333    3521.666666666667    3274.0    4116.333333333334    4166.333333333333    3848.666666666667    3717.3333333333335    3668.6666666666665    6704.666666666667    6968.666666666666    7085.666666666667    12315.0    17628.333333333332    27134.666666666668    33853.0    36144.66666666667    30023.66666666666    20356.666666666668
4013.666666666667    4925.666666666667    3599.666666666667    3083.3333333333335    4723.666666666666    4000.3333333333335    3972.666666666667    4293.666666666666    5945.666666666667    6846.999999999999    7128.666666666667    10552.0    19421.333333333336    26086.666666666668    31568.333333333332    36407.0    32257.333333333332    18996.666666666664
3640.3333333333335    3177.0000000000005    3480.0    3958.0    5505.0    4219.333333333333    4173.333333333334    4659.333333333333    6312.333333333333    6215.333333333333    8948.0    11202.000000000002    16687.666666666664    26925.333333333332    36356.99999999999    36936.33333333333    32378.666666666668    24994.0
4211.666666666667    3481.333333333333    3854.666666666667    4154.333333333333    3798.6666666666665    6446.333333333333    4390.666666666666    4438.666666666666    4992.0    6490.333333333333    9257.000000000002    8953.0    16309.0    30399.333333333332    40487.666666666664    40874.666666666664    27460.666666666668    22343.0
2854.0    3819.0    3642.0    3930.3333333333335    5328.333333333333    6185.333333333333    3989.666666666667    5461.0    4599.333333333333    5762.333333333333    8050.333333333334    10422.999999999998    16988.666666666664    29635.666666666664    38425.0    42481.66666666667    33384.333333333336    17088.666666666668
3249.0    3005.0000000000005    3494.6666666666665    3107.9999999999995    4153.0    3220.333333333333    4415.0    4000.6666666666665    5651.666666666667    7477.333333333334    6748.333333333333    11278.666666666666    16013.333333333332    30842.0    37713.666666666664    40059.0    30837.000000000004    26751.666666666668
2641.3333333333335    3427.6666666666665    4574.0    3779.666666666667    4788.333333333334    3500.3333333333335    3961.333333333333    5099.0    4733.0    7019.333333333334    7853.333333333333    10084.0    12765.0    25930.666666666668    43118.66666666667    44908.333333333336    36405.333333333336    20873.666666666668
12702.333333333334    18309.0    38830.99999999999    42916.333333333336    41557.666666666664    27312.666666666664    13188.666666666666    5620.333333333333    8214.666666666668    8178.0    4763.333333333333    4195.333333333334    4900.666666666667    3555.3333333333335    4468.333333333334    3534.3333333333335    4646.333333333333    3895.666666666667
9719.0    10753.666666666668    19055.0    28504.333333333336    30157.0    16268.333333333334    7959.333333333334    7636.333333333334    8310.333333333334    7592.333333333333    6300.666666666667    6473.0    7866.666666666667    14981.666666666666    22161.333333333332    21778.0    15755.0    13174.333333333334
