18411.333333333332    42468.33333333334    62693.66666666668    65991.00000000001    33466.0    19415.333333333332
23490.333333333332    43555.333333333336    61357.99999999999    60407.66666666667    30735.333333333336    18702.666666666664
21182.0    47958.0    64606.0    58950.33333333334    27009.0    17481.999999999996
21240.33333333333    46785.66666666667    67822.66666666667    57548.66666666668    26785.333333333332    18828.000000000004
21079.0    39633.00000000001    68219.33333333334    62858.333333333336    30441.99999999999    18383.66666666667
19225.66666666666    43785.666666666664    66692.00000000001    53689.66666666667    27014.666666666668    20525.666666666668
19911.000000000004    43741.66666666667    69718.99999999999    58454.66666666667    25408.000000000004    19091.666666666664
17917.333333333332    39132.66666666666    64058.33333333332    62183.0    33278.666666666664    20152.666666666668
22544.33333333334    42822.99999999999    62794.0    55576.33333333333    30789.66666666667    20371.66666666667
24751.33333333334    50181.33333333334    60328.0    54560.333333333336    26185.66666666666    19326.000000000007
21520.333333333332    42371.33333333334    60360.333333333336    53403.33333333333    27412.666666666668    20143.333333333336
17728.0    41018.33333333335    46153.33333333333    53881.66666666667    31106.333333333336    19872.66666666666
18554.0    29471.999999999993    59501.333333333336    50438.666666666664    25319.333333333332    18173.666666666664
19172.33333333333    24991.0    45583.00000000001    51372.666666666664    31641.666666666668    16728.333333333332
16204.666666666668    29207.666666666668    48641.0    46181.33333333333    29816.333333333336    16788.666666666664
15750.666666666668    30412.000000000004    53469.666666666664    51110.666666666664    27869.666666666664    15774.333333333332
15550.0    28541.333333333336    45125.66666666667    42539.0    28031.0    15479.333333333332
19316.0    25289.666666666657    46177.33333333334    45700.66666666667    21702.333333333332    15157.0
22698.666666666668    38185.33333333333    61463.66666666668    55100.0    27363.33333333334    19585.666666666664
22320.333333333332    41922.333333333336    70917.0    58098.33333333334    29274.333333333332    18379.333333333336
21877.999999999996    40120.66666666667    65566.33333333334    57496.00000000001    32164.333333333336    18745.0
22275.666666666668    44656.0    64441.33333333334    65512.666666666686    30605.0    18232.0
20132.333333333325    40682.0    63662.33333333332    60285.33333333332    32808.66666666667    15965.666666666666
16540.666666666668    34124.0    61109.99999999999    60262.0    40482.333333333336    18219.333333333332
17295.333333333336    29198.0    57936.333333333336    65686.33333333333    39220.666666666664    18255.0
15216.666666666666    28392.333333333336    61420.0    60386.0    37728.33333333333    17817.0
16405.666666666668    30373.333333333332    56446.0    66318.0    48089.00000000001    22802.0
23692.0    46204.99999999999    64881.66666666667    61578.333333333336    30805.000000000004    16593.333333333336
17200.333333333336    34677.33333333333    69823.33333333333    56242.33333333332    31933.333333333332    17588.333333333336
15649.666666666664    32804.00000000001    58685.333333333336    62850.0    41452.0    17602.333333333332
18564.666666666664    35453.66666666667    63793.33333333333    67065.33333333333    42142.333333333336    17672.666666666668
