11641.0    14892.666666666668    26006.999999999996    37325.666666666664    43867.666666666664    27248.333333333332    15094.666666666666    9842.666666666666    9889.333333333334    7231.666666666667    5669.666666666667    6395.333333333332    3926.6666666666665    4271.333333333334    4787.333333333333    4840.0    4939.666666666667    4575.0
8360.666666666666    17127.333333333332    23212.0    38579.33333333333    40883.0    28009.666666666668    18138.0    11357.333333333334    7224.333333333334    9253.0    5853.666666666666    7855.666666666666    2935.0    4837.333333333333    3006.333333333333    3986.3333333333335    3845.333333333333    3785.0
10100.666666666668    16133.666666666668    24699.33333333334    37548.33333333334    38880.0    27796.666666666664    17563.666666666668    10507.999999999998    8410.666666666666    6279.333333333333    6873.333333333333    6808.000000000001    4023.333333333333    3254.0000000000005    5439.333333333333    3446.6666666666665    4247.666666666667    5174.666666666666
10461.000000000002    14649.333333333334    28301.666666666664    36040.666666666664    34391.33333333333    28914.666666666668    22954.333333333336    10330.333333333334    7768.0    8456.666666666666    5927.666666666666    5162.0    5612.333333333333    4346.333333333334    3776.666666666667    3519.6666666666665    4536.333333333333    3861.6666666666665
13345.0    16399.333333333336    26538.333333333336    36100.333333333336    32080.0    31066.666666666668    18477.999999999996    12769.0    8658.0    8577.666666666666    6752.333333333332    6301.666666666667    4234.666666666667    4436.666666666667    3777.6666666666665    3838.0    4145.0    3117.0
12237.666666666666    17908.333333333332    27903.666666666668    32277.333333333332    30795.666666666664    27166.0    18565.333333333332    13232.0    9269.333333333334    6339.0    5552.666666666667    4935.666666666667    4631.0    3829.3333333333335    3657.6666666666665    3538.3333333333335    4650.666666666666    4443.666666666667
12507.666666666666    18788.666666666664    29422.666666666668    33889.0    31686.333333333336    28968.999999999996    19204.666666666668    11544.999999999998    7661.999999999999    5336.666666666666    7403.333333333334    4368.333333333333    4159.0    4124.333333333334    3964.666666666667    4832.333333333333    3987.0    4475.333333333333
15465.333333333332    24587.0    27430.666666666668    23469.333333333332    29938.33333333333    25265.333333333332    20456.0    14555.000000000002    10904.333333333334    7428.666666666668    6440.333333333334    4589.666666666666    4496.999999999999    4144.0    5293.333333333333    4410.333333333333    3206.9999999999995    4641.0
14032.333333333332    19561.666666666668    24049.666666666664    25915.999999999996    23822.333333333336    25955.666666666664    20305.666666666668    20597.000000000004    12736.666666666666    8938.333333333334    5750.0    7065.666666666666    4639.333333333333    4467.333333333334    5020.333333333334    3843.333333333333    4148.333333333334    4049.333333333333
20191.33333333333    20986.0    21360.333333333332    24987.0    20555.333333333336    22119.666666666668    19168.333333333336    19040.999999999996    13804.333333333334    9668.0    6653.333333333333    7352.333333333334    7821.0    4370.333333333333    5218.333333333333    3591.3333333333335    4895.0    3549.666666666667
20111.0    18519.666666666664    21245.999999999996    21355.999999999996    21258.0    16128.0    16497.0    19205.0    16717.333333333332    10508.666666666668    7587.666666666667    7398.0    5965.666666666667    5024.333333333334    6618.666666666667    3636.0    4242.0    3192.3333333333335
15847.666666666664    12874.999999999998    15246.999999999998    18963.333333333336    23811.0    18132.0    12245.333333333334    12257.333333333332    18288.333333333336    13915.0    12202.333333333334    7075.333333333333    6355.0    5139.333333333332    4261.0    4385.666666666666    4591.0    4168.666666666666
12525.0    11010.666666666666    15144.333333333334    22640.333333333336    21815.0    16199.333333333334    10348.666666666666    9037.333333333332    12456.333333333332    11807.333333333332    12833.0    10953.333333333334    9269.666666666666    6298.0    4915.0    5533.666666666667    4099.333333333333    4572.666666666667
4668.0    3912.6666666666665    6026.333333333333    3910.333333333333    6442.333333333333    9390.666666666666    13908.333333333334    12238.333333333334    11121.666666666668    9423.333333333334    11106.333333333334    11286.333333333334    9046.333333333334    10873.333333333334    17127.333333333332    19651.0    18155.666666666668    11200.666666666668
4202.0    5504.666666666666    4477.0    7953.333333333334    11111.0    10677.333333333332    10293.333333333334    9389.0    10067.0    13954.0    10850.666666666666    11333.666666666666    9482.666666666666    10583.333333333332    14111.0    17484.666666666668    15036.666666666666    10328.333333333334
7174.333333333334    8303.666666666668    12556.000000000002    11423.999999999998    8835.0    11188.333333333334    11841.666666666664    8479.666666666668    10449.666666666668    6908.0    9946.333333333334    8376.666666666668    8439.666666666666    9124.666666666668    12921.333333333334    17340.666666666668    18318.333333333332    12759.000000000002
8304.0    9038.666666666666    9081.0    8850.666666666666    10160.333333333336    6133.999999999999    7267.0    7666.999999999999    7400.666666666667    7316.000000000001    10363.666666666666    10077.666666666666    6882.999999999999    9098.333333333332    14472.0    19889.000000000004    12858.666666666668    10404.666666666666
9113.0    11189.666666666666    8658.0    8806.0    8139.333333333334    5807.0    8236.999999999998    7997.999999999999    9325.333333333332    6342.666666666667    8210.0    7802.666666666667    6610.666666666666    9354.666666666666    15112.333333333334    16782.666666666664    17028.666666666664    8825.333333333332
19697.666666666668    15461.333333333334    20344.0    24833.666666666664    20480.333333333332    16575.333333333332    13651.333333333334    15026.666666666666    16700.333333333336    16713.333333333332    9108.666666666666    8051.666666666667    5812.333333333333    4958.0    4954.333333333333    3980.666666666666    4703.666666666667    3343.3333333333335
19282.333333333332    21238.333333333336    25017.666666666668    26047.0    26310.333333333336    20789.666666666664    20875.0    16428.333333333332    15843.0    10832.666666666666    6538.000000000001    4963.333333333333    5147.000000000001    4983.666666666666    4976.333333333334    4076.0    3458.666666666667    4104.333333333333
17379.0    24435.666666666668    23481.999999999996    28110.333333333332    23321.000000000004    22128.999999999996    23313.333333333336    14611.000000000002    11656.333333333334    9541.0    5772.666666666666    5866.666666666667    4963.666666666667    4944.666666666666    3940.0    4489.333333333334    4207.333333333334    3807.3333333333335
17663.333333333332    22190.333333333332    24474.0    30653.66666666667    33543.00000000001    22586.333333333332    19587.333333333332    15674.333333333332    8965.0    8366.666666666666    7235.333333333333    6962.333333333333    5387.666666666667    6399.333333333333    4172.666666666667    4470.333333333334    4177.333333333334    3213.6666666666665
8238.333333333334    12189.666666666666    16026.999999999998    20138.000000000004    26725.333333333332    20782.666666666668    15903.0    10059.0    8269.0    8225.666666666668    8504.333333333334    7494.000000000001    10015.0    15211.999999999998    12048.0    9458.666666666668    12134.333333333332    12112.333333333332
3734.6666666666665    3687.6666666666665    4000.333333333333    3690.666666666667    4616.0    4492.333333333333    4469.0    5638.999999999999    5938.333333333334    6513.333333333333    7612.333333333333    8115.999999999999    12063.666666666666    23093.666666666668    31373.000000000004    40320.0    33338.0    28040.333333333332
5068.333333333333    3431.333333333333    4664.0    2792.6666666666665    4927.666666666666    3845.3333333333335    4652.666666666666    4538.666666666667    4914.333333333334    6954.333333333333    6610.000000000001    8615.0    14140.0    21351.666666666664    36904.0    37469.333333333336    30696.0    26016.333333333336
3485.3333333333335    4188.333333333334    4241.0    5420.333333333333    4709.0    5737.666666666667    4427.0    5265.0    8346.0    12583.0    10977.666666666666    11985.666666666668    10103.333333333334    16486.333333333336    27713.999999999996    34195.666666666664    32762.333333333332    18332.666666666664
4476.666666666667    5752.333333333333    4181.666666666667    3865.333333333333    3680.6666666666665    3888.0    3572.0    4533.333333333333    5981.333333333333    8657.666666666668    6577.333333333334    10338.0    12326.333333333334    24036.000000000004    40393.333333333336    36415.666666666664    39266.0    22492.333333333332
8183.666666666668    11898.333333333332    17001.666666666664    21231.666666666668    27932.333333333336    23092.666666666668    14999.666666666664    12119.0    6325.666666666666    7619.0    6318.333333333333    6020.333333333333    7950.0    9907.0    15369.0    21021.999999999996    15569.333333333334    11195.666666666666
6492.333333333333    5753.0    11498.666666666668    15420.000000000002    18673.0    14620.333333333332    9961.000000000002    9320.333333333334    8017.0    8751.333333333334    7388.999999999999    6989.999999999999    9572.333333333334    12181.000000000002    19167.333333333332    26370.666666666668    22382.333333333332    14905.333333333334
4190.666666666667    4317.666666666667    5747.666666666667    6878.0    6349.333333333333    6556.000000000001    5422.0    6282.000000000001    3736.0    7550.0    7913.333333333333    7397.666666666667    9331.333333333332    19966.666666666668    33808.33333333333    41209.666666666664    33202.0    19184.999999999996
4227.0    3760.6666666666665    5088.666666666666    6022.0    4654.666666666667    5011.666666666667    5220.0    6538.333333333334    4347.0    6661.333333333334    9839.333333333334    8628.666666666668    10670.333333333332    20886.000000000004    37218.333333333336    45353.66666666667    40182.333333333336    20382.0
