13838    29693    63534    79477    37873    24616
12099    25754    48035    58703    44391    21529
11025    26052    45186    62285    38381    21834
13550    21740    37214    52260    33277    21009
18023    23880    47795    64318    41326    20375
18342    31791    43549    48854    39401    20592
16344    22762    36527    46464    41540    18383
14775    23262    45153    54623    38527    22188
11961    22897    37808    50214    27931    18174
15137    19479    31428    33166    27668    15678
21790    23571    37321    50615    40970    25443
15500    19311    43016    58995    35210    22654
18563    19909    41447    47224    48505    29354
16281    22544    46544    52539    49115    20447
16993    17448    35071    59446    39588    26108
9481    23273    44958    70033    41260    23297
9005    22877    41368    59593    53564    23600
13097    18325    38895    54329    46913    32584
13600    21631    39403    55475    54821    25239
18698    16844    42051    56213    53638    21271
17188    21884    50156    64027    59282    31350
