21123    18428    23952    25498    32507    22150    20103    20459    18450    7932    7134    10355    7473    4740    4760    3967
17130    15774    16222    13004    9448    17552    27144    20524    19208    14324    11289    6572    4921    6903    5931    4565
17097    13459    10842    12021    18960    8864    14085    10691    10548    14346    17379    13925    12114    9789    12398    8245
3826    2591    5203    6514    5342    8657    12780    20580    13495    15112    9516    18217    11687    16424    15377    13729
5337    4413    8237    9687    13175    19068    17110    18749    14119    19350    17049    12958    18085    13500    11497    13383
5000    6242    6711    14344    13831    19351    20773    14936    15157    12473    16909    8113    8313    8932    13350    18094
6751    4572    15899    14288    18260    12594    10961    11219    12969    13301    11176    10115    13350    9619    8296    8650
17307    17810    14382    17703    10835    15398    10149    12732    13580    7950    9640    12209    9599    7436    11040    10758
16951    20090    11142    11132    14096    14007    7696    9388    6538    9814    9785    7716    9341    8341    5457    7491
8917    8192    5212    5504    11039    6943    5428    15501    10866    7886    15104    3510    7631    7304    11379    12140
10659    8570    11258    10473    7827    14274    7882    16565    19955    16996    16530    8717    13978    12944    11055    12027
9855    6906    6537    8462    10948    10697    12971    17022    15745    16629    13911    14504    12458    11861    11645    14535
6626    8219    9200    6061    7280    14142    15726    12651    15035    19582    17124    22590    16651    11720    13539    8856
6070    5972    4505    6799    6811    10227    12599    13540    12558    18571    24134    20194    13048    16131    17499    18812
5326    3061    2996    2612    6820    5491    6167    10298    16739    14967    27719    20917    19873    15292    14928    21448
3206    5312    5214    4187    4456    9772    4471    7484    4893    10464    16792    25420    26225    25519    32295    26592
4300    3026    4721    2811    6187    7682    6913    8185    7681    15424    18150    27783    29939    29297    19604    18304
3652    5356    6012    3168    4682    4818    4114    5898    9356    14255    17188    18981    26688    21746    29534    28695
6835    3289    3519    4414    4880    4642    4963    5489    6056    11740    20173    21184    27637    26590    36474    22284
3940    4186    4838    3969    5220    3823    4580    10959    6843    6358    13618    17956    27928    29568    36369    28560
2652    5516    2572    8260    4985    6818    4958    7234    4104    7482    11643    30598    35596    45230    29606    36633
