18902.333333333332    25508.0    59750.666666666664    89657.3333333333    83490.66666666667    46491.99999999999
18942.0    31356.333333333336    60118.33333333333    83984.66666666664    78959.33333333331    43761.66666666668
18320.666666666668    21288.0    56551.0    81942.66666666667    89568.99999999999    49145.666666666664
19043.666666666664    24846.666666666668    62719.66666666667    92966.66666666667    83527.66666666667    46019.99999999999
18603.999999999996    21173.0    53982.00000000001    80783.66666666667    83880.33333333334    45616.0
18389.666666666668    24194.333333333332    51512.33333333333    94127.66666666667    78879.33333333333    46935.666666666664
17155.333333333332    20765.66666666667    45200.333333333336    69831.66666666666    82856.66666666667    47534.33333333333
19124.666666666664    26140.000000000004    60409.666666666664    94406.33333333334    80029.0    45511.33333333332
16793.666666666664    19710.0    48198.66666666667    73309.0    70171.33333333333    44456.99999999999
16560.0    24856.666666666664    52985.33333333333    73055.00000000001    75370.0    42644.333333333336
16855.666666666664    19339.0    36245.33333333333    63135.666666666664    64937.33333333333    44778.666666666664
18480.0    19756.666666666664    39073.33333333333    67850.33333333334    67565.0    42328.33333333334
18858.000000000004    20500.666666666664    39690.333333333336    67322.33333333334    64275.66666666666    45249.333333333336
18823.666666666668    19833.333333333332    42656.333333333336    69648.0    66640.33333333334    39703.0
16409.0    20307.666666666668    45239.0    68521.0    62613.66666666665    36960.333333333336
19347.333333333336    19388.333333333336    36909.333333333336    61115.00000000001    52715.0    32997.66666666667
18136.0    21672.333333333332    37390.666666666664    51953.666666666664    46229.33333333332    30327.000000000004
20673.666666666664    24057.999999999996    58268.00000000001    85095.0    76805.0    42675.666666666664
18262.666666666668    22960.666666666664    52757.666666666664    88256.66666666667    84041.66666666667    41224.33333333332
18237.333333333332    28812.000000000004    54121.33333333333    82527.66666666666    84401.66666666669    47916.999999999985
16979.666666666668    25041.333333333332    58125.66666666667    79162.33333333334    82513.66666666666    45179.33333333333
20955.666666666664    23011.333333333336    61450.66666666668    90790.33333333333    83839.00000000001    44262.66666666666
20643.333333333332    30146.666666666668    58987.66666666665    91145.33333333334    82796.33333333333    54268.99999999999
24522.666666666664    26483.666666666664    52012.666666666664    86982.33333333333    82709.33333333333    47818.33333333333
20603.333333333336    30473.666666666664    67001.33333333333    93818.66666666667    86532.99999999999    45087.33333333335
21068.666666666668    26808.33333333334    61232.33333333334    91622.66666666667    78424.0    42843.333333333336
20221.0    29741.333333333332    66036.33333333334    79275.66666666666    80197.66666666667    42622.0
17689.333333333332    28174.333333333336    71485.33333333336    87910.99999999999    77756.66666666669    47248.333333333336
19274.666666666664    32469.666666666664    67621.33333333334    85175.66666666669    81371.66666666669    41511.000000000015
19278.666666666668    20515.0    54380.33333333333    81656.33333333334    80869.33333333334    50220.666666666664
16986.333333333332    24990.0    55943.33333333333    82790.0    77103.33333333334    52662.333333333336
