15732.000000000002    26805.999999999996    43361.333333333336    44003.66666666667    42723.00000000001    34822.666666666664    26137.666666666664    12518.666666666668    8441.333333333334    8524.333333333332    8013.666666666665    6243.0    5491.0    8285.666666666668    7643.666666666667    11367.333333333334    7651.333333333333    6034.666666666666
14581.666666666666    24663.666666666668    47375.33333333333    47619.666666666664    52712.33333333333    32399.333333333336    21981.333333333336    14901.000000000002    7483.333333333332    6782.666666666666    7628.333333333333    6768.666666666666    5526.0    6543.666666666665    5599.0    5924.333333333333    4092.0    4540.0
11805.0    17006.0    29674.0    37127.0    29945.666666666668    24750.0    17081.666666666668    9735.000000000002    9467.0    8351.333333333334    8201.0    9743.333333333332    12947.666666666666    14628.0    19431.0    20875.333333333332    20138.0    15909.999999999998
14388.333333333334    30784.666666666664    44810.333333333336    52437.666666666664    42492.666666666664    43121.333333333336    23944.333333333332    13614.666666666664    10721.666666666666    7558.666666666667    7784.0    6304.0    5993.333333333333    5094.666666666667    5885.666666666666    4596.666666666667    4323.333333333333    5268.333333333333
9963.0    15276.0    23841.666666666664    26046.0    28956.0    18382.666666666664    15802.0    10304.333333333332    7180.666666666667    8527.666666666668    7181.666666666666    9874.666666666666    14366.666666666666    19600.0    22133.333333333332    27344.666666666668    19753.0    19505.0
13434.333333333332    25144.0    29171.666666666664    32710.33333333333    32081.333333333332    27583.0    20297.333333333332    10864.0    8365.666666666666    5899.000000000001    6718.0    8647.666666666666    12214.666666666668    15109.333333333332    18509.0    16383.666666666668    16977.0    13929.0
6004.333333333334    7459.333333333334    6633.0    7618.666666666668    7098.666666666667    9050.666666666666    7507.333333333334    6099.333333333333    5850.333333333332    7711.999999999999    12007.0    15782.666666666666    21099.999999999996    35312.333333333336    30913.333333333332    36141.666666666664    34522.333333333336    26531.0
26253.0    38512.0    33021.33333333333    37188.0    39026.333333333336    32015.0    27282.0    21091.333333333336    13227.0    8629.333333333332    8044.333333333334    6396.0    7038.0    6107.666666666667    4676.0    6339.333333333334    4957.666666666667    5816.666666666667
4082.6666666666665    3708.333333333333    4481.333333333333    5246.333333333334    5090.333333333333    4409.0    6821.0    6506.333333333332    6152.000000000001    7053.333333333334    13616.333333333332    21325.333333333332    28654.333333333332    31946.333333333336    29589.333333333332    33393.0    33762.666666666664    26801.666666666668
17351.666666666668    17930.333333333332    20306.666666666668    22773.0    19812.666666666668    21784.333333333332    18850.333333333332    16716.666666666664    14287.0    11576.333333333334    13110.0    11824.0    18182.333333333332    12428.000000000002    12575.666666666666    10163.666666666668    10773.333333333334    15025.333333333332
4417.666666666667    4155.333333333333    3919.333333333333    4577.0    3806.3333333333335    3937.666666666667    6281.999999999999    6037.666666666666    9401.333333333334    18564.0    19385.0    21841.333333333332    19491.0    21878.333333333332    25497.333333333336    28304.999999999996    22515.666666666668    21279.666666666668
5072.0    5190.000000000001    4597.666666666667    4185.0    5400.333333333333    4670.333333333334    8122.666666666666    14324.333333333334    18358.666666666668    18871.666666666664    20353.333333333336    20998.666666666664    17037.666666666668    24112.000000000004    21997.666666666668    21128.0    20800.333333333332    19833.333333333332
4372.333333333334    4727.666666666666    5872.0    5886.666666666666    7210.666666666667    8809.0    13641.0    19038.333333333332    16806.666666666664    18279.666666666664    16494.0    13462.333333333334    15961.666666666666    22620.0    21555.0    24754.0    20582.666666666668    15822.666666666666
6642.666666666666    5760.333333333334    5940.333333333334    9499.0    13853.999999999998    17108.0    20348.666666666668    15470.333333333334    14692.0    17875.666666666668    13156.000000000002    14385.66666666667    13284.666666666668    16045.666666666666    15558.333333333334    27176.666666666664    17339.333333333332    13167.333333333334
10024.666666666666    10498.0    11187.999999999998    14196.000000000002    14043.999999999998    12387.0    10496.0    13714.0    12398.333333333334    13939.0    11658.666666666664    14927.666666666666    13556.333333333332    15193.999999999998    16541.666666666668    21051.666666666668    17836.666666666664    16399.0
10809.333333333334    13738.666666666666    18213.666666666668    18792.333333333332    12253.666666666666    13938.0    9440.0    12970.666666666666    9466.666666666666    12897.0    9091.666666666666    10949.666666666668    10227.666666666668    11340.333333333334    11280.333333333332    11385.0    11191.666666666666    14486.333333333334
14048.333333333332    14113.0    16190.333333333334    14398.666666666666    13933.0    15280.666666666668    10077.666666666668    7944.0    12018.0    10124.666666666668    11483.666666666668    9465.333333333334    9500.0    9026.666666666666    8105.0    8830.0    10893.666666666666    10276.333333333332
27067.0    30019.0    25884.666666666668    27850.0    30188.333333333332    20456.666666666668    20439.0    24072.666666666668    17787.0    18941.000000000004    17821.333333333336    10255.0    6568.333333333334    5630.0    7957.666666666668    5372.0    4648.0    6617.666666666667
23348.333333333332    32653.333333333332    33154.66666666667    29344.333333333332    31059.333333333336    26071.666666666668    23663.333333333332    26673.0    21472.333333333332    14941.666666666666    8390.666666666668    6420.333333333333    6734.333333333334    6756.000000000001    4744.666666666667    3753.333333333333    4475.0    3847.333333333333
27391.666666666668    31793.333333333336    37724.333333333336    34883.33333333333    35843.666666666664    31558.0    23984.333333333332    20996.333333333336    16043.666666666664    7343.666666666667    7793.666666666667    7824.000000000001    4982.333333333334    8259.666666666666    5335.333333333333    5216.333333333334    4376.0    4667.333333333333
18091.0    21104.0    23910.333333333332    27667.000000000004    30760.000000000004    24297.666666666668    19323.0    14933.333333333334    13144.666666666668    8750.0    8827.666666666666    10550.0    14864.0    15971.0    15962.666666666666    12879.333333333334    14400.333333333336    11566.0
12954.666666666666    26912.999999999996    31618.333333333332    36498.0    29395.0    28401.666666666668    21484.666666666668    16857.666666666664    10022.333333333334    10524.000000000002    7497.666666666666    9273.333333333332    14349.333333333332    15518.999999999998    13313.333333333334    10975.666666666666    15550.666666666668    13161.333333333332
14581.000000000002    26060.0    33962.0    33053.66666666667    33414.0    27502.0    21106.666666666668    14231.666666666666    8895.666666666666    9200.333333333334    8034.0    7869.333333333333    14541.666666666666    17871.333333333332    19402.0    15684.666666666666    18126.666666666668    14451.666666666668
14548.333333333334    22073.333333333332    28481.666666666668    33523.333333333336    29379.666666666668    28059.666666666664    21941.0    12886.666666666666    8928.0    9370.333333333334    9646.0    9343.666666666668    9609.0    15526.333333333332    18989.333333333332    20561.666666666668    16886.333333333332    10774.666666666666
18503.666666666668    34703.333333333336    45494.333333333336    50124.33333333333    48420.666666666664    41903.333333333336    27126.0    13869.333333333334    12421.666666666668    8249.0    7262.0    6118.333333333333    4842.0    5004.0    5128.0    4038.6666666666665    4770.333333333333    5538.333333333333
14700.333333333332    24984.666666666668    45883.66666666667    48051.66666666667    48949.333333333336    34531.0    24478.333333333332    11974.0    9907.333333333332    9358.666666666666    11943.000000000002    6507.666666666667    4432.0    4728.0    5644.666666666667    4799.666666666666    6021.0    5104.333333333334
14393.666666666668    25656.666666666668    48331.666666666664    45895.666666666664    53170.333333333336    37785.66666666667    19936.666666666668    12711.666666666668    8926.333333333334    11406.333333333332    7414.333333333334    6564.0    4531.0    4472.0    4828.0    3886.9999999999995    4326.333333333334    3856.666666666667
12441.0    24975.333333333336    48983.333333333336    58982.66666666667    54905.666666666664    35252.66666666667    21683.333333333332    10119.0    7640.333333333334    8550.666666666666    6862.0    7016.666666666666    5677.666666666667    5881.333333333334    6274.333333333333    4831.333333333333    4446.0    5741.666666666666
11821.333333333334    33399.666666666664    43688.666666666664    55916.99999999999    55912.666666666664    33436.666666666664    20898.000000000004    12826.999999999998    8026.666666666666    6868.0    6737.666666666667    6982.666666666667    4682.333333333334    4414.0    4664.333333333333    6320.333333333333    5947.333333333333    4879.666666666666
6509.666666666667    8759.666666666666    19598.333333333332    21627.333333333336    20411.333333333332    20155.666666666664    12856.666666666666    6920.666666666667    7596.333333333333    9241.0    7495.333333333334    9550.666666666666    15820.000000000002    24957.333333333332    37031.0    33645.0    28369.333333333332    16375.000000000002
5267.666666666667    10879.333333333332    19860.666666666664    20955.0    22408.0    17659.0    12122.333333333332    7219.666666666667    5255.0    10685.666666666666    9220.000000000002    9371.666666666666    13196.999999999998    23442.0    32826.333333333336    40224.0    32488.000000000004    17394.0
