13612    20538    47365    58965    51151    19707
14309    29020    58204    58208    35243    30981
12170    28271    53702    64800    34243    16935
10049    25033    45510    50411    30865    17296
17223    23352    47371    52984    40142    16956
13441    24946    53957    45349    39471    17910
11234    24871    39548    41029    28331    12976
15335    24080    27304    38368    27498    19642
16254    14859    29448    40345    22512    14616
19798    29156    48509    46927    36618    27673
16715    19622    40161    54889    35136    28577
14916    24453    44936    49989    40363    17334
12868    25337    42139    49318    25717    19037
12744    17461    47714    57358    34181    17490
17811    26228    45824    57164    50595    21548
9423    34547    47420    51895    40921    14614
18892    25939    56093    42498    55225    17103
20569    24156    42458    53772    40569    24604
17767    27989    47169    59514    43802    19705
17916    32741    56770    65199    40866    19624
18485    30429    74064    75156    52380    20269
