6907    5952    3993    5310    4460    7986    4863    11762    13867    12584    25240    19551    25024    18611    25618    19610
14736    26283    18988    15281    26861    16449    25138    18801    18507    8647    7871    7586    4990    7667    3342    4818
18568    17145    11881    12710    13291    22649    19051    22818    20638    15332    8807    5913    4087    7223    5622    4386
13741    11486    14277    12939    10473    7904    17749    12619    15190    15073    16448    7990    7892    4469    5571    5343
11402    11732    11621    14692    15234    16110    14580    12839    16540    17952    17282    15948    8633    5692    2371    5400
5571    7791    10282    16753    15899    14153    11760    12561    13291    14293    14569    9048    13754    9415    9540    16394
12162    10835    10313    6063    11901    4473    11091    11191    10499    9628    9230    9814    10615    13450    6905    9819
9633    12403    6844    10055    9542    5972    8987    10225    8958    10167    8329    5434    9365    11518    13501    11294
12372    6237    4755    8665    4155    9365    9519    6751    7863    10725    11273    12757    8541    6657    4280    14119
12997    14397    10889    15038    21699    16107    21738    23498    11546    11273    8092    6054    9810    9091    6661    9791
9740    8945    13060    8136    8770    15192    17886    9809    14644    16965    11615    13655    12983    10262    14557    8881
8744    9039    9779    11368    8248    9281    11650    15356    20965    13287    13091    13748    8499    12228    11910    14798
12735    13358    11342    9413    13610    15180    14038    8738    16458    15147    9348    5979    6720    6767    8726    6857
19070    14654    13180    15281    15433    18228    11830    9727    12605    16477    10358    7822    7365    3816    6633    4469
16111    14466    11362    9275    12312    15754    15320    15870    14210    18675    16195    13626    13722    9794    8123    14355
19189    18081    22202    17527    15859    21981    21532    15764    10758    9105    5669    7104    3032    2660    3864    4493
23724    21586    23128    20910    27198    19529    20871    11971    10381    7517    5088    6101    2130    3927    6144    5545
21238    24034    22693    20013    22435    24709    14866    14966    8745    4224    5510    4547    6882    3713    3273    4280
23773    26136    20630    24715    22999    25343    19342    11712    9053    4923    6027    4513    3721    5766    4441    2852
23313    26739    23566    27761    24742    22310    23366    10697    3284    6256    9978    5735    4870    7972    5556    6971
26549    37448    28700    31831    36952    29520    22121    13663    4886    5127    6351    5980    6544    5319    4906    4886
