13109    20470    58646    79449    51303    24510
15780    26561    52085    67260    53485    26770
14091    29876    42586    54186    51522    23658
16131    28244    50463    48794    36048    21494
18867    33161    46371    57585    44007    24270
18754    22852    43846    66425    39835    23583
16695    28534    48379    54899    29406    21901
16619    26061    45626    49592    30623    20561
20961    24437    41566    40694    22041    16578
15605    20216    35568    34850    22845    13749
11164    19587    29301    39162    26007    15922
17359    28608    40992    58808    34471    17745
11514    34903    39520    55065    42411    22955
13325    29048    51251    64403    43343    24499
20413    33488    48231    54485    41252    25282
19224    31628    45553    56254    42996    18602
19795    27208    57121    56148    42548    21764
15217    34481    61055    64105    40685    21346
22839    35268    57072    66652    37318    16606
19217    27851    62714    65385    40020    23369
19305    37320    82774    69861    41874    24614
