6810    3952    5271    3260    5419    5815    7681    14750    14361    28557    19628    19851    26384    29618    28428    27702
3735    5275    6800    4806    6328    8995    12314    17266    20059    34069    22586    15234    23935    17466    24818    18255
2699    6257    4712    10148    6589    17978    17485    17058    17556    17168    18735    17392    14500    16822    16316    14504
4378    5342    5970    6001    7962    16153    12904    18797    14434    23854    16513    14562    12130    14509    14323    13342
5153    7427    4565    13036    16685    21887    13850    18848    17568    22916    17025    16773    12867    9942    11522    14197
8939    8455    9954    17971    13937    18911    20897    14157    14106    11266    15078    14857    12736    11461    11447    11123
11368    18029    15651    18026    16175    15963    14410    10672    12567    7987    10248    10966    6776    10622    12265    8089
19340    14000    11665    18798    10282    11849    11383    12312    10656    11201    7571    9051    10417    8692    13201    8664
17431    14906    10897    6196    10170    11391    11118    9724    11177    8892    8024    9193    9437    7392    12825    7504
8055    8832    9895    11362    6943    14269    10053    11651    11043    7799    4894    11039    6445    7418    4851    8284
12494    11979    12821    9840    8873    9499    10425    5150    11219    6546    8133    3407    6349    10527    7240    6641
9124    12605    13380    9760    10734    16402    18578    12579    19205    13638    9135    11831    11685    7132    9947    12248
10078    8940    8133    11731    13436    11016    16254    14803    19095    17320    16822    15272    9891    14078    11332    8167
4068    6010    2876    3573    9425    8129    9325    15056    27701    24467    17838    18578    25775    21695    17393    13960
5183    4342    4659    5502    7961    4121    8108    17224    24151    21491    21414    18318    17157    21911    24097    17512
17928    19939    22760    18647    17235    21660    27422    17097    10409    7943    8094    5682    6583    5849    3649    3360
19842    22432    23169    24130    25119    23781    19360    18134    9494    7355    6865    7522    5066    4303    4971    3041
27154    27028    17426    23622    22586    28580    21005    11907    14803    10659    7862    5824    3655    4326    6443    4009
32275    25773    24874    22829    32151    14976    20555    12056    12804    6060    7575    6979    6324    3173    2846    4505
26242    29600    28807    18058    34847    30202    17551    6172    9524    5860    5887    3770    5236    5213    7404    4183
33408    30896    30220    37136    37168    28708    16509    13287    7099    6654    3829    6601    3848    8885    5054    6446
