20682.000000000004    21410.333333333332    46804.0    66480.33333333334    65183.66666666667    31722.333333333336
20336.33333333334    23278.33333333333    50247.666666666664    68221.33333333334    51889.99999999999    31624.66666666667
12719.333333333332    17985.000000000004    19927.666666666668    27620.666666666668    27863.000000000004    17303.0
19635.666666666664    20653.0    43086.33333333334    73166.33333333336    60875.33333333334    28236.0
24100.666666666668    21297.0    46876.66666666667    73119.0    57676.666666666664    31302.666666666664
19461.0    24177.666666666664    39840.666666666664    73050.66666666667    57982.66666666665    27323.999999999996
18627.333333333336    17231.0    33335.0    55868.333333333336    62791.333333333336    28625.333333333332
18843.666666666668    18459.0    40280.66666666667    69110.33333333333    58088.333333333336    29564.999999999993
23644.000000000004    20103.666666666664    35150.666666666664    56860.66666666667    55573.666666666664    28753.666666666668
16770.0    16040.999999999998    26305.000000000004    59454.0    51670.66666666667    33859.66666666667
15540.999999999998    15759.666666666664    30264.333333333332    51631.0    52424.666666666664    31562.0
21013.333333333332    19419.333333333336    34283.0    53862.666666666664    52698.66666666666    26919.333333333336
21909.0    19486.666666666664    40385.66666666667    52098.000000000015    51405.666666666664    25896.33333333334
17262.333333333336    20208.666666666664    32277.333333333336    48942.33333333333    52794.666666666664    32357.33333333333
18210.333333333332    20683.000000000004    31429.000000000007    51749.666666666664    42995.33333333334    20527.333333333336
14773.999999999996    16844.666666666668    33384.00000000001    42953.666666666664    34293.666666666664    20523.000000000004
14875.333333333332    17297.666666666664    25836.666666666668    40121.66666666665    36733.666666666664    21938.333333333332
17643.000000000004    15668.666666666666    26481.666666666668    38304.0    28614.333333333336    19364.666666666668
18673.333333333332    19855.666666666668    37146.0    59585.666666666664    58131.0    28310.666666666668
18903.000000000004    14129.999999999998    29307.999999999993    52040.333333333336    55781.333333333336    29324.0
21170.666666666668    20234.0    48914.0    72596.66666666667    61393.66666666668    25394.000000000004
18487.0    23533.33333333334    51627.00000000001    67312.0    55161.99999999999    28543.666666666668
18407.666666666664    18803.666666666668    40141.333333333336    59619.66666666666    61437.00000000001    29737.333333333332
18676.333333333332    15230.999999999998    37003.666666666664    62328.666666666664    51647.666666666664    32294.333333333336
16428.0    15746.000000000002    31627.333333333336    57091.666666666664    57883.333333333336    33597.333333333336
19480.0    17793.333333333332    32879.0    63184.66666666667    60098.333333333336    40578.33333333333
21286.333333333336    17362.666666666668    29697.666666666668    61407.0    60739.0    37534.00000000001
17644.0    16153.0    34729.33333333333    61481.33333333333    61436.0    34066.0
21392.333333333336    21998.333333333332    46364.00000000001    77675.0    61059.666666666664    31616.66666666667
18527.666666666664    16862.666666666668    36902.0    61602.666666666664    54990.666666666664    32688.333333333336
18798.666666666664    20268.0    47287.33333333332    65450.66666666665    56174.0    34052.333333333336
