8137.666666666667    14810.333333333334    27129.0    39906.333333333336    41604.666666666664    35710.0    21322.333333333336    10034.666666666666    8524.666666666666    8904.666666666668    5919.999999999999    5697.666666666667    3334.333333333333    4652.000000000001    4641.333333333334    3904.666666666667    4742.0    3306.3333333333335
7592.000000000001    12929.0    24259.333333333332    40812.66666666667    39701.33333333333    31317.333333333332    17602.666666666664    13086.333333333332    10160.0    9215.0    9260.0    4528.333333333334    4785.333333333333    3946.666666666667    4036.333333333333    3554.0000000000005    4982.333333333334    3829.666666666666
5340.0    4813.333333333334    10104.666666666668    15293.0    17742.0    12929.333333333332    7200.000000000001    6685.666666666667    6830.666666666667    5600.333333333333    4143.666666666667    5083.333333333334    3347.0    4850.333333333333    3431.3333333333335    3736.0    3371.6666666666665    2916.333333333333
8700.0    14153.666666666668    22859.0    36171.333333333336    39457.66666666667    37389.66666666667    22200.666666666664    12230.0    9880.333333333332    7632.333333333333    7445.666666666666    4203.666666666666    3889.9999999999995    4880.333333333333    3820.6666666666665    3152.0000000000005    4130.333333333333    3455.3333333333335
10651.333333333334    17592.666666666668    26321.333333333336    32595.666666666668    40657.333333333336    31004.666666666668    22682.333333333332    13555.333333333334    9874.666666666666    7909.666666666666    7095.0    6065.999999999999    5012.0    4947.333333333334    4250.0    5427.000000000001    4766.333333333333    3964.0
9958.333333333334    16585.666666666668    24691.666666666664    30993.333333333332    37387.666666666664    29426.333333333332    20944.333333333332    14700.333333333332    9873.0    7442.666666666667    7835.666666666667    5111.0    5345.666666666667    4411.333333333333    4937.666666666667    4298.333333333334    4618.666666666667    3275.0
2935.3333333333335    2980.666666666667    3796.333333333333    3307.0    4332.666666666667    4880.0    3811.6666666666665    3831.666666666667    4896.0    6482.666666666667    6753.0    7646.000000000001    16561.0    21458.333333333332    29831.666666666668    32687.66666666667    30832.666666666668    29454.0
12399.333333333334    20952.0    24907.666666666664    27473.333333333332    26998.0    24627.666666666668    23172.333333333332    17353.0    10297.333333333334    8825.666666666666    6962.0    6248.666666666667    4295.0    3159.0000000000005    4861.333333333333    3701.0    3919.0000000000005    4194.666666666667
6896.666666666667    7613.666666666666    9483.999999999998    12407.999999999998    14860.333333333334    14270.0    7166.666666666667    7705.333333333333    8681.666666666668    6726.0    8483.333333333332    9640.999999999998    14505.666666666666    22376.333333333332    17422.0    17820.0    15506.000000000002    18519.666666666668
4572.333333333333    4064.0    3225.333333333333    4769.666666666667    4813.0    3192.3333333333335    5790.666666666667    5435.0    4751.333333333333    6652.666666666666    10587.333333333334    15120.666666666668    18499.333333333332    21141.333333333336    22106.333333333336    24844.666666666668    22127.333333333332    22406.999999999996
3438.666666666667    3795.0    4580.0    4098.666666666667    4877.666666666666    4217.333333333333    3850.6666666666665    4696.666666666666    7000.333333333334    7143.333333333334    10982.333333333332    16682.666666666668    19448.0    18017.333333333332    23459.666666666668    21496.666666666664    21189.333333333332    18208.333333333332
12159.333333333334    13569.333333333332    14306.000000000002    19179.333333333332    17671.0    18934.333333333332    17115.333333333332    11259.333333333334    14525.333333333334    16124.666666666668    12158.333333333332    10029.666666666668    5354.666666666666    6448.333333333334    5796.999999999999    4495.333333333333    5445.999999999999    3623.0
13587.999999999998    12887.333333333332    15277.666666666668    20654.666666666668    20332.666666666664    16234.0    12205.333333333334    10628.333333333332    13939.000000000002    11709.0    11533.0    12877.666666666668    7104.666666666666    7261.333333333334    7103.333333333334    5841.0    6416.666666666666    5587.666666666667
12079.333333333334    10720.0    11213.0    18938.000000000004    22560.0    14732.333333333332    11592.666666666666    12844.333333333332    9737.333333333334    13121.000000000002    9497.0    11423.0    10607.666666666666    10284.333333333334    7031.666666666666    6138.333333333334    6450.333333333333    4872.333333333333
11638.333333333334    10646.333333333332    11213.666666666666    13263.0    14682.0    15776.333333333334    11269.333333333334    8392.0    7129.0    10210.666666666666    9798.000000000002    7873.000000000001    8772.333333333334    8495.0    11367.666666666666    9762.333333333332    8086.666666666666    7219.0
6910.666666666667    10396.000000000002    9032.666666666668    15023.333333333334    16670.0    10963.666666666666    7659.666666666666    8168.666666666667    6804.333333333334    7459.999999999999    7992.0    7845.666666666666    8024.666666666667    6276.333333333334    7039.666666666666    8627.0    7408.0    10470.666666666666
9592.333333333332    8762.666666666666    9775.333333333334    14579.0    14144.333333333334    12413.333333333334    7664.333333333334    8450.333333333334    7256.0    7942.333333333333    6883.666666666667    7280.0    7065.666666666666    6497.333333333333    7354.666666666667    6914.000000000001    5813.666666666666    8414.333333333332
8209.0    6843.666666666667    8094.333333333333    15509.333333333334    12104.333333333332    10878.666666666666    8938.666666666668    4935.333333333334    8171.666666666667    6863.999999999999    7443.000000000001    6647.999999999999    5968.333333333333    7556.999999999999    5701.666666666667    7891.333333333333    7603.0    6715.0
4137.666666666666    4743.0    2990.0    3742.3333333333335    3023.0    4424.0    3957.666666666667    5856.666666666666    6006.333333333332    10437.666666666668    14985.666666666664    14568.333333333334    19174.333333333332    17795.0    29062.666666666668    25195.666666666668    28324.666666666664    23277.666666666668
3931.9999999999995    3699.3333333333335    4263.333333333334    3868.0000000000005    4038.0    4427.333333333333    3417.666666666667    4538.666666666666    4965.0    4845.333333333334    8581.666666666666    14906.666666666668    16672.333333333332    24626.333333333336    22772.0    29374.333333333336    22481.666666666668    18077.0
19163.0    19467.666666666668    22903.0    27544.000000000004    24261.666666666668    27116.333333333332    24597.333333333336    18360.0    14929.333333333334    9921.666666666666    8592.666666666666    6476.333333333333    4087.0    5903.333333333334    3311.666666666667    3889.6666666666665    4858.333333333334    4320.0
11446.333333333336    19452.333333333336    22120.666666666664    29119.666666666668    32881.333333333336    28931.0    20124.666666666668    18426.333333333332    16524.666666666668    9155.666666666668    7790.333333333332    5579.666666666667    4752.000000000001    3959.0    3305.3333333333335    4111.0    3438.3333333333335    3546.6666666666665
4643.666666666666    7236.000000000001    10685.333333333332    14382.333333333334    16905.0    15650.666666666666    8913.333333333334    5634.999999999999    9192.0    6174.666666666667    6582.666666666667    5264.000000000001    8654.0    19382.333333333332    24996.333333333332    19221.333333333332    20591.666666666668    24036.333333333332
4371.0    4151.0    2765.0    3051.3333333333335    5133.0    3428.0    4800.0    3790.6666666666665    5923.0    5291.666666666666    5900.666666666667    8156.666666666666    12873.666666666664    21089.333333333332    31303.000000000004    36346.0    33767.0    25040.666666666668
4496.333333333333    2992.0    3280.6666666666665    3243.666666666667    3954.333333333333    4957.666666666667    3518.3333333333335    4475.999999999999    4794.333333333334    5213.0    5506.333333333333    6245.0    10615.666666666666    20522.0    31942.333333333332    36293.0    33892.666666666664    26430.333333333336
4031.6666666666665    3538.0    4148.0    4422.0    4695.0    5060.0    4222.666666666667    4434.0    5286.999999999999    5709.0    7719.333333333334    8471.666666666668    11800.999999999998    22112.666666666668    30932.666666666668    40926.333333333336    36026.333333333336    30476.333333333336
4744.333333333333    3526.0000000000005    2987.9999999999995    4413.333333333334    5975.666666666667    3467.666666666667    3839.666666666667    3919.9999999999995    5482.0    6718.0    4337.333333333333    9189.666666666668    12331.666666666668    17525.666666666668    32657.333333333336    43609.0    36255.333333333336    27046.0
3706.666666666667    3597.3333333333335    3363.666666666667    2733.6666666666665    4227.0    4370.333333333334    4216.666666666666    5850.666666666667    6171.333333333333    5689.666666666666    7165.333333333334    7437.0    10628.666666666666    20036.0    37917.666666666664    39140.666666666664    34657.0    24600.333333333332
8811.333333333334    12432.666666666666    23676.666666666668    37833.33333333333    43911.666666666664    31855.666666666668    19514.333333333332    11727.666666666666    9853.666666666666    8333.666666666668    8549.333333333334    6487.333333333334    6648.0    5606.000000000001    5966.0    5779.333333333334    6428.333333333333    6691.0
2675.6666666666665    2729.3333333333335    2953.3333333333335    3146.333333333333    3545.3333333333335    3468.0    3576.3333333333335    4327.333333333333    5115.333333333333    4937.333333333333    7266.666666666667    7560.333333333333    9918.0    17938.666666666668    34748.666666666664    42056.666666666664    42249.33333333333    23361.333333333336
8414.666666666666    9881.0    25727.66666666667    35383.0    42529.0    29549.33333333333    18722.666666666668    11345.666666666668    7193.666666666667    8824.0    6533.333333333333    5854.0    5369.0    5318.666666666667    4059.3333333333335    5948.333333333333    5168.333333333334    6209.333333333332
