20261.333333333336    33909.66666666667    62715.00000000001    66033.0    34856.333333333336    22498.666666666668
19236.666666666664    38543.0    66022.0    74311.33333333333    39310.0    21349.666666666668
18443.666666666668    40253.33333333333    68779.33333333333    69019.0    37723.0    20239.999999999996
22114.999999999993    39602.333333333336    66160.66666666667    59809.0    33474.666666666664    19007.333333333336
22523.999999999996    44394.33333333333    69182.00000000001    61199.66666666668    30322.333333333336    17702.666666666668
15988.333333333334    33105.666666666664    58610.333333333336    66226.33333333333    39345.0    17288.333333333332
17088.333333333336    40641.666666666664    65308.0    70469.0    33250.0    19594.333333333332
18996.0    33164.0    70837.99999999999    70911.0    34330.0    18846.333333333332
16069.000000000002    30312.333333333332    56998.333333333336    61162.00000000001    39387.666666666664    21726.0
17814.666666666668    33990.66666666667    59940.00000000001    60403.33333333333    36333.666666666664    22071.666666666668
19501.33333333333    34047.666666666664    62037.66666666667    48932.33333333333    27585.66666666667    16457.0
17356.000000000004    35610.666666666664    54922.0    53059.00000000001    28898.666666666664    18686.333333333336
19122.333333333332    29308.66666666667    55313.666666666664    52789.0    31258.0    19199.666666666664
16851.333333333332    29564.666666666668    57038.333333333336    48788.333333333336    30043.33333333334    19886.333333333332
17793.333333333332    31875.0    52414.666666666664    54626.666666666664    30108.666666666664    18138.333333333336
17668.0    27048.33333333334    46352.66666666667    47158.99999999999    27608.666666666668    19288.999999999996
14403.666666666668    30463.000000000004    51796.33333333332    46819.0    24973.000000000004    17258.333333333332
16070.666666666668    27879.333333333336    40549.00000000001    37776.66666666667    22259.999999999996    15109.666666666668
14701.000000000002    30924.666666666668    54334.333333333336    54473.666666666664    31409.0    17824.0
15626.33333333333    35455.666666666664    61257.66666666667    62311.33333333333    42316.666666666664    17756.333333333332
17792.333333333336    36027.0    66030.0    61017.66666666667    38550.0    20016.000000000004
16866.999999999996    34208.0    56413.00000000001    63151.99999999999    36399.33333333333    19501.333333333332
17273.0    40492.66666666667    66176.66666666666    54159.333333333336    34911.666666666664    17737.333333333332
19221.0    41662.0    60008.666666666664    59870.333333333336    29678.33333333333    17283.333333333332
15370.666666666668    35511.666666666664    62858.66666666667    67035.33333333333    38013.33333333333    20015.666666666668
18424.333333333332    35970.333333333336    62562.33333333334    63127.0    36455.666666666664    19582.000000000004
17153.666666666668    33923.0    63127.33333333333    64215.0    36395.00000000001    16599.999999999996
18855.333333333336    30322.0    66604.66666666666    67817.0    38902.333333333336    20164.666666666668
17335.0    29600.333333333332    65952.33333333334    65416.333333333336    39897.33333333333    18512.333333333336
20164.000000000004    31517.000000000004    59982.666666666664    61449.666666666664    35748.33333333333    21280.333333333332
16826.333333333336    32592.666666666668    64695.33333333333    58451.33333333333    36171.666666666664    16756.666666666664
