4402.333333333334    4091.9999999999995    5454.333333333334    3040.0    5914.333333333333    5632.000000000001    4477.0    6251.000000000001    6311.666666666667    8337.333333333332    8460.666666666668    8363.333333333332    23254.333333333332    31910.333333333332    39107.333333333336    38692.666666666664    24388.666666666668    12184.666666666668
5207.666666666666    3090.0    4282.0    4321.333333333333    4321.0    6180.333333333333    4229.0    6176.333333333334    7554.666666666666    6715.333333333334    8508.666666666666    12334.0    20573.333333333336    41098.333333333336    38724.66666666667    42540.666666666664    28133.0    14782.333333333334
15167.000000000002    22926.0    26265.333333333332    25842.333333333336    25019.666666666664    14727.999999999998    11325.333333333332    8417.0    6330.333333333333    8352.0    9349.0    6856.666666666666    11174.333333333332    12307.666666666668    17495.666666666668    17165.0    8260.666666666666    7476.333333333333
16745.666666666668    29477.0    40742.66666666667    37029.666666666664    28470.333333333336    20361.333333333336    11113.0    8994.0    7167.0    6986.666666666667    5616.333333333333    4366.666666666667    4295.0    3776.333333333334    4227.666666666666    3692.0    3776.0    3331.6666666666665
17786.0    30387.333333333332    35660.333333333336    39989.333333333336    29412.0    21327.333333333332    11089.666666666666    7888.666666666667    9041.666666666666    6607.666666666667    7021.666666666667    4742.333333333333    3988.333333333333    3678.3333333333335    4456.333333333334    4817.0    3728.666666666667    3702.3333333333335
4662.0    3973.3333333333335    4969.666666666667    3507.0    3323.0    3789.666666666667    5854.666666666666    5427.0    7547.666666666667    5751.333333333333    9248.333333333332    14512.333333333332    22862.666666666668    27818.666666666664    31788.000000000004    27310.333333333332    28951.333333333332    19267.0
3692.3333333333335    3520.0    5063.666666666667    5212.000000000001    4907.666666666667    4942.666666666666    4050.333333333333    4415.0    6121.333333333333    6845.0    10633.666666666668    13532.333333333334    23805.999999999996    30711.333333333336    32997.333333333336    36161.0    29798.666666666668    19940.999999999996
4062.666666666667    2949.3333333333335    3752.3333333333335    4887.333333333334    5470.666666666666    3651.666666666666    4580.0    5436.000000000001    6933.333333333334    7240.666666666667    11061.0    17143.333333333332    27151.333333333332    30995.0    28920.33333333333    29534.666666666664    31315.0    22000.666666666668
3411.6666666666665    3832.333333333333    3971.0    4406.0    5217.333333333333    4984.999999999999    5928.666666666667    6684.0    6479.666666666666    8843.666666666666    12332.666666666668    21217.999999999996    18359.333333333332    22170.666666666664    25759.0    26114.333333333332    23460.0    22482.0
8840.333333333334    10343.666666666666    9316.666666666666    10991.333333333334    8374.333333333332    10212.000000000002    11515.666666666668    9336.333333333334    8560.666666666668    11102.666666666666    13694.666666666666    13208.666666666668    15636.666666666668    18361.333333333332    23631.999999999996    19563.666666666664    17857.0    10006.333333333332
16812.666666666668    18261.0    24811.333333333336    24719.333333333332    19300.333333333336    15072.000000000002    15813.333333333334    15343.999999999998    13803.666666666668    6950.0    6444.0    7398.666666666666    5534.0    4632.0    3269.333333333333    3387.0    2965.666666666667    4043.333333333333
11368.333333333334    11902.0    18115.0    16206.666666666666    15275.333333333332    13355.333333333334    12233.0    18692.0    14775.0    13642.333333333334    10970.0    7230.666666666666    7049.333333333334    7300.666666666666    10618.333333333332    6315.0    6340.666666666666    7143.0
3351.9999999999995    4255.333333333333    4979.333333333333    4940.666666666667    6041.333333333334    9400.333333333332    9771.0    13233.0    12850.333333333332    12632.666666666668    12899.333333333332    15696.0    11630.666666666666    19330.666666666664    20656.666666666668    22655.333333333332    12604.333333333334    10062.333333333334
5071.666666666666    4530.0    4826.0    6934.333333333333    10670.0    13648.666666666666    12664.666666666668    12921.999999999998    11081.666666666668    12535.0    13098.333333333334    11524.666666666666    11435.666666666666    14055.333333333332    15740.333333333332    17208.333333333332    13646.333333333332    10579.333333333332
3892.666666666667    6799.333333333334    9972.666666666668    14667.666666666666    11163.0    10509.666666666666    11395.0    10492.0    11911.0    9757.666666666666    9486.0    8157.666666666667    9034.333333333334    17048.0    18225.333333333336    15467.666666666668    15077.333333333332    11899.666666666666
8970.0    10305.0    9372.666666666668    7642.666666666667    9921.333333333334    10348.666666666668    10592.333333333334    7839.666666666667    9107.333333333332    8155.0    7588.666666666668    10852.0    9243.333333333334    15021.0    16806.666666666664    15514.0    9138.0    8707.333333333332
9922.999999999998    8743.333333333334    8917.333333333334    9174.333333333334    8370.333333333332    9702.333333333334    9109.666666666668    10760.666666666668    8642.0    10395.666666666668    9004.666666666666    7388.333333333334    10952.0    16496.0    16786.0    14795.0    8650.666666666668    7902.0
6617.666666666667    8595.666666666668    9376.333333333334    9236.666666666668    7526.333333333334    7754.0    9241.333333333336    8193.666666666666    5520.333333333334    7595.0    8039.666666666666    8445.0    9448.666666666666    11400.000000000002    14396.0    12555.333333333334    8291.666666666666    7411.999999999999
3913.9999999999995    3649.0    3620.3333333333335    3203.3333333333335    5387.333333333334    5106.666666666666    5188.333333333333    6176.333333333334    9692.666666666666    14721.333333333332    12710.0    14951.0    14489.0    19844.333333333332    25856.333333333332    19718.333333333336    17573.333333333336    17865.0
3834.333333333333    4383.333333333334    3084.3333333333335    3841.3333333333335    3828.0    4097.0    4704.333333333333    5638.666666666666    7170.333333333334    10020.333333333334    17620.666666666664    20332.333333333336    23023.333333333336    29263.999999999996    26843.333333333336    24492.333333333336    22357.333333333332    20188.666666666668
3485.666666666667    4442.0    3631.0    4468.0    4010.6666666666665    4520.0    5954.333333333334    6419.333333333332    5863.666666666666    7131.000000000001    13468.333333333332    21207.333333333332    24878.0    28495.333333333332    28593.0    25743.999999999996    22582.666666666668    24538.666666666668
8922.666666666666    12223.666666666668    11361.333333333334    11622.333333333334    11881.0    12389.0    9621.666666666668    5761.333333333333    6797.333333333334    6220.333333333332    10271.0    12136.0    17911.666666666668    16934.0    23821.333333333332    17803.666666666664    18017.666666666668    12844.666666666668
18937.666666666668    27270.333333333332    28017.33333333333    28503.666666666668    29976.333333333332    21639.0    14807.0    10769.333333333334    9468.333333333332    5790.666666666666    6416.666666666667    4861.333333333334    5811.666666666667    4038.6666666666665    3633.666666666667    3442.6666666666665    3502.666666666667    3863.6666666666665
18267.000000000004    21204.0    33737.33333333333    33522.333333333336    30168.33333333333    19847.0    12509.666666666666    8076.333333333332    8343.666666666668    6106.333333333334    5106.666666666667    3944.3333333333335    4201.666666666666    5473.666666666666    5340.0    3948.0    3776.9999999999995    4150.333333333333
3175.0    3705.0    4296.666666666666    4143.0    3442.6666666666665    4821.666666666667    3901.0    4407.0    6294.333333333334    6973.333333333334    7648.333333333333    13938.333333333334    21505.666666666668    32377.0    39630.00000000001    39031.666666666664    24437.333333333332    15077.333333333332
3939.9999999999995    2652.0    4217.0    4713.0    4055.0    5831.666666666666    3675.0    4443.333333333333    7517.666666666667    7179.333333333332    9190.0    12639.666666666668    23349.333333333336    33872.0    38233.66666666667    36774.333333333336    21524.666666666668    12313.999999999998
3223.666666666667    4090.666666666667    4380.666666666667    4700.666666666667    4923.666666666666    4825.0    5233.0    5227.666666666667    5277.0    8155.333333333333    6513.666666666667    14102.333333333332    20976.666666666664    31616.999999999996    35012.99999999999    34983.333333333336    24289.0    13881.666666666668
3784.6666666666665    3921.0    3361.666666666667    3653.0    4778.666666666667    3699.666666666667    5776.0    5135.666666666666    8013.666666666667    7009.000000000001    8624.0    11761.333333333332    19708.0    37015.666666666664    41299.666666666664    38024.33333333333    21660.666666666668    15439.333333333334
3602.6666666666665    3205.333333333333    3836.0    3406.333333333333    4097.0    3905.0000000000005    3336.6666666666665    5809.0    6186.666666666666    8622.666666666666    7412.0    11556.666666666666    20930.333333333332    37627.0    42074.0    36913.0    21455.000000000004    12738.333333333332
4497.666666666666    3804.0    4793.333333333334    4883.333333333333    3239.666666666667    4392.0    3954.6666666666665    5277.666666666666    5331.333333333333    6233.0    9744.666666666666    12435.0    17536.666666666664    34738.333333333336    43857.0    31126.0    23433.0    10864.666666666668
4368.666666666667    3071.6666666666665    4086.666666666667    4487.000000000001    3044.666666666667    3588.6666666666665    3647.333333333333    5389.333333333334    5603.333333333333    7382.333333333333    8573.666666666666    8976.333333333332    15553.333333333334    30711.333333333336    44677.00000000001    34805.0    25248.66666666667    12279.0
