25290    47577    92007    93921    60889    30705
25632    52071    85250    84766    69382    29335
34511    52470    102215    101819    64570    33944
27522    30942    83384    96570    62822    31291
25457    35556    76491    103976    61107    28291
20873    54269    83712    105196    47483    24356
25935    31640    79615    99228    75765    25392
19979    26910    63369    75174    63620    26100
14918    29226    72236    70210    70357    39702
25553    21290    62978    82914    55068    28750
24914    34003    90440    77788    49463    29575
17444    38222    69499    80102    54113    26716
26563    30846    65104    91511    40808    34698
20110    40718    52335    58420    48565    24503
22869    36080    66780    65697    38857    25950
16779    33854    56068    77666    44958    27250
19151    29368    33327    47976    27102    21053
20980    38118    76904    101737    56128    21206
21778    49535    107851    90969    64437    29252
28132    56463    95818    99225    57447    29778
27838    49407    92915    99790    54144    29134
24959    60790    103281    108864    69265    29810
33453    42673    95343    94740    61512    15916
22316    40543    95619    96626    66879    29903
31324    58163    91637    91198    58965    26401
22608    30328    67678    89355    60338    28195
21956    35237    70408    86303    64971    33224
28168    27023    71278    89269    74127    37319
21863    37010    65135    74479    67672    24207
22559    36204    76084    89290    66751    32077
26004    47429    94785    92737    51610    22325
