9487    20420    46136    51135    50097    46033    33469    24086    16268    10941    6489    5105    6700    3630    5663    5264    5382    4084
14727    17628    37965    51251    60133    46693    26428    26902    11468    13434    5859    6389    5418    3487    6339    5384    3012    3919
12018    31000    35978    48265    49075    51631    30050    18357    10724    14313    8434    13340    8600    16268    7218    12236    11816    10206
2916    2865    4907    3527    6211    4492    6288    6226    7678    7394    4448    17267    26106    44753    51454    51240    45534    39225
4063    3245    5157    3749    7039    5970    8975    6224    6026    9223    11642    10784    30479    45818    51332    38220    40154    42778
18295    38027    35058    42143    49997    39387    25720    21216    12375    9095    5604    8635    4422    7508    3724    2276    5424    6983
4361    2037    3818    3730    5845    5764    7649    6216    9297    5904    10476    26013    40453    40089    43625    36803    44828    40667
4322    3791    3631    2804    3097    3421    3007    10483    5944    5400    12022    25554    26963    37568    41279    21764    31428    32674
3788    6618    6483    3601    4344    4085    7840    4760    6171    6341    11051    10305    12601    21127    54682    60093    49817    22942
3658    4141    3663    3146    4262    3508    6985    8933    7534    11890    28473    35632    29265    29011    19618    25429    28143    23262
20402    17121    29315    35655    28086    17619    23544    18893    28325    22416    14259    11046    7665    5124    6096    6019    7138    7460
2942    7078    2911    6164    13838    6227    11949    32992    28501    29073    20416    19759    20757    23285    15916    15387    15606    13295
9698    30647    16998    20965    24083    18341    16339    15923    16417    18594    13511    19355    17214    14642    12601    6550    6822    10830
15724    14943    12352    11641    20290    13345    14396    17096    14843    9536    9428    9421    14553    16505    12702    15722    9970    12184
17961    13248    20320    29216    21197    17262    16799    8745    10962    8213    10173    11356    10984    12090    12975    11416    11951    11365
11174    11439    6871    7275    6823    8247    10447    9116    13108    10405    17932    16086    19930    23640    17494    28435    18777    19376
15336    12043    9937    12877    9105    8283    12629    8464    6877    11530    9920    6502    7516    6898    10140    9021    11681    9218
38555    22044    26306    25618    31159    23346    21997    21886    30243    22129    7945    10699    10194    4376    3513    5405    5663    3995
20164    23052    40039    52918    52510    36095    25930    22170    21829    18360    9465    6604    4997    7121    3789    5395    6842    6542
31105    34787    32928    37687    32236    30933    42809    38414    23473    13945    15038    6463    5478    3200    3718    7401    4495    2753
29439    32716    40527    39014    36417    33663    47844    25070    13806    7855    7335    9413    8656    5952    3407    3506    6334    2274
26994    39153    52565    45312    46057    43541    38407    27563    20386    11611    9992    4078    4725    4264    7205    6400    5080    3636
12981    27948    44945    55088    47121    37709    27799    21152    19330    8919    6583    5314    5687    2779    5600    5000    4325    5357
14282    30771    44437    49102    43886    39339    38667    12501    13571    8418    12370    7769    7295    5543    5367    4962    7246    6360
19200    40112    45186    54171    49361    38284    29188    18483    13250    7994    8099    10684    2532    3790    3828    2799    5670    5057
5021    4979    3733    2408    5127    5359    5787    6199    7744    7554    7352    7586    19222    27804    47915    52601    45244    36867
3116    4018    4103    4295    3955    6871    5637    9971    8017    9890    9560    17437    15712    33320    57127    60019    31346    27705
4280    6154    4452    6763    3247    3315    8202    5997    8321    5804    9653    10683    12027    34861    59803    60661    57757    25204
5322    3732    3790    5484    2687    5463    5523    6255    4727    6403    7236    13016    13583    18338    53365    65393    48769    21280
6486    3539    5149    6583    3303    3873    7795    4997    6424    7242    10615    11512    16147    37078    43407    60632    53157    35026
6465    5809    19573    37376    35629    26982    11582    13799    9735    10269    7388    13864    4820    15006    30765    42127    27885    15816
