18954    34425    59804    89204    54063    16952
15796    24746    47866    51017    47600    22160
12696    30270    54601    55437    33216    16640
12992    30513    49985    68370    37628    18889
15133    27869    44196    53875    32528    22383
15725    26450    52285    51599    41531    18452
16586    22358    41774    59617    31793    24178
15461    26650    35687    43339    29834    17562
12282    12543    22955    32266    29672    12150
14837    13344    37019    33624    25123    16192
14539    15555    21740    23449    19778    15984
14739    24637    45505    42572    43653    18739
16287    22891    46257    48289    38074    18421
14693    24255    46103    55302    39662    17767
16901    29483    49558    52982    35534    16609
15793    20974    49937    66667    43764    24911
17805    20510    51073    61753    45260    23144
16621    33155    51361    63570    40259    20039
17303    38874    57681    60791    39044    21103
16913    32399    69264    70805    40758    18837
22707    27285    70310    79455    36488    18026
