18631    30251    24813    27305    26991    35446    25031    23957    15423    11755    8422    5042    5007    5930    5268    4130
16598    11939    19387    14998    16061    15944    13346    17591    23921    13987    15489    6700    7306    4969    6483    4466
21730    14378    15025    16453    15894    14627    12160    16412    14206    21329    11786    9136    5722    5306    5141    3555
26320    15926    14978    18933    13651    19640    15814    15161    11855    18625    10662    11183    10225    5906    4244    5254
10478    13555    15429    13833    9528    9733    14045    12633    9567    15045    18306    15650    15522    9402    4694    8564
4646    4027    9545    14893    17434    16169    14673    20125    14210    15559    12598    13511    15000    15201    8311    10140
7317    10475    12523    14682    17826    15469    15424    13225    11485    11084    6391    14639    11604    13973    10291    9898
10575    11163    11345    11788    11473    10642    8656    8613    11665    11513    9426    9012    10545    11349    9959    10809
5522    7470    8389    5275    6180    8311    9886    8994    8784    6411    6164    10400    6026    10065    6252    7739
13553    8918    15348    11070    8766    8078    6536    11070    7190    6713    6208    8114    6540    4669    9133    8233
7534    7788    5514    9193    7730    5084    7433    3439    6373    10789    5744    5279    5539    4345    11843    7418
8794    10397    5618    8118    6852    9697    12337    16281    18323    14952    12992    12016    16447    9829    14188    13004
14635    16613    15873    13513    19414    14471    10033    7714    15881    12760    11660    11416    4544    7040    8341    6311
19824    13522    12428    10771    11972    15941    13111    15952    16218    14420    17172    12511    10205    5701    3000    5034
18591    20843    13550    14539    16225    16116    16797    16666    19054    8913    10199    6285    6269    4773    6409    5838
3075    2686    3276    5560    3133    8539    6274    8431    15111    22705    23616    25480    29568    17064    21298    26230
3637    5615    3970    3299    6209    9924    6031    10384    9855    14124    21418    20134    33198    23188    24776    23783
26311    22348    20368    25307    20946    17664    23434    17871    11498    6196    7425    5156    7180    5266    5444    2591
27571    31567    27472    18431    29358    19150    16462    12965    8324    8238    8312    2985    5972    3706    6804    7479
23326    31271    28728    25170    35125    25459    21002    13774    5387    7683    3535    4587    8493    4388    6202    4846
16698    27832    35797    27171    30592    28075    26458    14640    8121    7062    6072    4673    5792    5022    4613    5653
