43910    95881    160031    166549    133191    57150
50831    116360    147073    178492    100122    46409
49325    115697    162637    181660    114442    44408
53962    100384    169123    179022    97362    47124
50977    99994    167971    177723    106625    55211
46660    102878    166863    173232    102585    53520
43501    123752    188361    177878    108982    57907
44614    105099    187773    191204    129997    61528
50204    110381    212320    211612    110411    58795
61425    110474    182189    211750    122804    59074
44865    82201    146252    110719    78743    52667
48111    95119    189047    195736    121685    57210
49294    101606    194598    180387    133582    60970
45398    90186    176768    181344    109771    43876
55974    96442    159719    181835    114875    59020
54895    97981    161545    174646    138269    58014
51110    112506    168418    186822    107971    56707
47633    104299    169351    152702    113284    54870
44198    117226    164173    164131    99052    65203
48183    98588    171940    172643    88249    54593
53497    103591    172603    171486    74523    48572
