2520    6017    4571    5556    6726    6304    7167    7683    12902    17536    21398    36887    54790    62459    39920    17737    13480    10347    12300    15079    9364    12911    21560    48254    47998    44587    31076    18844    8466    8857    6951    7495    8162    9433    7647    3728
7705    3602    6255    3289    3549    9805    9957    7660    9663    18036    25809    37912    40765    35962    33884    29844    13213    12734    9804    9600    14662    20936    35161    38639    40671    44440    33588    20962    12763    9860    8540    7017    4121    7752    4692    6435
5489    3768    3797    9491    6239    8074    7291    12537    11166    19073    32444    30665    38138    44427    35090    30263    18087    16564    13998    13343    13326    22894    30352    39450    42315    30344    33110    29752    15236    10679    7644    7819    7466    7227    6168    4443
5439    3214    3755    5088    4180    5545    7807    11460    13705    22057    33577    33088    40188    36916    34249    47587    20243    19000    12516    11879    12838    26856    24770    24623    38191    28152    26676    23217    15221    12796    10670    6781    7491    4598    5149    7455
5199    8255    3729    2794    10973    8958    12864    11321    15790    20586    29417    30158    28672    27866    34224    36429    31789    22184    13145    15283    21302    27116    32773    31666    22224    21453    31049    21844    21522    15753    9495    9851    8418    5480    4266    4653
5764    5943    5553    4871    3974    11701    9750    8785    18625    21812    32725    26828    29491    24315    35267    31398    33923    20724    19092    13429    25912    22866    24462    26036    33906    22783    24926    26281    26176    9148    7248    9491    6799    7960    4005    3769
5338    6885    5989    6885    11536    10297    17031    17993    20622    30190    22938    19060    22259    27124    34266    23774    33507    22977    24230    31141    30340    26803    26068    27786    21331    24588    19034    25860    26067    23337    17720    13018    6740    5426    5119    7102
5592    5194    6752    11516    9874    8901    15092    26730    22285    21534    17283    20285    22614    30956    20757    24207    30396    39379    38496    32411    42007    24225    27546    21329    21853    17777    18834    22190    27331    16445    24798    16122    10742    7679    7024    4059
5727    9852    10499    13538    15867    17711    17118    22200    22186    28601    19815    23063    26651    29105    26267    23269    29683    30236    36403    37888    29793    31421    31566    22774    19331    16379    14293    15510    16478    16592    22463    20955    13650    15304    12897    8638
10572    15140    14581    14408    19153    19504    13703    16684    10123    17684    13489    19873    27953    39156    31325    25660    27518    30736    27144    22673    19808    18849    30227    28134    28655    29415    32215    15060    16491    16769    7964    14957    16579    15644    20790    19080
11956    8177    24846    14312    15876    10898    15908    8480    11303    18895    14372    15492    20087    22111    11802    13774    10272    14551    14792    10277    17511    14391    13372    18406    16702    14668    19197    15504    13234    11413    10008    12117    10708    14311    17095    8629
7323    13751    10181    19673    18766    19283    16246    16193    10675    14777    14711    15090    21159    19887    22500    35486    30060    31151    32604    36992    30588    34417    21760    26192    21091    19894    14639    13905    13670    19696    13100    15015    10986    14220    17594    13633
5446    8068    6284    8972    12280    21090    25775    20706    28667    13881    30641    18828    13692    20132    27156    20820    18595    38487    40964    37454    29234    21488    23851    19033    25845    22719    28101    14588    18106    19565    26687    15147    13704    12206    6145    6080
5529    9020    8964    5160    6742    8153    11102    19520    21674    22766    19148    20413    21363    15935    17826    24131    21882    37716    32091    34234    32801    31475    21085    20212    22513    18430    22505    25803    23995    21991    11152    10307    9633    5266    4630    2176
5159    5457    7361    4363    6969    8011    7701    14850    21215    22981    31461    25802    27032    21006    28647    27138    25993    28302    21897    21962    32505    30599    35599    32010    19241    25406    25906    25754    16695    15783    9369    6508    6999    6965    6449    8770
4398    4566    5336    5153    12178    7627    12083    6657    15607    21436    30564    29767    27523    36556    39871    29490    30690    19190    18006    14341    23024    27959    33619    34548    40605    25144    24481    21059    16305    17053    9192    6363    5696    10079    6649    12535
3417    4675    8504    6170    5514    9932    7812    7042    16919    28251    32815    33630    33576    29923    39064    33927    36394    14373    16783    20055    10951    27589    35329    38748    25780    30337    34334    26924    16430    12756    7061    5926    5922    5034    4312    7325
2636    5453    6528    6900    4879    6896    9453    6201    10175    20200    30481    42929    42592    35599    38983    31331    21407    11625    14810    11687    15668    25427    30873    24821    29293    32308    36310    16162    25406    11513    6961    4579    8962    3300    5793    3998
5013    6095    5239    3853    4473    11865    8787    8536    15095    18637    33670    31153    45748    32985    36644    31707    22863    14698    15073    15074    19483    15831    27282    37114    36999    37616    31298    21262    15100    5993    5905    7954    8321    4556    6843    5218
5882    6098    7328    8445    4117    6958    7400    6439    7349    15308    24587    34624    39605    44446    44717    24561    19548    7419    10901    12543    14325    21589    42358    35660    50946    31734    25605    12127    8091    12357    8300    8691    8899    3638    7306    4295
4856    5602    5453    7002    5544    8742    5734    5569    8599    16364    25082    36943    42795    39334    29227    26864    24952    11222    12401    9860    15293    25164    35397    37262    36778    49413    21334    15477    7538    7071    7593    8577    8253    6556    5340    5081
