18136.999999999996    24104.333333333332    52746.66666666667    75143.33333333334    76057.66666666667    47388.99999999999
17927.0    29246.0    56330.666666666664    88689.66666666667    82742.0    49235.66666666668
15059.666666666668    22431.666666666668    45156.333333333336    77700.33333333333    82983.33333333333    48568.33333333333
17611.666666666668    26350.999999999996    64341.333333333336    87390.0    85622.66666666664    47188.66666666667
17756.0    30328.66666666667    58879.0    90817.00000000001    79605.66666666666    45519.99999999999
18068.333333333332    20587.0    42286.333333333336    64663.66666666667    74861.66666666666    52623.333333333336
16367.0    23204.666666666668    50483.0    77318.0    73395.66666666667    45982.666666666664
18367.999999999996    21188.0    47648.33333333333    70277.66666666667    69847.33333333334    43057.66666666667
22128.0    25698.0    59665.00000000001    78646.33333333333    70473.66666666664    45780.0
18376.333333333336    31080.333333333343    58653.999999999985    88554.33333333334    76396.99999999999    47733.0
17250.0    22245.333333333332    44613.0    69338.66666666667    65427.99999999999    47492.666666666664
16992.0    22855.999999999993    36600.333333333336    65070.0    71571.66666666667    42709.66666666667
23259.666666666668    29924.33333333334    44577.333333333336    64742.0    63953.00000000001    44389.66666666667
18143.66666666667    22598.0    46428.00000000001    72180.33333333334    70108.33333333334    36377.333333333336
19424.0    22822.999999999996    44018.66666666667    61590.66666666667    62137.33333333334    36423.0
17430.333333333336    21764.999999999996    42698.66666666666    56545.66666666668    54165.0    37017.666666666664
19520.333333333332    22081.33333333333    46074.66666666666    54295.33333333333    50642.33333333334    32206.666666666664
20011.666666666664    20455.333333333332    41101.0    67927.66666666666    77753.33333333333    41347.0
21491.999999999996    26881.333333333336    57801.33333333334    84894.00000000001    86503.33333333331    47621.0
18682.666666666664    25758.66666666667    49018.99999999999    80116.33333333333    80324.66666666666    41197.666666666664
17452.0    31582.666666666664    61150.00000000001    97287.66666666666    79015.66666666666    42300.666666666664
21170.666666666664    27106.666666666664    54746.999999999985    86952.0    81597.66666666667    49007.333333333336
14569.666666666664    18602.0    42649.333333333336    75660.0    74830.33333333334    51910.333333333336
14462.333333333332    24340.666666666664    50878.0    78449.66666666666    83850.66666666667    44537.333333333336
17957.333333333336    22467.333333333336    51356.333333333336    74304.33333333334    74786.66666666667    50946.33333333333
20224.33333333334    29522.33333333334    66856.0    93770.33333333334    78883.33333333333    39043.66666666666
18624.333333333332    29721.666666666675    48593.00000000001    82304.66666666666    78641.33333333333    43978.666666666664
13334.0    20041.999999999996    48346.00000000001    72815.0    74456.0    39599.0
17029.333333333332    20038.0    46919.333333333336    74934.0    79956.66666666667    49468.666666666664
15320.333333333332    21743.0    45014.333333333336    70027.66666666667    76686.0    52251.66666666667
17239.666666666668    20918.666666666668    50053.666666666664    80007.0    73661.0    45964.333333333336
