8131.666666666667    9196.0    11564.0    15843.333333333332    17511.0    14525.333333333334    9572.0    9076.333333333334    5266.666666666667    8138.333333333333    7070.000000000001    7594.0    13014.666666666666    27774.666666666668    33516.0    38675.0    33824.99999999999    23284.0
11725.333333333332    19148.666666666668    31642.666666666668    36801.666666666664    39481.0    34239.33333333333    17837.666666666668    15449.666666666666    6513.333333333334    9174.0    8119.999999999999    7548.333333333333    10199.333333333334    11545.666666666666    18432.666666666668    19939.666666666668    14310.0    12062.0
3624.0    4166.0    3898.9999999999995    4815.0    5323.666666666666    4354.666666666667    4374.0    5587.333333333333    5483.0    7426.333333333334    8587.333333333332    12061.666666666666    18394.666666666664    33947.0    47231.33333333333    51126.666666666664    42157.0    29340.999999999996
18385.333333333332    26347.0    40681.0    50358.0    45919.33333333333    39803.0    23727.0    16729.333333333336    9687.0    9590.0    8538.0    6911.666666666667    5943.0    6230.666666666666    5549.666666666666    4629.333333333333    5008.999999999999    4467.0
13620.0    20006.333333333332    25229.333333333336    34887.333333333336    29861.666666666664    23440.666666666664    16772.333333333332    14392.333333333334    11358.666666666668    8528.333333333332    10073.0    8303.333333333334    15069.666666666668    17246.666666666664    20143.0    21179.0    17625.0    15169.666666666668
7208.666666666666    7063.333333333333    16154.333333333332    11751.666666666666    19871.333333333336    13661.333333333332    11827.333333333332    8912.666666666668    6440.333333333334    8985.0    8274.333333333332    14301.000000000002    21202.666666666668    23354.666666666668    24100.000000000004    25268.999999999996    21366.0    23346.666666666664
8217.333333333334    10549.333333333334    12554.666666666668    19323.333333333332    13681.333333333334    13156.0    12177.666666666666    8659.0    8974.333333333332    7841.666666666667    10360.666666666666    10556.333333333334    21400.666666666668    26102.0    26282.333333333332    26853.666666666668    26642.0    23418.666666666668
7615.333333333334    7449.666666666665    6790.333333333334    5740.333333333333    7336.0    6370.666666666667    8086.0    11485.333333333334    7708.0    12139.666666666668    8079.0    19005.0    18071.333333333336    25239.333333333336    31297.0    31756.333333333332    28930.666666666668    27286.999999999996
16841.333333333332    16290.333333333334    24480.999999999996    19864.666666666668    19736.666666666668    18161.000000000004    19450.0    18884.0    12617.0    12255.333333333332    10424.666666666666    17007.333333333336    15409.666666666666    17692.0    19087.0    13670.333333333334    14367.666666666666    16151.0
29404.66666666667    28157.66666666667    26790.666666666668    30753.333333333332    29285.666666666664    31978.333333333332    21863.0    26032.666666666668    22819.666666666664    16549.666666666668    12585.0    7507.0    6228.666666666667    6181.333333333333    6939.0    7759.333333333334    4456.333333333333    5503.0
3434.0000000000005    5256.666666666666    4743.0    4879.0    6549.333333333333    5804.666666666666    7386.333333333333    8057.666666666667    12353.666666666666    18089.333333333332    20635.333333333332    26796.333333333332    21479.666666666668    23166.666666666668    22981.0    26392.0    25165.333333333332    23197.666666666668
4018.0    4533.333333333333    3969.6666666666665    5085.666666666666    6281.0    4808.333333333334    8533.333333333334    12903.333333333334    16217.666666666666    22496.0    21124.666666666664    17187.333333333336    20708.666666666668    19691.666666666664    26748.666666666668    23460.333333333332    21099.0    16933.0
15966.000000000002    11915.333333333336    10530.666666666668    12605.0    11822.333333333332    15829.000000000002    13411.333333333334    13960.999999999998    14076.666666666668    16479.666666666668    19840.333333333332    20560.666666666668    18408.0    14642.999999999998    16614.333333333332    18316.333333333332    14845.666666666666    11020.666666666666
7092.333333333333    11768.333333333334    15581.0    19523.0    21722.666666666664    20797.0    16810.0    15540.333333333334    14660.666666666668    17086.0    13092.666666666666    16934.0    15555.666666666668    14152.666666666668    13809.999999999998    13030.333333333334    8436.666666666666    10242.333333333332
11183.333333333332    11115.666666666666    14409.666666666668    15396.333333333334    13883.333333333332    11715.333333333334    13094.666666666664    16268.333333333334    15211.333333333332    10421.0    13513.999999999998    11718.333333333332    12653.666666666666    14128.333333333334    15316.333333333336    18142.666666666668    15936.333333333334    12308.0
12784.333333333332    13000.333333333332    18632.666666666664    20458.333333333336    17383.666666666668    15896.333333333334    12277.666666666666    10776.666666666666    11650.333333333334    10311.333333333334    9742.0    10980.333333333334    9559.0    10275.666666666668    8648.0    10563.666666666666    13815.0    12867.0
14874.666666666666    10822.333333333334    14139.0    20886.0    20828.666666666668    13260.333333333334    13876.666666666666    11149.0    9742.666666666666    9524.333333333334    12573.666666666666    13451.666666666666    9544.666666666666    9322.0    11103.333333333334    8802.666666666666    10688.333333333332    10230.666666666666
3962.666666666667    4966.666666666666    6136.333333333333    4462.0    4359.0    5117.666666666666    8759.0    8343.666666666666    8810.0    16690.333333333332    28004.666666666668    24920.666666666664    20487.333333333336    24731.333333333336    23722.0    30065.666666666664    25364.000000000004    19693.0
29546.333333333336    26811.666666666668    30997.0    32857.0    28366.999999999996    31461.999999999996    32835.0    23761.666666666668    23256.333333333332    13505.000000000002    8108.333333333334    6800.333333333334    7278.999999999999    6923.000000000001    5345.333333333333    7128.333333333333    4787.999999999999    5421.666666666666
12045.333333333332    20454.333333333336    16720.666666666668    13516.666666666668    19057.0    16930.333333333336    14672.333333333334    19417.333333333336    12883.666666666666    8444.333333333334    11314.666666666668    13015.333333333334    17710.666666666664    17921.333333333332    22131.0    19788.0    17434.333333333332    21641.666666666668
25209.0    34954.66666666667    37323.66666666667    41627.666666666664    36762.0    33489.66666666667    30025.333333333332    22748.0    13018.000000000002    8423.333333333332    9016.333333333334    5587.999999999999    6592.666666666667    5244.0    4326.0    4960.0    4693.666666666666    4786.666666666667
16130.333333333332    24115.666666666664    32961.0    34890.0    37210.666666666664    29844.333333333336    22353.333333333332    14739.666666666666    9933.333333333334    6917.666666666667    6734.666666666666    10637.666666666668    9507.333333333334    10602.333333333334    13098.333333333332    16706.333333333336    12571.333333333332    11627.333333333334
4149.0    4272.0    4185.0    4681.333333333333    5127.666666666667    5612.666666666667    6152.666666666666    6170.0    8108.999999999999    6452.000000000001    6771.0    12353.666666666666    22003.333333333336    34466.00000000001    36232.66666666667    42615.333333333336    37076.333333333336    31792.000000000004
3356.0    3050.666666666667    4261.0    4279.0    4304.666666666667    3760.666666666667    4948.666666666666    5728.666666666666    6408.666666666667    7546.999999999999    8517.666666666666    11285.666666666668    24994.333333333332    30389.999999999996    47794.00000000001    50674.0    41470.333333333336    33747.666666666664
3829.0    3410.666666666667    3642.9999999999995    4042.0000000000005    5898.666666666667    4739.333333333333    6637.000000000001    4605.333333333333    6285.000000000001    9519.0    9091.666666666668    11484.333333333334    17415.0    30612.666666666668    48068.333333333336    51291.00000000001    41546.666666666664    29699.666666666668
16109.0    25818.666666666668    44338.33333333333    50755.0    48138.333333333336    36451.333333333336    28286.666666666668    14646.666666666666    9059.333333333332    6547.0    7363.666666666667    6660.0    7777.666666666667    5540.0    4050.9999999999995    6697.666666666667    5193.333333333334    4866.333333333334
6007.666666666667    8744.666666666668    13871.666666666666    18602.333333333332    20008.333333333336    16260.666666666668    9961.666666666668    7343.666666666668    7824.333333333334    7842.333333333333    11994.0    8694.666666666666    15014.666666666666    24306.0    35251.333333333336    38148.66666666667    31111.0    20876.0
3988.3333333333335    2458.333333333333    3706.3333333333335    3775.3333333333335    3530.0    4275.333333333334    4942.333333333334    4944.333333333333    6106.333333333334    7424.333333333333    8891.0    7891.000000000001    14223.666666666666    27569.999999999996    43267.0    45508.66666666667    46255.0    29834.666666666668
4189.666666666667    3471.0000000000005    3644.666666666667    4779.666666666667    4484.0    5104.666666666667    5967.0    4802.333333333333    6442.333333333333    8376.333333333334    9630.666666666666    10593.666666666668    12425.999999999998    30038.0    47743.333333333336    50032.333333333336    47519.666666666664    29100.666666666668
5308.333333333333    4074.0000000000005    5300.666666666667    4925.0    3245.0    3691.0000000000005    5244.666666666667    4565.333333333333    6345.333333333333    5744.666666666666    8044.333333333333    10578.666666666666    15884.666666666666    26806.666666666668    46618.99999999999    51536.00000000001    44778.333333333336    28351.333333333332
3954.6666666666665    5172.333333333333    4394.666666666666    3348.666666666667    5301.666666666666    4298.666666666667    4783.666666666667    6414.0    7491.666666666666    8920.666666666668    9326.333333333332    9713.0    10394.333333333334    26874.0    47334.0    55372.99999999999    42770.00000000001    31979.0
