35683    33097    40368    80885    90762    75492    28569    28328
31182    31560    34272    81139    103338    68176    29155    25508
26507    28604    31029    77399    82762    72339    36081    30752
38760    30467    47547    79114    85523    87122    43694    27421
33669    32011    39873    80863    96377    78431    32084    31496
33728    29845    49343    112621    116524    76632    34237    34258
37892    36213    45608    79076    113228    66862    37343    36733
28736    29488    45032    74974    75315    70485    33276    32004
43179    26448    40159    69629    83695    89438    42158    26537
38780    24303    43372    92521    92496    66861    32088    36796
32260    29034    50497    89351    108637    65137    32634    27847
33290    33886    53489    71718    75887    77315    39461    31555
22681    29390    38792    69725    97836    60773    39843    24419
31082    16601    33272    65691    90764    72138    35233    27149
29979    24337    33110    68323    94777    58581    26865    33103
22714    29693    38459    56225    68490    47778    29321    26067
30216    23088    33948    69025    97713    53416    33825    31086
28683    26218    40271    69818    103103    65870    36129    27787
32661    28137    28250    78494    114853    78947    31613    24166
36624    28946    35954    92330    114731    81959    34235    32413
35533    23425    44670    86665    123044    76432    36151    29233
31587    35323    44743    103805    103505    87348    25506    26343
37804    35193    58970    88663    93227    75439    37906    21921
31164    27070    38336    91672    98802    70954    33765    27747
41006    26197    53947    81474    89407    66476    30678    33360
37735    33289    48215    83014    84719    73297    29693    38721
36785    33101    45077    77057    96325    77326    36073    24381
35653    25128    41218    77912    79814    71479    36982    25303
39234    28458    51047    93175    87220    68750    31918    29718
31634    26197    42075    88072    77056    64150    26935    28571
36861    28202    45417    78200    90167    56260    30116    29940
