10817    10216    31987    40417    59657    63163    40709    33746    24102    24238    13517    5301    8465    6063    5571    9625    7592    5396    6850    5752
6397    9293    14298    20793    21343    18743    19241    12488    13808    7160    12290    13095    13121    21452    28461    43649    32942    47681    23383    24692
9463    8058    4118    5626    6876    4896    8579    5169    18009    6889    7321    14178    9191    15403    25073    62175    63825    49594    38695    22335
4762    6670    3767    6812    3980    7138    8966    5996    6364    8369    10751    15506    19050    24085    55638    59129    63336    53705    36631    38993
18089    22612    35340    50638    53575    42495    51007    30661    19937    21286    13964    11443    6756    7019    8202    5911    9890    5795    4263    5921
18984    27074    44605    52139    56139    48040    53329    34549    38524    16846    17639    9909    8734    9210    13574    7850    5823    7699    9306    7215
15037    24042    41127    51719    39707    47180    46862    49204    31495    21490    9790    15294    8639    10933    6800    9667    5019    4276    6168    8506
15282    15440    18251    42005    59824    63225    38064    21725    21313    15729    15923    5195    6972    4636    10508    9235    7065    7723    4505    6690
26362    26488    25628    19191    18752    22036    17785    24127    25401    23978    21691    14681    22569    14129    22695    16812    19532    19636    19485    20265
25954    29801    23926    40529    47560    44871    35541    36456    27845    28806    15378    9686    11983    6998    8103    5357    8617    7167    5768    6871
31232    37878    37145    26239    30553    29939    27705    34895    23827    23960    31232    17271    9366    16765    8564    14122    9181    5954    9352    10217
17954    21773    12432    33254    61239    71379    41677    31470    28528    17176    14349    13154    5021    3899    7302    5835    7701    8628    6169    7661
4636    8938    10673    7835    6404    13518    20185    20311    28691    18153    17914    23164    19825    22576    21788    29471    41015    23069    26382    18911
7556    5829    8058    8601    8956    13780    13910    15226    14878    9088    15212    13650    15819    18923    20504    41367    49307    49113    24721    17432
10658    13152    26433    33128    23096    23034    19272    21140    19380    11349    16431    14622    17176    13513    25489    16127    18457    16760    12635    17223
18749    18999    16964    16419    18213    17168    17755    19520    16551    17667    15890    17755    13984    15051    15440    18392    9055    13826    10917    10432
9410    14672    14389    11328    10272    17816    10853    15197    14291    14376    18135    31413    23688    23792    25517    15612    22744    26936    28007    23869
7710    7348    7692    6536    5070    6938    5854    8919    14269    17856    18354    23545    40970    38240    27955    31455    29968    26829    39129    33242
3829    3721    7729    4979    7540    7002    11898    9099    13260    8859    11287    25924    29708    37683    43199    31463    41715    31440    44009    42777
4259    5992    4129    4010    5053    6046    5668    8920    8749    9930    12122    14829    30700    45630    38443    56445    51672    41423    46913    56259
10072    16151    27684    40833    42605    39075    49366    31703    23211    15797    12856    12241    10724    9770    16466    23261    16542    17734    22385    16677
13842    21392    31872    53134    59428    48363    50529    47968    32441    17674    11032    15537    7916    5456    4535    6748    6051    5683    7089    11470
15792    15104    36344    42912    57695    65912    53020    35528    28712    14917    11373    12627    9809    7348    9186    5666    9889    6347    4731    6211
12658    14815    33215    40260    60341    51655    45666    38998    21079    15662    11759    10585    8482    11865    5545    9054    10042    3930    6748    7151
17810    18446    22139    41005    57082    63571    37069    31561    22555    23709    12733    11481    7990    11837    8723    5826    5568    6544    6591    10305
15507    17067    18533    35253    63578    67204    48229    25396    22340    20521    21808    12357    9726    9223    9413    7421    4970    5065    4276    10796
11770    17112    24264    51517    52677    61371    42120    35469    18565    18105    13846    9186    15427    10118    8856    8289    5483    8621    4992    8337
11737    22525    16708    41420    65954    50451    43467    18130    21371    18844    15630    8981    7275    5572    7093    7680    9351    6842    7999    6459
15914    15725    29326    33883    59701    63068    55284    29266    23422    18481    12149    14171    4577    10353    9062    5852    6180    6298    8728    8080
13958    14420    15317    42769    48641    58871    49482    24622    17442    14666    13612    7423    6368    9085    4931    7307    8576    9304    10166    7730
10159    15568    19226    42876    62340    59521    45293    31999    18273    13124    13523    5105    8251    5365    4398    10349    9415    6225    7414    6739
