14797.0    28264.333333333336    53596.66666666667    58670.333333333336    37556.333333333336    14814.333333333336
15723.333333333334    29273.666666666668    48301.333333333336    51020.333333333336    34911.0    16053.999999999998
15086.666666666664    26560.666666666668    47732.333333333336    62168.33333333333    36665.666666666664    15760.333333333334
14743.666666666668    29695.333333333332    51043.666666666664    61227.0    36551.0    16533.666666666668
18851.66666666667    31145.000000000004    55915.0    57463.66666666667    35370.33333333333    17380.666666666664
16077.666666666668    29711.666666666664    55029.33333333334    52476.0    35745.33333333333    18841.0
19797.333333333332    27117.666666666668    50577.33333333333    54054.666666666664    30245.333333333336    16006.333333333334
18145.666666666668    31199.666666666668    52489.33333333333    62150.99999999999    33377.66666666667    17059.666666666664
16767.333333333332    32556.0    48301.333333333336    54355.0    30774.66666666667    17964.666666666668
19420.0    28676.666666666668    47474.0    47301.666666666664    29123.666666666664    16651.666666666668
19976.333333333336    32105.0    48067.333333333336    53691.00000000001    35725.333333333336    17773.666666666668
16559.0    27299.999999999996    45889.66666666667    43105.00000000001    28589.000000000007    17671.0
17694.333333333332    25477.333333333336    43587.66666666667    45639.666666666664    27692.333333333332    17776.333333333332
19828.000000000004    31085.999999999996    50734.33333333333    44090.333333333336    26517.333333333336    16745.666666666668
19967.666666666664    31765.333333333336    46577.666666666664    44252.99999999999    26140.333333333332    17887.0
20565.666666666668    24470.666666666668    42558.33333333333    37280.99999999999    24289.666666666668    18862.33333333333
16725.0    25829.33333333334    32490.999999999996    36261.66666666667    24708.000000000004    15599.333333333332
23191.666666666664    39034.66666666666    60858.66666666666    55334.666666666664    23713.666666666664    19006.000000000004
17946.666666666668    38877.33333333334    64898.66666666667    55868.66666666666    36156.333333333336    17261.333333333336
18923.333333333332    29351.333333333336    55631.666666666664    61004.333333333336    34683.333333333336    17516.0
16531.666666666668    27852.333333333332    55215.333333333336    57575.33333333333    35621.33333333333    16785.0
13697.333333333334    28860.333333333332    59416.00000000001    66692.33333333333    34979.666666666664    17751.666666666664
18606.333333333336    29283.999999999996    53568.333333333336    62481.66666666667    37471.66666666667    20758.666666666668
15884.333333333332    29863.666666666664    59087.33333333333    55859.00000000001    31543.0    17715.666666666668
23609.666666666668    39602.99999999999    61177.99999999999    64327.99999999999    33901.666666666664    19423.333333333332
19242.666666666668    30267.0    61419.333333333336    61123.33333333334    38770.33333333333    22008.333333333332
16407.333333333332    31156.666666666664    53932.33333333333    67900.0    41274.333333333336    17969.999999999996
22470.33333333333    36921.333333333336    66425.66666666667    57504.333333333336    33138.33333333333    23481.333333333336
21190.333333333332    41017.00000000001    61152.0    57825.666666666664    31461.000000000004    17467.333333333332
22036.999999999996    43955.33333333332    65027.0    58559.33333333333    30524.333333333332    20794.66666666667
22702.666666666668    39282.66666666667    64626.33333333333    59287.99999999999    30087.66666666667    16807.999999999996
