4106.666666666666    3633.666666666667    3336.6666666666665    3684.0000000000005    4989.0    2976.0    4464.0    3616.0    5699.666666666667    5920.333333333334    5136.0    6967.333333333334    8353.666666666666    19948.333333333332    27782.666666666664    36358.0    35983.333333333336    24743.666666666668
3698.6666666666665    3032.6666666666665    3411.333333333333    3479.0    4095.6666666666665    3010.3333333333335    3900.9999999999995    4818.666666666667    4294.666666666666    5872.666666666667    5437.666666666666    7222.666666666667    9802.999999999998    20578.333333333332    29393.0    31908.000000000004    30419.0    20907.333333333336
3464.0    3293.0    3178.0    3397.666666666667    3096.0    3087.0    3525.0    4859.333333333333    5009.333333333334    7124.333333333333    5919.0    6863.333333333334    11216.999999999998    20456.333333333332    29425.333333333332    32460.0    34235.0    23364.333333333336
3341.3333333333335    3833.6666666666665    3634.6666666666665    4196.0    3864.666666666666    3248.6666666666665    3191.666666666667    3749.0    4504.333333333333    7129.666666666667    7716.0    6631.000000000001    13689.666666666666    18094.333333333336    25269.0    37628.66666666667    31821.333333333336    28250.666666666668
3615.666666666667    2934.6666666666665    4652.0    4092.6666666666674    3691.3333333333335    3593.9999999999995    4959.0    6120.333333333333    4526.0    6655.0    6490.333333333333    7618.0    14643.333333333332    20158.666666666664    27501.666666666668    29375.333333333336    37583.0    27915.333333333332
3439.0    3976.9999999999995    3985.666666666667    2919.3333333333335    3760.3333333333335    3363.333333333333    4459.0    4370.0    7384.0    6696.333333333333    6163.666666666667    8049.0    14513.000000000002    20838.333333333336    27179.666666666668    31197.333333333332    29723.333333333336    25862.666666666664
3368.3333333333335    4488.0    3030.3333333333335    2973.6666666666665    4477.0    3726.9999999999995    5245.666666666667    8762.333333333334    4862.666666666667    5253.666666666667    7276.999999999999    7825.333333333332    13997.333333333334    19580.666666666668    26411.66666666667    25442.0    26738.0    24338.0
7254.0    9914.0    8407.0    9299.0    9147.333333333332    9925.666666666666    12003.666666666668    11198.999999999998    8476.333333333332    6761.666666666667    7944.333333333334    9379.000000000002    10783.000000000002    12657.666666666666    19351.333333333332    20620.000000000004    21798.666666666668    19501.333333333336
3489.3333333333335    3583.0    4511.0    4313.0    2955.3333333333335    3652.0000000000005    3332.6666666666665    5014.333333333333    5238.0    7049.0    9991.999999999998    16938.333333333336    18579.333333333332    18680.333333333332    24212.0    26552.666666666668    22595.333333333332    20031.333333333332
3675.0    3809.0    4334.333333333333    4587.0    5928.333333333334    5459.0    4472.666666666667    7431.666666666666    6987.0    9713.666666666666    12899.999999999998    14640.333333333332    15823.666666666666    14362.333333333334    20302.666666666668    21401.333333333332    16647.333333333332    16172.333333333334
3163.3333333333335    4766.0    4458.0    4522.666666666667    4633.333333333334    5087.666666666666    8145.666666666667    7577.999999999999    8595.0    13337.333333333334    16085.666666666666    13120.333333333332    14218.333333333332    14044.666666666666    19841.333333333336    27941.666666666668    21690.333333333332    16109.333333333336
4687.666666666667    4140.0    4035.0    4058.9999999999995    5747.0    4353.333333333334    6510.666666666667    8676.666666666668    10795.000000000002    16159.666666666666    13226.666666666668    12422.666666666666    11188.0    12972.333333333332    15445.666666666666    17331.0    14555.666666666666    12807.666666666666
4266.333333333333    4317.666666666667    3336.6666666666665    5536.333333333334    3916.333333333333    8287.333333333332    10846.0    12084.666666666668    13569.333333333334    10713.666666666666    9264.333333333332    9458.0    12656.333333333332    10130.333333333332    15857.333333333334    16644.333333333336    14098.333333333334    12884.333333333332
11337.000000000002    9308.0    9633.0    14878.000000000002    22181.333333333332    11728.333333333332    9814.666666666666    8975.333333333332    10455.000000000002    8767.333333333332    8329.333333333334    8698.666666666668    8299.333333333332    10986.666666666668    11097.0    9908.666666666666    9080.0    5524.0
7637.333333333334    9128.0    11566.333333333334    16874.333333333332    17128.333333333332    11165.333333333334    10433.333333333334    10993.0    8984.666666666668    7902.999999999999    6858.0    8183.0    8387.333333333332    9059.333333333332    11670.999999999998    7968.000000000001    11220.666666666666    11430.0
7073.666666666666    7945.666666666666    10686.0    13785.000000000002    16354.666666666668    12060.666666666668    10373.666666666668    7327.666666666667    7289.666666666667    7064.333333333333    9482.0    8870.0    8017.333333333334    6845.666666666667    7332.999999999999    8820.333333333334    8194.333333333334    10504.0
8972.666666666664    8539.666666666666    8955.666666666668    9755.666666666666    13197.333333333334    12486.0    9770.999999999998    7654.666666666667    7348.333333333332    8773.666666666668    7382.333333333334    5332.0    5946.333333333334    8306.0    6989.666666666667    7130.333333333333    6104.333333333333    8968.666666666666
16181.666666666664    12658.0    20059.666666666664    21563.000000000004    24919.666666666664    19236.666666666664    17958.000000000004    14416.666666666666    15484.333333333332    16249.666666666668    9045.333333333334    5474.333333333334    5489.666666666667    4268.666666666667    4898.333333333333    4165.999999999999    5111.666666666667    3958.0
15582.666666666666    17886.333333333336    18937.333333333332    24873.0    22813.333333333332    25370.0    19323.0    22461.666666666668    13758.333333333332    9975.333333333332    6877.0    5160.333333333333    5619.0    4771.333333333333    4124.0    4577.333333333334    5028.666666666667    3870.333333333334
5710.666666666666    5927.666666666666    7937.666666666666    15186.333333333332    15895.000000000002    12700.333333333334    7265.666666666667    7204.333333333333    7430.0    9894.333333333334    8340.666666666666    11596.0    16418.666666666664    16703.0    18076.666666666668    13332.999999999998    19522.333333333332    17967.666666666668
3474.3333333333335    2493.6666666666665    3746.333333333333    3627.3333333333335    3927.333333333334    3738.333333333333    3838.6666666666665    6702.333333333333    6105.999999999999    7827.0    5651.666666666667    8998.0    16016.333333333332    24373.666666666668    28407.33333333333    28576.333333333332    26474.999999999996    25601.333333333336
4440.666666666667    2816.3333333333335    3768.333333333333    3658.3333333333335    3101.3333333333335    2992.3333333333335    4934.333333333334    3872.3333333333335    6719.666666666667    6334.666666666666    8063.666666666666    9282.0    15336.0    22159.000000000004    31492.333333333336    36945.0    29190.000000000004    26290.999999999996
3722.3333333333335    3444.333333333333    3746.0    3718.6666666666665    4750.333333333333    5037.0    5312.666666666666    5378.0    5589.333333333333    4835.0    7728.666666666666    8591.0    12973.000000000002    22583.666666666664    30028.333333333336    37383.33333333333    31125.0    26224.0
4739.000000000001    7819.999999999999    10742.999999999998    13772.666666666664    10581.666666666668    13377.333333333332    7620.999999999999    7601.666666666666    7189.333333333334    6118.0    6208.000000000001    5869.666666666667    9708.666666666668    15158.666666666666    21170.333333333336    24133.000000000004    23174.333333333332    14966.666666666666
10649.666666666668    14425.333333333336    28806.333333333332    34161.0    35946.0    31315.000000000004    21338.333333333336    12527.0    8775.333333333334    7582.666666666667    5618.333333333333    5080.0    4846.0    3807.333333333334    4007.666666666667    2992.6666666666665    5787.666666666667    4377.333333333333
4159.0    7539.666666666667    8938.333333333334    14527.666666666666    16395.666666666668    14492.0    8773.333333333334    8552.0    7014.0    8537.666666666666    8745.666666666668    5700.999999999999    8884.666666666668    15837.666666666668    23428.0    22923.0    25099.333333333332    23282.333333333336
2847.0    4244.333333333333    5120.666666666667    3881.0    4746.666666666666    3470.3333333333335    5257.333333333333    4866.666666666667    6415.333333333333    4970.666666666667    7327.666666666667    7703.0    9972.999999999998    22093.333333333336    33653.333333333336    41938.33333333333    32261.666666666668    27870.333333333332
7667.0    13685.333333333334    21822.333333333336    37981.666666666664    39212.333333333336    31320.000000000004    18896.0    13791.000000000002    10199.666666666666    8494.333333333332    7481.333333333334    3573.0    5002.0    4843.000000000001    4577.333333333333    3593.0    4387.0    3415.0000000000005
6922.333333333334    10249.666666666666    24342.333333333332    38771.99999999999    42262.0    26267.0    14973.666666666668    13120.333333333334    9663.666666666666    7290.333333333334    5272.333333333333    5246.333333333334    3777.333333333333    3166.333333333333    4780.666666666666    3817.666666666667    5477.333333333333    4712.0
7360.333333333334    15049.333333333332    28319.000000000004    38438.33333333333    42094.66666666667    28066.0    18597.0    8311.666666666666    8523.333333333332    8309.666666666668    8016.666666666666    5111.333333333334    4663.0    4561.333333333333    4235.0    3674.3333333333335    4423.333333333334    3143.333333333333
8299.333333333334    12689.333333333334    22113.333333333336    41888.66666666667    41819.0    30892.333333333332    14294.0    9846.666666666666    10116.666666666666    8105.666666666667    5670.000000000001    4862.333333333334    3897.6666666666665    2774.6666666666665    3797.333333333333    4296.666666666666    3691.666666666667    3740.0
