6443    5657    7839    18264    16018    15998    8941    5769    6429    4800    6340    8004    26677    25435    40257    46100    39658    32612
18499    40426    54036    50934    50344    40988    23870    17885    13953    9529    6546    5878    6008    5971    5786    6501    6891    4070
12612    30784    45145    37492    47446    41515    43389    19832    11166    11134    10855    4597    7022    6284    6636    4806    2348    5363
15065    31884    48886    56902    48854    40395    22771    21101    10314    11905    7305    4873    4430    5912    8093    5369    6701    4228
30824    50570    31054    51394    41145    43455    25649    18272    16352    7707    7695    9142    7078    6099    5803    3626    2812    2771
27286    37812    45035    39591    47274    41611    36079    31479    16611    9722    6680    3986    2194    4253    4215    5315    2775    4417
28094    39662    44200    44653    37983    46659    37325    28989    24363    15975    10036    7447    8642    7697    4201    7354    4262    3957
25631    27522    39926    48357    52929    37416    23661    21124    19687    10650    10462    9512    6353    7411    2756    5201    6413    3035
29239    27815    40322    37866    40141    31220    25647    35679    19352    11164    10513    8801    8165    4679    5799    5596    8165    10564
9582    17057    46163    59457    56560    20637    18191    8988    11148    7955    7374    5636    5772    5577    4045    6610    6445    4753
25521    17246    30218    42267    44800    32932    22652    19031    22362    22188    13461    7822    6878    7954    6926    6572    4844    6353
11341    16063    48412    52498    47648    35621    13434    15752    15641    20662    13708    8245    11224    6543    8264    6110    4430    9141
17448    11395    21200    44061    45365    19161    16118    14530    11976    19117    11387    11085    20469    11620    8970    9560    7666    5915
11516    10972    16014    17620    15769    10907    14414    19927    12947    10769    10939    15458    15123    9656    21036    15964    10637    8016
11129    19043    22160    20844    16372    20067    11511    20371    12497    17244    11669    17536    11485    11774    8546    12287    8708    14632
14908    10192    14779    9273    15486    13019    13493    14320    12177    13165    6828    9042    10202    8509    15786    15882    15122    11629
3086    8798    17650    30280    36698    21855    6453    10139    8402    11199    17940    13340    18959    13817    16535    19640    21132    12580
24265    26257    22586    34102    24297    21896    20090    22678    18796    20527    16701    5940    8032    5789    5819    5336    6230    5329
36636    35841    22537    23340    31513    33610    39068    39891    24312    21183    12943    8070    8165    8219    4896    4303    10334    6682
11656    15018    29825    53958    43207    48965    24383    15872    9462    14976    5765    7679    3747    6168    5555    8951    4681    3942
11794    12874    41043    64413    54249    19729    18503    17717    15226    12610    6517    5782    4385    6482    4632    3399    2437    4494
13059    18579    34617    55319    44709    37896    21240    16048    12800    8135    12060    7267    3825    4359    4128    6401    5163    4388
4776    3105    3762    7752    4310    4383    4845    5134    4084    8518    8037    10211    17397    29386    50227    54565    48431    36969
4945    6559    5829    5398    5360    7876    6032    7162    6423    14738    10149    12569    19456    43936    55559    51535    49622    31740
3326    2960    7288    4822    5452    5475    3885    7348    6831    7282    8317    13572    20119    42512    48797    56785    41137    38400
9203    11045    38544    56372    41314    39951    27186    15500    11782    12363    6859    10007    8487    12895    11020    16135    11322    6059
12440    26061    41315    57525    51967    39980    29046    16564    10274    11163    9935    11094    6147    7665    4515    6619    6322    2924
9020    33015    53903    53918    53891    39945    20843    18555    12239    12212    8892    6182    2296    2738    5148    4895    5154    5307
13636    10354    34400    57904    62819    20837    11800    18392    11964    9599    10564    4904    5341    6780    5703    6343    4925    5531
5020    2921    7815    5759    4550    4077    10255    8509    4298    7765    9477    6608    30784    37009    59322    57981    47694    21564
3959    4005    5674    5596    3888    5747    9327    5302    7574    6611    13318    15189    6409    33153    54764    60551    43882    27596
