34317    30305    32817    85887    88535    80533    30611    26378
28800    27353    28935    69495    81237    79536    33796    28722
35839    28770    35396    80484    97321    73374    37924    18402
30070    30795    52183    107164    102633    83283    34923    33210
30640    28719    35978    64303    113409    88935    34773    27879
32692    29276    41292    81177    111388    68842    36709    30542
27141    24352    34506    96991    110936    71944    36938    32880
31043    30701    33684    77070    99643    84825    31561    31128
31433    23950    31003    80447    92077    79092    43600    34017
40715    32046    51525    100508    104373    62708    29243    34736
33027    36243    47044    90664    103734    67185    32213    30797
31595    27123    39210    77862    82870    64419    26505    35123
28483    23567    44467    76084    76644    53781    23642    23549
31143    22342    42774    74934    93544    64723    31137    27166
38635    27653    57326    81807    88592    71181    37536    37279
33504    21620    46290    63774    71991    51955    21402    25435
35319    20898    34756    76673    75642    73296    37721    34490
46991    24641    56776    103577    106970    79790    24393    28857
25985    27342    44115    103574    104271    72692    36671    36077
30656    24281    48376    107789    111030    74501    30299    30477
43492    27152    46046    85100    84024    78559    30291    35050
36008    31706    49406    78035    109082    78928    34546    32971
32517    28343    50329    78258    90445    54509    37399    22649
44217    26772    52263    92849    95584    63462    26466    26680
30738    19870    42289    81706    78914    74857    35799    27827
39322    29965    62583    73217    78853    61006    23659    28274
38187    21009    32885    77581    96764    92000    38720    26272
28773    19773    35425    77983    87103    78283    43448    29363
27429    22771    34374    74737    87175    77798    41007    32797
32193    24509    37350    85677    82798    79621    33504    26713
32299    25590    36245    74901    90174    64626    31288    26589
