3578    3116    5041    5749    7587    5114    4411    8119    10197    10022    6716    15559    11659    23919    47331    46959    55304    56027    42993    39982
4832    4430    6755    6910    6944    11233    6073    4431    9305    11494    8915    11743    14317    20632    35103    49029    57581    51007    33570    23570
7725    4257    4593    4265    4274    4137    9134    9655    10250    8650    12642    10400    16381    16659    33615    50715    61429    49475    47954    41300
18902    20257    33121    48853    41417    46036    49481    44230    37692    16663    13582    15848    12628    8315    9485    10230    9872    15837    11363    10449
7289    8348    5065    4687    5741    10343    4068    6233    8731    11891    8315    8700    25789    34150    55003    52585    40791    49913    46032    30962
4044    3348    6736    9082    5934    4962    8908    3730    12377    8825    8546    6380    19255    32806    43707    56506    59745    58661    42657    35709
6782    4168    6046    7454    9639    6735    8123    7137    11942    10531    15752    19334    20898    31092    43947    48816    39493    46140    51158    40501
4374    5916    4225    5992    9684    8347    6735    5463    8079    10499    8104    12200    25972    33404    31578    35686    58307    60672    44323    40095
6500    5151    6271    6211    6525    7242    4358    8051    10158    9339    12590    13959    26826    33123    28879    51173    65435    57033    35144    21651
19473    26136    31919    31002    54994    56234    44343    29769    25882    33088    24294    12298    9621    8609    8229    10719    7207    6388    7360    8289
25438    26140    20426    31228    48448    48836    45563    27984    19345    24117    22997    24503    22007    12002    9237    7977    5734    7258    5612    6055
28230    22357    25449    24603    26229    19722    21461    18202    24017    21157    22158    21318    27538    15997    14710    12764    10400    8513    8455    11427
19800    26045    18696    20202    20754    13636    18080    17949    21699    17182    18466    21910    20783    17140    21189    12568    14162    8993    9542    11421
14081    13700    15447    27565    41347    53927    31755    22649    17357    17514    22156    13505    14406    8295    18069    11454    16145    11012    6291    11088
13959    14523    18590    34792    71412    67453    55346    28739    22666    25482    16964    13751    7145    6749    4816    6325    11028    5829    5645    8795
21938    19085    26759    24368    25053    18158    16551    14885    17567    13313    13452    13573    13845    15554    11109    17439    13482    13613    16030    10197
3638    5898    7056    4431    5302    6180    7595    10133    7533    13452    10726    15426    17626    9078    25101    60654    67969    58166    32681    20150
28073    35433    29646    33243    33501    33889    37942    32969    43930    37285    26779    13162    15864    10159    14634    7848    11000    7507    9080    10051
25305    35308    47580    37134    38566    33421    38183    45833    33947    26590    17919    10721    10749    7745    8929    8172    7545    4816    7087    5177
14429    32437    36330    43483    39923    51223    43360    46413    37141    24585    13866    13448    14152    8441    10342    5506    4591    6110    5099    6530
17094    15875    13649    45487    65248    70984    59836    20189    16743    14979    15314    10376    7013    8008    7457    10945    6199    5076    9734    9508
18825    22411    37353    56197    47124    47415    46098    40297    31348    18588    15564    9896    8062    7249    5859    7167    4904    7605    8808    9912
14049    18655    17552    38276    54691    64551    45058    17930    16243    14110    18661    11942    5367    9743    5760    10149    8683    8814    11536    2679
11794    15201    31176    45048    58384    55694    54031    40846    23493    18206    14112    10004    6715    6259    5890    5927    7228    4935    5772    7578
7228    4927    3861    8192    8060    9642    6251    10205    5175    8469    5096    12263    19363    20776    30060    59829    59340    54781    39050    19432
19163    15226    18516    25983    61398    70528    45415    28723    18259    15710    11972    15339    7559    8827    5957    5709    6466    5394    5173    5562
4426    5412    7412    9283    6896    5711    6985    10204    11113    10341    8974    11527    18511    18859    33251    55901    60960    65574    37104    34974
10219    5981    3568    7682    4795    6585    5809    8008    8872    7370    11097    17768    9885    14413    30120    59657    61098    61892    33811    31521
5183    3630    3102    4389    7479    8752    9430    7913    8294    11518    11220    13766    11700    10132    32583    54763    62302    58695    48291    24946
3690    2982    5664    8757    6250    10173    5827    11267    11215    12005    10213    13650    12887    19589    34947    53964    60906    60378    35051    22950
5778    8797    5469    5443    5811    4489    7690    9100    10055    8832    9415    8776    18682    15023    28365    48245    63779    53836    44571    19556
