22246    20157    43629    64340    52518    29893
10320    15871    42580    57670    57714    25289
13246    26817    50523    72913    49741    25659
18438    26430    41620    69664    43129    25324
22116    19235    48512    55534    42283    21944
17050    19600    41366    50236    50550    31900
16817    17273    34143    47025    22284    20944
9108    19857    37787    40792    25265    16305
12627    17575    28321    36206    24546    14334
25092    31442    43340    40517    28567    29292
13296    17320    32343    28835    20384    16405
13207    29155    46988    61309    37754    26026
15123    24539    44694    58179    41859    23173
17865    27539    46922    58471    41147    21091
21371    17986    46595    67887    49478    27726
13067    19161    48530    78287    44720    32535
17023    26533    47857    72354    62343    21646
15168    20377    46789    79702    45824    31092
13907    28274    51440    60588    51508    34118
18935    22236    60591    71420    55283    27170
14209    25542    50918    63517    56978    24761
