5964    9133    3708    3806    5094    6045    7005    15505    14798    20707    26679    23403    24539    18883    23126    24388
6659    5305    3496    5029    7654    7617    12764    19118    23940    20013    15812    17212    14253    15402    15377    19793
4322    4422    8820    7821    7030    14490    16242    19547    29420    19439    17625    17146    19116    14251    21106    18102
4800    5588    2596    8054    14611    13923    25733    20731    18931    19705    20051    15974    10862    14546    15711    12789
5163    5691    7562    13943    13270    16709    22335    14643    17817    16086    15432    16409    10060    14095    11645    8764
5872    11059    14462    19080    18302    15806    14363    15331    14616    9075    10491    10544    13983    15023    14335    8360
9514    16164    10873    8677    10266    9906    6129    10316    10478    9004    7585    6574    7593    11365    13699    10343
10567    8335    8353    11422    10536    9893    13102    5939    9005    8017    7110    8337    8987    6149    12102    11260
12755    6619    6215    8880    6207    9339    8591    8743    5571    8437    11459    6133    7922    8073    5475    13190
13679    15141    23615    10722    15818    13831    12155    9510    12872    16417    13894    9274    6876    10494    6104    7848
8580    7324    9260    6413    9304    7362    6434    11681    7610    6065    6903    6011    7575    10892    10672    6497
9594    7816    13886    10101    8343    18420    17196    13151    25880    9112    15909    13855    12253    13847    11729    13347
12694    15844    11396    9373    17075    16370    11687    19875    14932    18587    14340    9746    9725    8555    9383    7985
14782    10992    15083    20620    16162    16051    25127    14577    18414    13296    14830    9511    6828    6778    6042    3942
4531    5536    4263    9798    4493    5346    12884    15409    21103    19702    21732    23272    19838    23131    21111    18894
6209    3967    5345    3009    7624    6147    10109    12328    16188    22525    26959    25409    18169    27365    21495    23452
4267    5815    7071    6963    3380    10210    4065    10728    11563    28443    26804    25028    24537    29464    21676    27742
4747    3779    5233    4624    4015    7486    6281    8097    10309    18709    24415    32369    31918    20459    27151    29360
5248    7901    3467    5020    4915    6576    7323    5228    8781    14429    26122    23812    31607    25944    30489    32973
4188    3591    4780    3791    4757    5707    5404    7946    9736    23688    21047    31302    44267    25594    27670    32167
8063    5328    3964    3505    3593    6126    7168    6188    13577    11482    23707    25775    39841    30801    24606    22201
