37226    26470    54608    73593    70299    71644    21074    31936
40529    28845    52443    87120    106215    68069    30978    28566
43611    27202    50117    107659    114066    62135    31879    23880
35734    35849    47564    93455    97585    74432    30650    40152
24245    27514    51012    108466    110810    72625    27924    30454
33108    28541    38242    86110    93180    71713    30651    31453
32582    25653    51224    94467    102739    71079    25293    23295
25773    33285    45146    84894    97501    67352    29974    39160
37990    27228    46059    84449    119238    65800    31398    25598
38392    29314    44576    93788    96401    55037    35849    35383
47469    24962    29814    63737    87746    77435    38968    21172
24959    23647    41631    73256    86510    65759    33105    35532
33925    34370    32944    80242    70609    66356    31669    22485
26054    19078    39169    75686    86756    52474    34634    22063
41285    33388    38263    69679    83422    71060    37259    24767
24834    17641    25091    50184    53774    44680    27744    26391
33030    32213    54430    90872    88271    56516    34467    34987
30754    37291    38786    77624    101148    66703    25101    29002
32730    19751    42696    102089    98042    62160    25553    32628
38357    30401    50858    98424    118185    56094    25361    30839
36257    25462    48808    82167    98363    68234    27487    26535
36458    31149    35816    69438    79254    66684    35520    30776
34502    27158    47741    103370    94920    50352    21618    29148
36618    21112    56171    105495    113647    65939    34320    33140
46080    33471    39960    86827    92361    65075    32928    27509
36524    29576    46108    103700    91676    73966    25532    29767
30572    28291    46125    80799    93654    70121    26667    29822
23660    22601    39503    86754    88573    69631    26848    21019
30034    23238    52611    80313    85924    62589    33952    25691
40509    33472    45059    81596    80956    62491    25966    29645
41320    23825    49373    83149    103076    66642    37555    29741
