19830    11917    22824    55357    66606    61819    21818    20988    14975    15843    12713    7806    7226    4706    9258    5168    7517    6406    6533    7540
14501    25742    41975    53930    61254    51818    41820    40517    14542    14656    21167    6883    5318    4915    6491    7816    4408    9808    6350    8854
10572    14995    38058    36778    40253    38483    32450    27936    12667    17266    16939    8196    12379    18121    16303    25111    29899    27557    19773    16813
19395    24060    49021    56695    47865    54157    43447    49444    17573    16571    10618    8403    5601    10468    5544    11421    5970    5506    7086    6576
15309    27146    42084    59576    41617    51710    52183    38856    28947    15825    12305    9098    7567    6509    7471    8644    7179    4692    10009    6323
15212    27425    32899    46877    50226    49290    37542    30965    23662    15027    13532    7300    6361    10359    11843    7030    5844    4408    8763    8433
10210    35958    46001    45986    37722    42796    39762    51082    24266    20482    11855    8277    7664    7216    5727    5977    7193    7393    5751    5014
20954    24090    41839    46629    38850    32119    30120    47275    37118    21331    17528    10739    7533    8710    8831    6144    6082    3773    7242    6178
23211    27096    40324    43308    44748    45452    34958    33349    31235    19934    17809    6080    14120    6836    10105    5636    6857    10536    8975    7191
33269    36187    39315    38463    34102    32886    35526    24987    28086    30591    20188    9833    11667    10969    9527    7531    6257    5071    5085    9200
3562    4901    5244    6549    4337    3923    5523    8568    10102    7520    7165    13332    10234    21698    43185    65507    70643    55063    27902    16345
4363    4256    4234    8000    8988    6772    11805    14815    14967    16964    13304    24758    20993    23125    27273    47401    52397    36138    24412    19434
4479    3143    7898    6935    11905    19052    15262    17906    22641    13380    22034    22957    9460    30906    28914    28410    41368    24031    21990    19929
9336    8084    10779    17708    19261    20862    25359    23526    16972    20627    19828    19116    22639    17755    21074    14971    22373    15851    14593    15200
7597    5269    7883    6039    7203    4387    5379    10215    11374    11647    14439    21553    11712    23096    43429    65468    66534    35474    19534    20891
21326    13443    12608    9723    9575    18914    13376    18980    13504    9447    11225    15336    9973    12074    13773    16701    10162    15314    10651    14234
22046    14422    33416    48756    66365    60175    34956    21293    21074    18449    11929    10111    6306    8939    4245    9678    6680    10771    7749    7426
37105    30894    34040    32983    26715    34537    26947    21674    34799    20062    27873    13457    11036    8186    9543    4083    7150    8543    6430    10352
18851    25815    25705    33531    43832    46658    44664    40643    35208    23451    15736    9714    9337    8245    4532    6614    6607    3003    4961    8542
30597    40143    41885    36266    27117    43341    45397    47460    32978    14137    13323    11861    11925    11208    8070    5613    4523    8469    6096    8110
20076    21863    37457    46571    44436    50177    35802    33836    23256    20293    16149    11158    13216    5684    5446    7396    5399    2839    7100    5159
13054    16797    13894    47212    63871    63366    40667    17131    18641    20642    14484    9058    7338    5064    5495    5399    6891    4362    6854    4875
13258    23416    42836    50321    46862    42906    43170    30530    20852    12088    14379    7987    8883    8687    4858    8776    7875    6294    6552    8279
17324    27037    43966    58905    55249    48464    55355    31538    26487    17053    13278    10970    6369    9674    5114    6628    8373    8078    7082    9498
10830    24126    35182    49961    53539    53808    43905    29420    24431    12846    14354    8640    13316    8773    4147    10490    5547    9097    5821    5978
13506    21387    34178    60642    58665    54337    45355    31952    22673    17321    12606    8227    7557    9253    6480    6155    8964    5443    6905    5243
15161    13736    40501    46674    65554    50081    41268    22195    13685    16650    15257    6764    4841    7084    9012    6268    6957    5771    8953    9639
16471    20841    24399    43234    57029    53676    37317    24311    21375    9494    10611    6172    3566    11167    5679    6933    5891    6530    5659    8234
14216    18171    28130    56642    68145    57130    32436    16201    14763    18096    9646    6206    5530    5534    5593    8621    8024    5029    7637    8602
13115    19994    20026    54429    62798    63488    27215    19940    25069    16200    17123    15437    7060    4378    9563    3210    5189    3130    5513    6817
11224    19485    32660    46302    66224    62443    52030    25326    28763    17311    10984    6859    8920    7529    8354    5747    6278    6769    5920    5553
