17087.666666666668    24387.0    57146.33333333333    81209.33333333333    71557.0    48052.666666666664
16566.0    26769.0    58572.33333333334    75930.99999999999    75540.33333333334    43984.66666666667
17858.666666666664    30917.333333333336    69175.33333333334    79070.00000000001    64737.00000000001    39715.33333333333
16327.000000000002    38224.00000000001    72228.66666666669    81301.0    62076.66666666667    33151.0
20201.333333333332    31994.33333333333    70498.33333333334    80851.66666666666    72953.00000000001    34055.666666666664
16327.333333333336    25827.666666666664    53465.66666666667    77586.0    73965.0    38544.666666666664
16191.0    32458.66666666666    66518.33333333333    81492.99999999999    75258.99999999999    42074.666666666664
17938.333333333336    28982.0    61542.66666666667    70834.0    73818.33333333334    35495.33333333333
17156.0    33213.333333333336    65371.33333333334    83222.33333333334    71192.00000000001    39309.99999999999
18003.333333333336    33024.333333333336    61315.333333333336    80951.33333333333    74075.33333333334    40907.333333333336
14517.333333333334    20736.0    57564.333333333336    79812.0    74723.66666666667    41399.99999999999
16254.666666666666    21802.666666666664    55833.666666666664    73756.99999999999    65243.333333333336    43365.333333333336
18429.333333333332    24835.0    59325.66666666667    81674.0    73491.33333333333    47426.666666666664
17883.333333333336    23979.333333333336    61938.99999999999    79272.33333333333    73853.66666666666    45002.333333333336
18011.0    24958.0    51351.0    68515.0    82998.66666666667    47608.99999999999
15696.666666666664    22740.000000000004    55351.0    74039.66666666666    71359.66666666667    47663.333333333336
16575.333333333332    24532.0    50860.666666666664    75857.66666666667    72092.33333333334    43774.0
14710.666666666668    24315.0    52087.0    72201.33333333333    79396.66666666667    42286.333333333336
15001.0    24948.000000000004    59864.33333333333    83824.66666666667    84084.33333333334    47700.66666666666
17550.666666666668    31182.33333333333    61348.66666666667    74958.66666666666    76022.00000000001    38487.666666666664
17380.333333333336    30978.333333333325    71102.99999999999    79278.66666666666    74965.66666666666    38041.0
15392.000000000002    32911.0    68325.66666666667    78071.99999999999    74019.66666666669    38931.00000000001
20400.666666666664    32876.33333333333    65612.33333333334    82469.33333333331    76398.0    36956.66666666667
20224.000000000004    36376.666666666664    72430.33333333331    78085.66666666669    72035.66666666667    35293.00000000001
15935.333333333332    21525.666666666668    53383.666666666664    74891.99999999999    78475.0    48556.33333333333
15110.666666666668    24634.333333333332    52474.666666666664    69835.0    75259.33333333333    44165.333333333336
12729.666666666668    24914.333333333332    54375.99999999999    77547.0    76419.66666666666    48614.66666666667
14747.333333333336    25127.333333333332    59173.333333333336    74184.33333333333    79763.66666666666    47858.0
16409.999999999996    25425.333333333336    55389.0    81455.0    72228.0    40838.66666666667
17699.999999999996    23001.000000000004    57648.333333333336    74009.0    73769.66666666666    46213.666666666664
16718.333333333336    23718.0    58392.99999999999    78442.33333333333    72168.33333333333    49346.333333333336
