3130.666666666667    3883.333333333333    4078.0000000000005    5528.666666666666    4387.0    6360.666666666667    5977.666666666667    6461.333333333334    8030.666666666667    8696.0    10793.666666666666    9854.333333333332    13928.333333333332    34674.66666666667    59664.333333333336    57850.99999999999    39821.0    16318.666666666666
7197.333333333333    14513.333333333332    34014.0    41053.0    35848.333333333336    17990.666666666664    9472.0    6491.0    7006.666666666666    8764.333333333334    8186.666666666666    7300.0    8649.0    16781.0    23090.000000000004    24505.333333333336    16261.333333333334    10239.333333333334
8271.0    30678.000000000004    52152.666666666664    60187.333333333336    47853.333333333336    24894.666666666664    11016.666666666668    7585.666666666666    6138.333333333333    8664.333333333334    8902.333333333332    5468.333333333333    5247.666666666667    4107.333333333334    6493.0    5957.333333333334    4036.0000000000005    3819.666666666667
12085.0    32457.333333333332    50008.33333333334    57114.66666666667    53490.0    23443.666666666664    7759.0    7932.333333333333    9961.666666666668    7966.333333333334    5907.666666666667    5838.666666666667    5214.333333333333    5729.000000000001    3624.666666666667    5661.333333333333    4624.0    4490.333333333333
11684.666666666666    28164.999999999996    55042.33333333333    60259.00000000001    51032.666666666664    25905.0    10403.333333333334    6764.666666666667    8613.333333333334    8070.333333333334    7791.0    7310.666666666667    5396.333333333333    4809.666666666667    4928.333333333333    5122.0    6037.333333333334    3218.6666666666665
2687.0    5073.666666666666    3848.333333333333    4599.666666666667    3825.666666666667    5843.333333333333    4883.333333333333    6838.333333333333    5267.666666666667    8525.0    8857.333333333334    8309.0    14561.000000000002    40324.333333333336    58509.0    58016.0    33900.666666666664    11847.0
8917.0    29693.000000000004    55745.66666666667    58113.33333333333    57080.333333333336    23779.333333333336    10299.999999999998    8293.0    10650.0    8609.666666666666    5911.333333333333    6871.333333333334    6007.0    5943.333333333333    5557.0    4623.0    3937.333333333333    3963.0
8475.333333333334    19683.000000000004    52513.0    62432.00000000001    48879.333333333336    23189.0    8204.0    5832.333333333334    9990.333333333334    7714.333333333333    5933.666666666667    7004.666666666667    6987.333333333334    4583.666666666666    4168.666666666667    4171.666666666666    4508.333333333334    4340.0
9810.666666666668    27587.0    56333.333333333336    60283.66666666667    54779.66666666667    27079.333333333332    8750.0    6799.666666666666    8707.666666666666    6916.0    7006.0    8677.666666666668    3423.0    4170.333333333333    4134.666666666666    4784.333333333333    4489.0    5733.0
6640.0    15569.666666666668    38242.0    43220.66666666667    35018.0    19854.333333333332    10318.333333333334    7158.333333333334    7421.666666666666    8449.333333333332    6491.666666666667    6420.999999999999    8650.0    16878.333333333332    26303.333333333336    26343.666666666668    16911.333333333332    8385.333333333334
4336.666666666667    7300.666666666667    9037.666666666666    9436.333333333334    10709.666666666666    5544.0    4304.333333333333    4579.666666666667    5846.333333333333    10113.666666666668    8659.0    8267.333333333334    15021.333333333334    37186.66666666667    53663.666666666664    49785.0    32817.33333333333    12143.999999999998
3045.0    3518.333333333333    4757.0    3581.9999999999995    4611.333333333333    4340.0    4162.0    4032.6666666666665    6895.333333333334    9328.333333333332    10503.0    6500.333333333334    16251.333333333332    42057.666666666664    57649.333333333336    49440.666666666664    34357.0    11225.333333333334
4076.666666666667    3354.666666666667    5326.0    3952.6666666666665    3655.6666666666665    3830.6666666666665    3904.0    4431.666666666666    5910.0    9379.666666666666    11455.333333333334    10529.666666666668    19315.333333333336    46718.333333333336    62168.666666666664    58518.33333333333    33327.666666666664    15327.0
3139.0    4789.0    3432.3333333333335    4886.666666666667    3703.333333333333    4751.666666666667    6033.666666666668    6758.000000000001    6241.999999999999    11112.666666666666    11489.0    10930.333333333334    15918.666666666666    42431.666666666664    59506.99999999999    60124.66666666667    32207.666666666668    14472.666666666668
3795.3333333333335    3814.666666666666    4483.0    4704.333333333334    6064.333333333333    6155.666666666667    5242.0    4255.666666666667    6773.666666666666    11940.666666666668    9160.0    8943.0    19259.0    42763.66666666667    57201.666666666664    54788.33333333333    27841.666666666668    16255.999999999998
3398.333333333333    4973.0    4266.666666666667    5607.333333333334    3557.6666666666665    6959.666666666666    4209.333333333333    4963.333333333333    5206.333333333334    8321.0    7399.666666666667    9251.333333333334    16282.666666666666    47517.333333333336    59765.333333333336    52950.66666666667    28514.333333333332    13706.333333333334
3368.6666666666665    4143.666666666667    3249.0    4052.666666666667    3674.333333333333    5735.666666666667    6318.000000000001    4433.0    6286.000000000001    8691.0    11315.333333333334    7257.333333333334    19507.666666666664    39698.33333333333    58799.33333333333    48969.33333333333    33945.333333333336    14247.333333333334
4161.666666666667    2913.6666666666665    3555.6666666666665    3199.6666666666665    2840.9999999999995    5350.666666666667    4863.0    5019.666666666667    5611.333333333334    11363.0    10479.666666666666    9130.0    15649.666666666666    41282.666666666664    55571.0    56819.0    31864.000000000004    15321.666666666668
5438.0    18310.333333333332    31341.666666666668    33028.333333333336    31341.000000000004    16550.666666666668    9912.0    6563.666666666666    6400.666666666666    8710.666666666666    10277.0    8507.666666666668    10457.0    23334.0    34271.0    31434.333333333336    19220.333333333336    10324.666666666666
10218.000000000002    32820.0    57403.0    60656.66666666666    45063.666666666664    22422.666666666664    8760.0    7382.000000000001    8431.0    7971.0    6940.666666666667    4955.0    5596.666666666666    4162.0    5062.333333333333    4133.0    3688.0    3884.333333333333
10993.666666666668    34064.333333333336    57152.333333333336    59750.33333333333    52307.99999999999    19593.999999999996    10697.333333333334    6443.666666666667    9147.0    8689.666666666666    6373.666666666667    7346.333333333334    6424.333333333333    4288.0    4251.0    4031.0000000000005    4625.0    5567.333333333333
12254.666666666668    28758.666666666668    58182.333333333336    62384.666666666664    51816.666666666664    20300.0    10677.333333333332    7087.666666666667    8102.666666666666    7828.333333333333    7497.666666666666    6264.999999999999    3208.3333333333335    4811.333333333333    4977.333333333333    5176.0    3331.0000000000005    4991.666666666666
8759.333333333332    32512.666666666664    61804.333333333336    60273.333333333336    47350.0    23916.999999999996    9738.0    6821.666666666666    9288.0    10084.0    8666.0    6752.333333333333    6497.666666666667    4234.666666666667    5223.0    3779.333333333333    4766.333333333333    4245.666666666667
11644.333333333332    36064.666666666664    62871.66666666667    59568.99999999999    47731.66666666667    21280.666666666668    6921.333333333333    7813.666666666667    9777.333333333332    6938.0    5346.666666666667    7258.333333333334    4763.666666666667    4644.333333333333    5680.000000000001    4961.999999999999    5293.333333333333    5884.666666666666
3635.666666666667    3830.9999999999995    5341.0    4355.333333333333    4063.0    6219.000000000001    5457.666666666667    5363.666666666667    5844.333333333334    12217.0    8698.333333333334    7410.0    18420.666666666668    43070.666666666664    60748.33333333333    55139.99999999999    29682.666666666668    13269.666666666666
3526.0    4319.0    3410.6666666666665    3678.6666666666665    6362.666666666667    5312.666666666667    5039.999999999999    4726.333333333334    5864.333333333333    9262.333333333334    10916.666666666666    8401.333333333332    17142.0    38276.666666666664    54768.33333333333    54999.666666666664    31760.666666666664    13711.333333333334
3335.6666666666665    3922.3333333333335    3842.6666666666665    4837.0    4904.666666666667    5914.333333333333    5841.000000000001    4538.666666666667    5701.0    9136.666666666668    9813.666666666668    9403.333333333334    16777.666666666664    42279.666666666664    61431.66666666667    57522.333333333336    32622.333333333336    12776.666666666668
3321.0000000000005    4187.333333333333    4915.0    4060.6666666666665    4150.666666666666    4887.333333333333    5031.0    6389.666666666667    6887.666666666667    9631.0    11983.666666666668    7783.666666666668    16337.0    39949.33333333333    62293.66666666668    60066.333333333336    34164.333333333336    14814.666666666666
5163.333333333334    3590.0    5371.333333333333    5710.666666666667    3384.666666666667    6758.333333333333    5524.666666666666    5533.333333333334    5901.0    8350.0    9597.666666666668    9707.666666666666    17060.333333333332    42963.0    54876.0    52508.99999999999    34491.333333333336    15253.666666666668
4252.666666666666    4324.333333333333    3853.0    5047.0    4486.333333333334    5587.666666666667    4412.000000000001    5758.999999999999    7450.0    9545.333333333332    8026.666666666666    8075.0    21517.0    45432.333333333336    60762.666666666664    54337.0    28146.333333333336    11327.333333333334
4155.333333333333    4510.333333333333    4543.0    3431.666666666667    3788.3333333333335    5138.333333333333    4604.333333333333    5893.666666666667    5912.333333333333    9627.333333333334    7944.0    11815.0    18375.333333333336    49016.0    62878.33333333334    56400.333333333336    28925.0    11827.666666666666
