53869    88844    146935    170180    117679    58793
46146    90938    178848    191803    127244    65244
41868    94009    168031    196204    125862    60525
42918    92083    175010    175812    100840    56398
48727    106404    166642    172777    111077    57172
43110    114872    176371    181316    109379    46362
47854    97388    199213    201304    131004    64401
41970    99881    159317    187679    114778    59654
49984    107332    178232    197779    142798    65927
53809    99963    190049    198555    160392    63996
41935    62555    104760    107991    85528    47129
53187    108828    194830    206004    135304    52966
47604    100463    185999    186933    133785    65280
51701    116021    192455    194416    136387    76186
45863    102466    199639    179464    138392    60412
47367    92110    179258    166391    123420    65567
43239    99221    173856    190840    128704    59165
52579    87476    187222    180918    126540    49643
47165    96390    173751    186895    115930    61945
48809    118026    171538    179924    114000    53130
42288    102714    169447    182778    125577    66480
