5747    7144    5407    4907    3972    6766    11509    8683    10376    12507    14153    22101    54371    46338    41978    23469    11146    4294    10713    14504    11891    12667    18318    44578    60093    55119    32830    15293    11337    12301    9929    5335    8985    6313    5061    6165
5651    4576    8078    4293    7900    6189    9276    9554    10264    25080    37355    31430    45774    42779    36983    28887    18174    18524    9823    11162    16403    30974    32823    37576    42509    35935    30523    24734    15728    7935    8948    7168    9217    16662    5446    5890
4954    4364    7544    6984    4545    8219    5492    9103    8964    17075    27364    43131    42601    43471    46012    27183    19469    16107    13708    10269    19177    22578    32021    32393    43991    41108    35443    25047    17241    10595    8215    6710    6687    8937    3907    5890
4482    4663    9308    7572    4583    14239    8082    5598    6568    22869    27573    33730    39124    28315    35154    24431    27677    14523    11191    11427    10105    20867    37142    30908    34785    33897    29139    27760    25129    13871    6473    7968    7954    6985    4241    4728
4776    4327    8048    4658    8644    6003    6293    10960    11953    23018    33991    27647    28120    29033    23754    30856    29951    17769    18718    17041    21609    28937    32586    33532    42143    24975    30117    27783    18808    12757    6202    10831    5237    4282    7900    9540
3683    3549    7112    4874    5318    9916    7831    7805    14898    18349    37903    28239    30179    28894    27421    28737    27190    17559    23470    15404    25135    23935    36291    34027    20199    25399    30833    35047    36359    12650    13776    5188    7833    4444    5078    6885
5660    8206    7542    7281    9283    11947    10619    23226    30497    26190    29615    23229    22671    33324    25171    35395    29731    30164    30800    27126    21000    22474    28841    33283    26947    22410    29449    28261    24830    24119    20418    8419    9735    4386    5356    3559
5313    8472    5552    6640    6890    9163    16873    29915    31035    24788    18653    19403    24724    17730    18344    27152    25422    35392    34510    42648    25966    19461    19274    20218    20563    32508    16020    16136    17284    17945    11753    9727    11452    5967    4647    5739
5913    6312    12151    11107    21100    24615    25340    17585    10085    19909    12855    22017    24037    22822    17997    28335    24231    38290    32191    33073    34087    36746    29427    24533    19363    19756    20035    21000    23156    19240    14388    15444    21077    14029    13556    6250
13182    19803    19877    17983    14514    12948    19129    15072    17374    12900    25137    25133    30508    29062    28681    23359    25246    28248    20996    26242    31237    38328    21386    22624    29342    31551    28762    18184    13462    27028    14155    13105    10443    13519    14248    13996
11706    10892    9249    7222    12135    11748    21982    11632    13224    15652    16273    14706    13867    20749    7685    14001    10740    8519    13585    10646    12968    10220    10621    15214    12458    9373    10104    9334    18810    11293    11878    18061    7693    12959    12079    10620
7175    12075    13523    15123    17833    17799    20615    24528    13013    16276    18383    23113    16316    19803    24710    38313    38993    30989    37444    25332    17690    37553    31786    25372    19198    15147    17959    16526    17798    14916    15119    16518    23046    22426    20083    8626
3496    4372    7415    6781    13661    13395    23934    21861    24585    23262    23323    19723    15643    21328    26875    19566    29867    32630    37761    44036    31381    24095    28348    23345    18227    16513    20859    24903    14841    26775    20292    21665    12760    11764    5505    5277
6894    4885    6608    6777    7798    7911    11491    23126    28065    28160    28101    34629    38877    31458    31872    27369    34419    38341    33359    31589    31863    23884    31194    20792    27648    16391    31171    21188    22269    20081    18013    10513    6575    8451    8881    6523
4114    11675    6079    5645    6947    7430    10564    14734    15430    31393    35981    30884    22191    30518    26600    34867    31512    22827    25547    26908    25010    30227    36815    24706    28436    23675    29741    31616    25964    19426    9799    10656    6969    5998    8281    7071
4000    5550    5862    9206    4681    6646    6780    12443    14363    23729    24286    25387    27197    30498    31179    32897    31418    23901    15264    19424    24411    23817    36884    37064    32195    32971    31637    23121    22461    20072    8854    5515    5346    5615    5386    4053
3182    4988    7306    7798    8406    8212    8388    5278    10771    19694    34580    39023    34360    29781    24515    24190    30646    14199    11803    16741    18292    34475    48811    34050    38417    31023    36291    27568    19603    19907    11450    4033    4908    8081    5143    9112
4711    5113    5529    5436    7360    3931    7593    9477    12093    20327    33896    37487    38063    36141    36643    34650    22716    14651    14419    17491    14358    24731    32848    33511    36274    33978    30352    34628    15299    8356    7382    10041    7222    12090    9391    6190
5992    4426    5798    6567    6479    6638    10442    5545    9555    15395    20988    40220    42671    43202    42694    26707    30137    13616    18766    13935    15125    22539    31390    35460    45338    43656    30375    23430    14451    11032    8354    4416    8459    8322    5863    4093
4443    3719    4933    4340    6413    6566    6141    8040    10213    20233    27711    31516    53448    41747    33651    22560    21327    14482    14911    14400    8166    18827    37621    39794    50457    41644    35303    28582    17502    10194    8256    9225    6351    10519    6933    5259
5486    5349    5300    4774    5610    7765    8255    12300    8386    14390    21359    36773    49569    45553    39863    24335    22556    17185    10775    16709    8437    25096    28663    43336    48898    48077    38625    21303    12847    8286    7909    6427    7463    6690    6971    7964
