16933.333333333336    33686.66666666667    60739.333333333336    66345.33333333334    30737.333333333332    18742.333333333336
16361.333333333334    30164.999999999996    58205.00000000001    62409.666666666664    30343.000000000004    17065.0
14772.0    36319.666666666664    56140.33333333333    61583.33333333333    36339.0    18095.666666666664
15863.333333333332    35099.0    54849.66666666667    58187.0    32338.666666666664    18396.333333333336
18106.333333333336    33074.33333333333    61286.66666666667    61942.99999999999    35439.666666666664    17251.666666666668
14648.999999999998    34550.666666666664    58122.666666666664    58708.666666666664    32348.666666666664    20549.0
18116.666666666664    31772.999999999996    53595.33333333333    60017.33333333333    33092.666666666664    21506.333333333332
14797.0    28930.0    61866.333333333336    62554.66666666667    41760.0    19440.333333333332
15424.333333333332    36849.66666666667    51731.33333333333    53728.33333333334    28899.0    19830.333333333332
21533.666666666664    34692.0    62422.333333333336    57913.33333333333    33729.33333333333    21220.666666666664
19352.0    35283.66666666668    65686.0    54520.333333333336    25446.66666666667    19121.333333333332
26810.333333333325    36100.33333333334    59798.666666666664    51340.666666666664    31562.000000000004    19961.666666666664
16596.666666666668    33929.333333333336    57106.666666666664    49773.333333333336    28901.333333333332    19473.666666666668
18212.0    31539.999999999996    52612.66666666666    49611.333333333336    26579.333333333332    20490.666666666668
15408.666666666666    32289.333333333336    53349.33333333333    41618.333333333336    25451.666666666668    18627.666666666668
17341.333333333332    41535.666666666664    48964.33333333333    43305.0    23542.333333333332    15055.666666666668
16995.666666666668    34158.333333333336    53367.99999999999    39263.99999999999    25412.333333333336    17718.0
16977.0    25705.0    43359.333333333336    38657.333333333336    27186.666666666664    15543.666666666666
18026.333333333332    30127.66666666667    60300.66666666667    54888.99999999999    36005.666666666664    21023.666666666668
20983.0    36214.666666666664    57889.666666666664    53381.00000000001    29289.999999999996    20391.666666666668
18506.0    29493.666666666668    54237.33333333333    58221.0    40842.0    19699.333333333332
18630.999999999996    30543.333333333332    63180.0    56542.66666666667    30401.333333333332    19206.0
15124.0    31662.666666666668    62791.66666666667    58227.666666666664    40196.333333333336    19414.666666666668
14425.666666666666    29168.0    62251.333333333336    62683.666666666664    39434.333333333336    22121.0
19891.000000000004    40018.66666666667    70347.33333333333    64492.0    32211.66666666667    19761.0
27534.0    43551.666666666664    71575.0    61056.33333333334    32714.666666666664    21873.666666666664
22898.333333333332    45028.333333333336    64617.666666666664    62878.0    32582.666666666668    17690.333333333336
25198.666666666664    36361.666666666664    68276.33333333331    53230.00000000001    35493.66666666667    16699.666666666664
23572.333333333332    40645.66666666667    57868.666666666664    61078.0    30331.999999999996    14492.000000000002
22178.333333333332    44415.33333333334    66575.0    57957.333333333336    28106.333333333336    21898.0
19992.0    45171.66666666665    73825.33333333334    55399.33333333333    28579.0    17819.333333333336
