3234.333333333333    3739.0000000000005    4275.666666666667    3226.0    3788.0    3984.3333333333335    4818.000000000001    4086.0    5584.333333333333    5739.0    8280.666666666666    7625.666666666667    10236.333333333334    18833.333333333332    38503.00000000001    43130.666666666664    35424.666666666664    22675.333333333336
2801.666666666667    2962.333333333333    5253.0    2649.333333333333    3123.3333333333335    3513.666666666667    5026.0    4891.000000000001    5820.333333333334    7281.666666666667    6066.0    8289.333333333334    11069.0    22123.666666666664    35198.666666666664    34310.333333333336    30655.000000000004    23514.666666666664
4417.333333333333    2832.3333333333335    3905.0    3961.333333333333    3594.666666666666    3345.0    5170.666666666667    4355.333333333334    6781.999999999999    5581.333333333333    7452.333333333334    9367.666666666666    15232.666666666668    24488.333333333336    34667.0    36527.0    30006.666666666668    21563.333333333332
3926.333333333333    4202.0    3419.333333333333    4086.3333333333335    3409.666666666666    3529.333333333333    3715.3333333333335    4416.0    6671.333333333334    6865.333333333333    8162.333333333332    8453.666666666668    11738.0    23907.666666666664    32523.666666666664    31921.0    33818.66666666667    19968.0
4998.333333333333    4046.0    4620.999999999999    3348.333333333333    2981.0    3488.6666666666665    4240.333333333334    4960.0    6255.999999999999    6547.666666666667    6693.0    7337.666666666667    14753.000000000002    27067.000000000004    36036.00000000001    37421.666666666664    32458.333333333332    19847.666666666668
2777.0    4259.666666666666    3928.6666666666674    3154.666666666667    3047.3333333333335    3073.6666666666665    4934.0    4153.333333333333    6194.0    7840.333333333334    5486.333333333333    9539.333333333334    15295.666666666666    26608.0    29040.666666666668    34780.0    28135.666666666668    26680.333333333332
3706.666666666667    3188.6666666666665    2901.0    4447.666666666666    4019.333333333333    4070.0000000000005    5221.666666666667    4649.0    6516.666666666667    8997.333333333332    8274.0    9991.999999999998    14138.0    25371.000000000004    27629.666666666668    30665.333333333332    28514.333333333332    25799.000000000004
3762.666666666666    3676.666666666667    3696.666666666667    4338.0    4645.666666666667    3853.0    4657.333333333333    7165.0    5799.333333333334    7232.666666666667    7113.666666666667    16400.666666666668    20831.0    25124.333333333336    30667.0    30253.333333333332    26384.0    23747.333333333332
4587.000000000001    3821.333333333333    3515.3333333333335    3987.3333333333335    4893.666666666667    3738.9999999999995    4388.666666666667    4042.0    6059.999999999999    5868.0    8903.333333333332    15273.0    18725.333333333332    20256.666666666668    27962.666666666668    26066.666666666664    25879.666666666668    18493.333333333332
6757.0    7293.333333333334    8283.666666666666    7697.333333333333    7131.666666666666    5859.999999999999    8125.666666666666    9560.666666666666    6962.666666666667    7825.333333333334    14276.333333333334    13851.333333333332    19302.0    20328.333333333336    22207.0    25214.666666666664    19251.999999999996    21582.333333333336
15447.0    13516.666666666666    10670.333333333334    13700.666666666666    12555.0    14355.333333333334    15128.333333333334    18186.333333333336    15241.333333333334    11732.666666666666    10421.666666666668    6097.333333333333    7436.666666666666    7222.000000000001    11792.333333333334    15960.666666666666    10999.666666666666    8946.0
14523.666666666668    10777.666666666666    15245.0    18654.666666666668    20788.0    12791.000000000002    12183.333333333334    11490.666666666668    14875.666666666664    14421.666666666666    12924.999999999998    12402.333333333332    10307.666666666666    9807.333333333334    10821.0    7247.999999999999    7923.0    8388.0
2682.333333333333    5592.666666666667    4225.0    6201.666666666667    4238.333333333334    5049.333333333333    6281.666666666667    12179.0    14536.333333333336    14937.666666666666    15133.333333333332    11748.0    14189.000000000002    16727.666666666668    16323.0    23311.333333333332    17129.333333333332    15295.333333333334
2871.0    4150.666666666667    4747.666666666666    3993.6666666666665    5821.0    8511.666666666666    11652.333333333332    10441.666666666666    11873.333333333334    13963.0    12273.666666666668    11781.333333333334    12378.666666666668    14763.666666666666    17348.000000000004    20330.666666666668    16509.333333333332    15634.666666666668
4561.999999999999    6141.333333333333    7770.666666666667    9276.666666666666    13194.666666666668    11941.333333333332    8526.999999999998    11559.666666666668    8476.0    8856.666666666668    13139.333333333332    9396.333333333332    9248.333333333334    10026.000000000002    15724.666666666668    14329.333333333334    12775.999999999998    11799.0
6786.0    8389.666666666666    10335.999999999998    11444.666666666666    10069.666666666666    10454.666666666666    11550.666666666666    9061.333333333332    7287.333333333333    6309.666666666667    8335.333333333334    9599.000000000002    8600.0    9751.666666666668    15326.0    18790.999999999996    15337.333333333332    12314.333333333332
13903.333333333332    9701.333333333332    9387.333333333334    10139.333333333332    8417.0    7286.333333333334    9643.666666666666    8883.333333333332    9205.0    9468.0    9896.666666666666    8468.0    7247.333333333334    10296.666666666668    15160.333333333334    16824.333333333336    14139.666666666666    8848.666666666668
6980.333333333333    11899.666666666666    6547.0    5942.666666666667    8512.0    8705.333333333334    6711.666666666667    9238.333333333332    6287.666666666667    7328.333333333334    8294.0    10968.333333333334    7713.333333333334    12136.666666666666    13388.000000000002    16151.666666666668    10890.333333333334    9733.666666666666
3932.6666666666665    4184.333333333334    3991.0    3646.0    4717.333333333333    3833.0    5354.666666666667    5441.333333333333    8581.0    9989.666666666666    15435.333333333332    17316.333333333336    21281.0    18554.333333333332    23267.333333333332    27448.333333333336    23938.666666666664    19460.666666666664
3460.0    4183.333333333333    5625.0    4533.333333333333    3817.666666666666    4222.0    6175.333333333332    6380.666666666667    5533.0    5491.666666666666    11378.333333333336    16689.666666666664    21517.666666666668    17700.666666666664    25104.0    30495.999999999996    23192.666666666668    22648.999999999996
4072.666666666667    4361.333333333333    3376.3333333333335    4138.666666666667    3682.0    4376.0    4666.333333333333    4317.0    5512.666666666667    7519.333333333334    7187.666666666667    14566.666666666668    19610.666666666664    20191.666666666668    26760.666666666664    30010.333333333332    27055.33333333333    29594.0
4453.666666666667    3775.0000000000005    4732.333333333334    3727.0    2886.666666666667    3788.333333333333    4998.333333333334    5149.333333333333    6467.0    6298.666666666667    6039.666666666666    11360.0    18228.000000000004    24281.666666666664    29220.333333333336    30419.333333333332    30187.666666666668    22491.333333333332
4605.000000000001    3218.0    3934.666666666666    3855.333333333333    5078.333333333333    3312.333333333333    4102.666666666667    4810.666666666667    6714.666666666667    7272.333333333333    6516.666666666667    9505.333333333334    18007.666666666668    25787.0    29766.666666666668    28884.333333333336    33294.33333333333    28751.000000000004
4752.0    4659.666666666667    3981.6666666666665    3578.666666666666    4433.333333333333    4025.6666666666665    4594.666666666667    5136.333333333334    6348.666666666667    6398.666666666667    6336.666666666667    12214.0    16094.0    26919.333333333336    30755.333333333332    40132.0    28872.666666666668    20850.666666666664
11027.666666666668    18882.333333333332    30968.333333333332    35367.666666666664    37766.66666666667    27791.666666666664    18826.0    13304.333333333334    8072.0    9440.0    6798.333333333334    4870.333333333334    5333.333333333333    3772.333333333333    3156.333333333333    3802.3333333333335    4174.333333333333    3367.666666666667
14317.333333333334    18125.333333333336    29842.33333333334    42059.99999999999    35241.666666666664    27313.666666666664    19307.666666666668    11546.666666666666    10242.333333333334    8777.0    7763.666666666667    7236.333333333334    5208.0    3496.0    4558.0    4192.666666666666    4827.0    4249.666666666666
10173.666666666666    13956.333333333332    32002.0    40365.666666666664    39836.666666666664    30003.333333333336    16024.000000000002    9604.333333333332    8607.666666666666    6779.333333333333    6637.0    5221.0    4985.333333333333    4300.666666666666    4259.0    4912.0    4224.0    3803.333333333334
9759.0    17221.0    24965.333333333336    39055.0    36321.33333333333    23432.666666666664    20263.333333333336    9440.333333333334    9849.999999999998    9798.0    4390.333333333334    4346.333333333333    5191.333333333334    4789.0    4095.0000000000005    4665.666666666667    3590.6666666666665    4085.666666666667
8449.0    15133.0    27135.000000000004    35900.666666666664    36090.0    25249.000000000004    19959.333333333332    9680.333333333334    7255.000000000001    7412.0    6115.333333333333    4454.333333333333    3891.3333333333335    5349.666666666667    4159.666666666667    3791.6666666666665    4104.333333333333    3859.0
8958.0    12069.333333333334    25410.666666666668    34306.0    39446.0    28734.333333333332    17267.333333333332    9458.0    11500.0    11281.999999999998    7811.0    8493.0    5570.333333333333    4311.333333333333    4421.333333333334    4194.333333333334    3502.666666666667    4394.666666666667
9132.666666666668    14747.000000000002    28594.333333333332    46552.333333333336    36241.33333333333    30912.666666666664    13700.333333333332    9800.666666666668    9668.333333333334    8163.0    6182.333333333333    3402.9999999999995    3968.9999999999995    3967.3333333333335    4623.333333333334    3755.666666666666    4813.666666666667    2559.6666666666665
