21795.333333333336    20858.666666666668    41212.66666666667    67091.66666666667    67961.66666666664    33854.99999999999
21637.333333333336    17449.999999999996    44165.33333333334    65427.66666666667    63386.333333333336    29354.333333333336
19015.666666666668    19835.0    30104.333333333336    59020.66666666666    72119.33333333333    41425.99999999999
20966.333333333336    15141.0    32884.333333333336    62179.33333333333    62765.666666666664    37035.33333333333
18303.0    17274.333333333332    32144.333333333332    61415.333333333336    70859.33333333334    43970.333333333336
23732.0    16512.333333333332    30953.666666666668    58859.0    68906.0    45136.666666666664
18479.333333333332    16923.333333333332    32196.666666666668    60313.0    62185.0    45093.0
21027.666666666668    21075.000000000004    37838.33333333334    64256.0    60417.0    30891.333333333332
22647.0    20724.0    41004.99999999999    61712.66666666667    52291.99999999999    32273.66666666667
21474.333333333336    18502.000000000004    38407.66666666667    63679.0    57729.0    28945.666666666675
20002.666666666664    20140.0    35894.0    55208.33333333334    53706.66666666666    31961.666666666664
17933.333333333336    17249.0    34592.333333333336    49862.333333333336    50827.66666666667    32193.666666666668
19718.666666666664    13761.33333333333    28543.33333333333    48478.333333333336    58434.333333333336    26321.666666666668
19427.66666666666    19223.33333333333    29623.333333333336    41496.00000000001    48746.33333333333    27196.333333333336
18110.666666666664    14427.333333333332    28686.999999999996    40679.66666666667    44316.333333333336    26547.666666666664
17792.0    15747.666666666666    22174.000000000004    40138.333333333336    41561.66666666667    24549.333333333336
18463.333333333336    16046.33333333333    28153.0    39501.66666666667    39445.33333333334    25052.333333333332
18193.666666666664    14454.0    27874.0    42915.333333333336    37329.66666666666    23321.000000000004
20773.666666666668    18901.0    31220.333333333336    59663.66666666667    57955.33333333333    34406.33333333333
19855.0    15578.0    31052.333333333332    52005.99999999999    65837.33333333333    43869.33333333333
20851.666666666664    16932.666666666668    29799.333333333332    57593.66666666667    60604.33333333333    49570.666666666664
18545.333333333332    18693.666666666668    39136.33333333333    61640.33333333333    61150.0    37660.0
22196.333333333332    17303.333333333332    32594.0    52569.333333333336    71765.66666666667    40500.333333333336
22952.666666666664    16005.33333333333    29883.333333333332    67247.33333333333    78989.66666666666    38378.333333333336
20018.000000000004    20053.333333333332    43751.666666666664    69747.33333333333    63611.33333333332    33239.0
19471.000000000004    20955.333333333332    40426.66666666666    65379.66666666666    66439.33333333334    34256.33333333333
24573.999999999996    20708.333333333332    37134.333333333336    65635.66666666669    58906.33333333333    33968.99999999999
22501.666666666664    22389.0    46268.66666666667    69320.0    64263.33333333333    37958.99999999999
21620.333333333336    24634.999999999996    41745.66666666665    70963.00000000001    62550.33333333334    31646.333333333332
20622.33333333333    20642.666666666664    43205.33333333334    67855.0    62293.66666666667    29928.333333333332
21379.0    17306.999999999996    36801.99999999999    65644.33333333333    61759.333333333336    35604.666666666664
