16780.0    27514.333333333332    38482.333333333336    46203.33333333333    32804.333333333336    18733.0    10533.666666666666    9685.333333333334    7272.000000000001    7008.666666666666    5860.0    4549.333333333334    4282.333333333333    5284.666666666666    4647.333333333333    4548.333333333334    4677.0    3909.0
13297.666666666666    29081.333333333336    36369.0    42050.66666666667    27543.666666666668    20677.333333333332    12590.666666666666    9178.333333333334    6628.333333333334    8034.666666666666    5714.333333333334    4575.333333333333    3551.6666666666665    5385.0    4412.666666666667    3515.9999999999995    4931.333333333333    3882.9999999999995
5128.999999999999    3124.6666666666665    4001.0    5561.666666666667    3889.6666666666665    4146.0    5447.333333333333    7235.333333333334    6918.333333333334    6842.666666666667    6256.666666666667    12567.666666666668    20914.999999999996    32109.999999999996    37923.33333333333    38772.33333333333    26345.333333333336    14334.999999999998
3426.0    4139.333333333333    3779.0    4380.333333333333    3426.0    3924.333333333334    4856.333333333333    4769.0    6823.333333333332    5868.000000000001    9782.0    10687.0    20251.0    27654.333333333332    42387.333333333336    33901.0    27816.666666666668    13101.0
4244.0    3911.666666666667    4365.0    2825.9999999999995    3831.0    4001.3333333333335    4633.0    4995.0    5319.333333333333    6854.666666666667    6480.666666666666    15166.333333333336    22551.333333333336    34639.666666666664    35415.0    40123.0    24747.333333333336    19862.333333333336
3733.666666666667    3447.6666666666665    3845.3333333333335    4245.666666666667    4437.333333333334    5142.0    3047.0    3861.666666666667    6482.0    7840.0    9554.666666666666    16753.666666666668    20307.000000000004    34194.33333333333    34034.0    38559.333333333336    26606.999999999996    18007.333333333336
3533.6666666666665    4535.0    3217.6666666666665    3618.3333333333335    3543.666666666667    5277.666666666666    3938.3333333333335    4047.6666666666665    5499.333333333334    8242.666666666668    8115.333333333333    13813.333333333334    23213.666666666668    28960.666666666664    35178.33333333333    30779.666666666668    28743.333333333336    20932.0
20749.333333333332    21075.000000000004    27617.0    29992.333333333332    29652.666666666668    24653.666666666668    17543.333333333332    11742.666666666666    8298.0    7008.666666666666    6320.0    5221.0    5767.333333333333    5445.0    3381.0    3899.6666666666665    3743.333333333333    3395.333333333333
19383.0    25240.666666666664    25927.0    26453.666666666664    23017.333333333336    23545.0    22490.333333333332    11613.666666666668    9164.333333333334    7271.0    5547.333333333333    5855.0    4054.666666666667    3679.666666666667    3434.333333333333    5250.333333333334    5116.666666666666    3610.3333333333335
19790.333333333332    18290.000000000004    22778.333333333332    26973.000000000004    22279.666666666664    23193.333333333336    19124.666666666668    19305.666666666668    11083.666666666666    7361.666666666667    6103.0    6634.666666666668    5733.333333333333    5568.666666666667    3346.6666666666665    3436.6666666666665    3934.3333333333326    3800.0
17582.666666666664    17137.0    21750.999999999996    25405.666666666664    19811.666666666664    17842.0    16882.666666666668    16328.666666666664    13479.666666666668    8793.666666666666    8865.0    5940.666666666667    5393.666666666667    5792.666666666667    4592.0    3613.666666666667    3680.6666666666665    4020.3333333333335
14841.0    18672.0    18118.333333333336    19208.0    20019.666666666664    13006.333333333334    12540.666666666666    15949.999999999998    14964.666666666666    13358.666666666666    10938.333333333334    6667.666666666667    3988.0    5251.666666666667    5073.666666666667    3587.333333333333    3220.333333333333    3252.0
11431.0    15115.666666666668    17011.666666666668    20225.333333333332    16693.333333333332    14003.333333333334    10904.333333333332    11635.999999999998    12213.333333333332    13715.666666666666    12897.0    11009.333333333332    4849.333333333333    5451.333333333334    5443.0    4890.666666666667    4142.666666666666    3624.6666666666665
9606.0    10997.666666666666    11710.0    16304.333333333334    12868.333333333332    12688.666666666666    9634.333333333334    9131.666666666666    11135.666666666666    9646.333333333334    10580.666666666666    11078.000000000002    12527.000000000002    12474.666666666666    8594.333333333334    6168.000000000001    4380.0    6187.333333333333
9270.666666666668    11279.666666666666    11714.333333333334    15825.0    10761.333333333332    10220.999999999998    9130.0    8713.333333333334    9689.333333333334    7368.333333333333    9484.0    8986.0    7680.666666666666    10464.333333333332    11801.0    8896.0    5881.0    5602.666666666667
10056.666666666668    9647.0    16840.0    15827.0    9415.333333333332    8091.333333333333    9324.0    6007.333333333333    7605.999999999999    8289.0    8238.333333333334    5560.333333333333    5847.333333333333    7478.0    9348.0    9146.333333333334    6642.666666666667    8598.333333333332
10536.0    11696.333333333334    16956.333333333336    15962.333333333334    13160.0    10765.0    9271.333333333334    8847.666666666668    8618.333333333334    6745.0    7841.666666666667    7369.666666666667    6080.666666666667    7320.666666666667    6934.333333333333    5179.666666666667    7567.0    5810.0
10067.666666666666    9287.666666666668    7436.666666666666    8693.333333333334    7368.333333333334    8332.0    7013.666666666667    8827.333333333334    6037.0    9063.333333333334    7036.0    8362.666666666666    9821.333333333334    9474.333333333332    13515.333333333334    14519.000000000002    12132.333333333332    7099.666666666668
4538.0    3751.3333333333335    3821.333333333333    4487.666666666666    3695.0000000000005    4122.0    5773.333333333334    6400.333333333334    10674.333333333332    12516.666666666668    20678.666666666668    18248.333333333336    19098.666666666664    20228.333333333332    26300.999999999996    24674.666666666668    17736.0    16174.666666666666
2708.0000000000005    2876.3333333333335    5708.333333333333    3923.0    4600.666666666667    4954.666666666667    4739.0    5273.0    5588.0    9562.666666666666    15681.666666666666    16625.333333333336    21972.0    23413.0    31249.000000000004    28680.000000000004    20160.666666666668    20482.666666666668
3921.3333333333335    4344.333333333333    2941.3333333333335    3519.6666666666665    4933.0    5167.333333333333    4478.0    5762.666666666667    6561.333333333334    7960.666666666667    14127.0    20090.333333333332    25437.0    25630.333333333332    24053.666666666668    28307.333333333336    27139.333333333336    20977.666666666668
3776.6666666666665    4284.0    4724.666666666667    4062.9999999999995    4575.0    4369.666666666666    5317.666666666666    4993.0    4830.333333333333    6461.666666666667    9836.333333333334    16796.666666666668    27270.666666666668    26672.333333333336    29448.333333333332    28833.333333333336    29271.0    21301.333333333332
3006.0    4040.0    4258.666666666666    4711.0    4416.333333333333    4743.666666666666    5306.666666666666    6094.333333333333    5868.333333333333    6042.0    8988.666666666668    14386.666666666666    25804.333333333332    27211.333333333336    38841.0    27781.333333333332    24516.000000000004    20912.666666666668
3737.0    3933.6666666666665    3948.6666666666665    4449.333333333334    3613.666666666666    4265.333333333334    4303.333333333333    5089.666666666666    6027.666666666666    5666.0    10735.0    16443.0    23645.0    36643.666666666664    35120.33333333333    38356.666666666664    27379.0    20099.666666666664
18327.666666666668    27650.666666666664    33969.666666666664    36504.666666666664    31741.666666666664    24571.333333333332    13720.666666666668    11279.666666666668    7619.000000000001    7446.0    5827.666666666667    4899.0    5100.333333333333    3738.0    3897.333333333333    4994.333333333333    4577.333333333333    4555.666666666667
14360.333333333334    24831.666666666668    35140.333333333336    43846.66666666667    32608.333333333336    21798.333333333332    13955.333333333334    8411.0    7914.999999999999    6782.0    4483.333333333333    5759.333333333333    5018.0    4268.333333333333    4012.666666666667    4024.6666666666665    5791.333333333334    3921.6666666666665
11135.0    18456.333333333332    23564.0    26430.333333333332    24103.666666666668    19069.0    15721.0    14254.666666666666    15715.666666666668    17257.333333333336    14284.666666666666    8937.0    6570.666666666668    5865.333333333333    6589.666666666666    4215.0    5159.666666666667    3598.6666666666665
17946.0    27662.000000000004    41168.666666666664    40780.0    31958.666666666664    24491.666666666668    14179.333333333334    10215.333333333334    8301.666666666668    8036.333333333332    5931.666666666667    4498.333333333333    5558.000000000001    3994.666666666667    4481.0    4524.0    4162.666666666666    4811.666666666667
12571.333333333334    20896.0    37205.0    49744.33333333333    30492.000000000004    26060.999999999996    11308.333333333334    8644.0    10493.333333333332    9391.333333333334    6373.333333333334    4125.0    4209.666666666666    4143.0    5369.333333333333    4275.666666666667    4371.666666666667    3486.3333333333335
11394.333333333334    22832.0    38260.0    43770.33333333333    34816.66666666667    22672.0    13065.333333333332    8826.666666666666    7296.666666666666    7125.333333333333    4784.333333333333    6330.0    3894.0000000000005    4276.666666666667    3909.6666666666665    4250.666666666667    3462.666666666667    3580.0
6778.333333333334    15765.000000000002    30057.999999999996    30551.666666666668    20222.666666666668    15969.333333333334    7580.666666666668    5805.0    7500.333333333334    5221.666666666666    6352.666666666667    7085.0    9652.333333333334    15130.333333333334    16238.333333333332    18273.333333333336    12078.0    8233.666666666668
