24229.0    16514.0    32227.666666666664    59878.66666666667    70301.33333333333    39118.0
20244.333333333332    14762.0    30195.0    61171.333333333336    67393.33333333334    39715.0
22703.666666666668    18505.666666666668    30550.666666666668    59040.333333333336    73860.66666666667    45487.33333333333
23800.333333333332    18548.333333333336    34178.333333333336    60244.0    65134.66666666667    40545.33333333333
20261.333333333332    20118.333333333332    40278.666666666664    63053.66666666666    67139.00000000001    34301.00000000001
23509.333333333332    19403.666666666668    36297.00000000001    70540.33333333331    65324.00000000001    35634.66666666667
21870.000000000004    20165.666666666668    40445.66666666667    68305.33333333334    64969.66666666666    35033.333333333336
23387.0    19974.0    42561.333333333336    63958.99999999999    60447.666666666664    38758.333333333336
22024.333333333336    20520.333333333336    34770.666666666664    68432.66666666667    61380.33333333332    36796.666666666664
21513.0    18392.0    40241.0    62051.66666666667    60354.333333333336    33840.0
19089.333333333332    17917.333333333332    29936.33333333334    55788.99999999999    59420.666666666664    37474.0
17042.666666666664    17215.666666666668    29305.666666666664    50540.333333333336    52819.99999999999    31180.333333333332
21775.333333333332    18647.0    25996.999999999996    54050.33333333334    55258.0    32120.333333333332
20454.666666666664    18426.33333333334    31873.333333333332    52462.66666666667    55310.66666666667    34156.0
18496.999999999996    17575.666666666668    38004.0    49220.33333333333    58379.333333333336    30772.666666666664
19184.666666666664    16836.0    32712.999999999996    48589.000000000015    45180.0    31015.0
16255.333333333336    15182.333333333336    23080.333333333332    46960.99999999999    38637.99999999999    24773.666666666668
18270.333333333332    17629.0    23173.0    36979.00000000001    37630.99999999999    20650.666666666664
17469.333333333332    16643.0    31704.333333333332    51088.333333333336    54294.666666666664    31612.333333333336
18790.666666666664    19295.333333333336    26086.66666666667    61816.0    64184.99999999999    34187.0
20576.333333333332    17052.333333333336    33540.0    58713.333333333336    61777.99999999999    37103.666666666664
17670.0    20123.0    41763.66666666667    67078.66666666667    56224.33333333334    31415.333333333336
23364.33333333333    18899.333333333336    39831.99999999999    63658.66666666667    63981.66666666668    29505.66666666667
18376.666666666668    19780.333333333332    48413.666666666686    69468.0    62536.000000000015    27100.33333333333
18149.0    19231.33333333334    35615.66666666667    58598.666666666664    56912.33333333334    39131.99999999999
20988.0    16430.333333333332    29362.666666666668    61862.333333333336    60949.666666666664    41101.66666666667
17697.333333333332    18179.666666666664    34558.333333333336    67730.0    64107.33333333334    41369.666666666664
21182.000000000004    16325.000000000004    33272.66666666667    52753.0    63347.666666666664    39148.666666666664
18640.666666666668    19940.666666666664    32265.666666666664    63101.99999999999    60869.99999999999    41192.333333333336
20721.999999999996    16355.333333333334    31273.0    57093.0    69107.0    42336.0
20895.333333333336    19552.000000000004    42609.66666666667    71433.66666666667    53702.66666666668    30237.000000000004
