3777.333333333333    3194.666666666667    3703.3333333333335    4074.3333333333335    4867.666666666666    3673.333333333333    4016.9999999999995    3871.0    5339.333333333333    5967.666666666667    7147.0    10631.333333333332    16437.333333333332    29305.666666666668    38438.33333333333    45083.66666666667    35025.333333333336    17714.333333333332
3438.3333333333335    3348.6666666666665    3647.6666666666665    3437.666666666667    3250.333333333333    4372.333333333333    4488.0    5018.333333333333    5246.0    7621.666666666666    8636.333333333334    9958.333333333334    17634.333333333332    31946.666666666668    34478.0    38048.666666666664    30116.0    18793.666666666668
3660.6666666666665    3638.0    4739.666666666667    4086.666666666667    3971.666666666667    4087.6666666666665    3829.0000000000005    4877.333333333333    6304.666666666666    7391.0    7312.333333333334    8598.666666666666    21946.666666666668    30649.0    41477.33333333333    40259.0    32866.66666666667    20452.333333333336
9296.0    11951.333333333332    13311.333333333332    14675.999999999998    13919.0    10410.333333333334    8849.0    6556.333333333333    6749.0    6945.333333333333    7306.333333333333    8992.000000000002    14891.666666666664    23413.333333333332    29097.666666666668    22151.666666666668    20452.333333333336    13482.333333333334
14549.0    26310.666666666668    32171.666666666668    40107.0    29102.666666666668    23935.333333333336    15447.333333333334    11257.666666666666    8776.0    6618.333333333334    5077.333333333334    6176.666666666667    5624.0    4250.333333333334    5052.333333333333    3911.666666666666    3981.3333333333335    2802.6666666666665
18802.333333333336    24173.333333333336    33050.666666666664    36180.66666666667    31922.000000000004    22963.999999999996    17202.0    10880.333333333332    10051.333333333334    6712.0    8234.666666666668    3821.3333333333335    4263.333333333333    3557.0000000000005    4011.0000000000005    5980.666666666666    4599.333333333333    4303.0
19406.666666666668    29043.0    32368.000000000004    29104.666666666668    27355.333333333332    24321.666666666668    20139.0    12081.0    7992.0    7101.333333333334    6577.0    6542.333333333333    5503.666666666666    5224.0    5044.333333333333    4436.333333333334    4115.333333333333    4434.0
12348.333333333332    26262.0    21450.0    23829.0    23809.333333333332    23657.333333333332    17363.0    12176.0    6189.666666666667    6914.333333333334    9016.0    9183.333333333334    10028.0    10093.666666666668    8317.333333333334    9453.666666666666    9477.666666666668    9518.666666666668
21758.999999999996    22340.333333333332    21617.333333333332    32838.333333333336    24235.0    22905.0    17005.333333333332    18919.0    10399.0    8547.333333333334    6975.666666666667    7290.333333333334    4851.666666666667    5061.666666666667    4065.6666666666665    4195.0    5610.0    5309.333333333333
11972.0    13658.666666666666    17925.666666666664    18782.666666666664    20289.333333333336    17647.0    12018.0    11868.666666666666    8971.0    6884.000000000001    8099.666666666666    13151.999999999998    12676.333333333332    10930.999999999998    10580.333333333334    12310.333333333334    14532.0    14093.333333333336
9119.333333333334    9373.333333333332    14114.333333333332    16647.0    14466.666666666666    8456.666666666668    7227.666666666667    8199.333333333334    10260.666666666666    16191.0    17284.333333333332    13019.0    13644.333333333332    12314.0    12482.666666666666    10731.000000000002    13430.999999999998    12664.333333333334
4956.0    7896.333333333333    12242.666666666666    14204.333333333334    11193.333333333334    8164.666666666666    6280.666666666666    8805.333333333332    11963.666666666666    15667.333333333334    16318.0    9458.666666666666    11105.666666666666    11264.333333333332    12918.666666666668    12244.0    11872.0    11549.0
3790.666666666667    4137.333333333333    3130.3333333333335    4657.333333333333    5861.666666666667    6507.333333333334    10455.333333333332    12095.333333333334    14748.666666666666    15722.666666666668    10626.333333333332    14791.333333333332    10103.333333333334    16229.000000000002    22291.0    21089.666666666668    16553.0    15057.666666666668
4729.333333333333    5015.0    5012.0    6182.333333333333    8827.333333333332    14659.0    14867.666666666668    11192.666666666668    14407.666666666668    11869.666666666666    13397.333333333334    10037.333333333332    12521.333333333332    15444.333333333334    19706.666666666664    20227.0    13276.333333333332    11310.666666666666
4718.666666666667    6289.333333333333    9120.666666666668    11559.666666666666    13246.0    13605.666666666668    9663.333333333332    10049.000000000002    9831.666666666668    9872.666666666666    11735.333333333334    8952.333333333332    10886.333333333334    16679.0    19504.0    20849.666666666664    14531.333333333332    11354.333333333334
10460.666666666666    8532.333333333332    9273.0    10408.666666666666    10161.333333333332    11153.0    8670.666666666666    9808.333333333334    7458.0    9263.333333333332    8676.0    8547.0    12411.0    11998.666666666666    21774.666666666664    14811.666666666668    11752.666666666666    8356.666666666666
8522.333333333334    14009.333333333336    14309.666666666666    17157.333333333332    8527.0    7794.666666666667    6064.0    8891.666666666666    9008.666666666668    7569.666666666668    8611.666666666666    8175.333333333333    7472.666666666667    7281.0    7862.666666666667    8721.333333333334    5711.333333333333    9200.333333333334
7478.333333333334    8230.333333333332    16494.0    16406.666666666664    13073.666666666668    7145.666666666666    6431.0    9928.0    8505.333333333332    7283.666666666667    6311.333333333333    7840.333333333334    7851.0    6980.0    5577.000000000001    5928.666666666666    6841.333333333334    6026.666666666667
3872.6666666666665    3780.3333333333335    3863.0    4067.3333333333335    4627.333333333334    3784.333333333333    5238.666666666667    4719.333333333333    6927.333333333334    11059.666666666668    17876.000000000004    13524.0    16987.333333333336    20992.0    24463.666666666668    22836.666666666668    18122.333333333336    16069.999999999998
4069.666666666667    3999.333333333333    3082.0    3925.3333333333335    3331.333333333333    4819.333333333333    5229.333333333333    5230.0    5088.666666666667    7837.333333333334    15505.999999999998    21941.333333333332    23171.666666666664    22331.0    24851.666666666668    25989.666666666668    21659.333333333336    22297.666666666668
3819.0000000000005    4106.666666666667    3425.666666666667    3940.6666666666665    4258.333333333333    4248.333333333334    4110.333333333334    4760.666666666667    5477.333333333333    5680.000000000001    11003.333333333334    18311.333333333332    22360.666666666668    22510.333333333332    32132.666666666668    29450.666666666668    25017.666666666668    24150.0
20398.666666666668    23531.666666666668    30092.333333333332    30134.333333333332    26205.0    23675.666666666668    18487.666666666664    12264.0    8816.333333333334    7047.0    5322.0    4619.666666666667    3959.666666666667    3791.9999999999995    4206.666666666667    3721.3333333333335    3274.0    4727.0
19025.333333333336    26661.999999999996    29357.333333333332    29012.0    25991.0    26361.0    13913.333333333332    11741.333333333332    9962.999999999998    7209.333333333332    5505.0    8499.0    4511.333333333334    3876.6666666666665    3903.6666666666665    3253.333333333333    4505.666666666667    5951.333333333333
17330.0    30588.333333333332    27286.333333333332    33778.333333333336    35525.0    25418.666666666668    13389.666666666668    11707.333333333334    6996.333333333333    6089.333333333333    6800.666666666667    5637.666666666666    4632.333333333333    3819.0    4652.0    4388.0    4188.333333333334    3447.666666666667
7981.333333333333    11772.666666666666    14996.333333333334    21948.333333333332    18421.666666666668    12189.0    8005.333333333334    5787.0    6357.0    8453.333333333334    6739.666666666667    9066.666666666666    12488.333333333334    16972.333333333332    20109.0    16975.333333333332    15793.666666666666    13581.999999999998
3564.9999999999995    2666.9999999999995    3690.6666666666665    4271.333333333333    3715.6666666666665    3611.666666666667    4975.666666666667    7203.0    6224.0    6191.0    6737.0    12360.666666666666    19777.333333333332    35927.666666666664    32467.0    33302.33333333333    25074.0    18933.666666666668
3735.333333333333    4136.0    3612.3333333333335    3915.3333333333335    3982.3333333333335    3866.0000000000005    5193.999999999999    3860.0    6338.666666666666    4531.0    6118.0    12904.333333333334    20624.333333333336    30553.666666666668    42058.0    40520.0    29973.333333333332    17719.666666666668
4317.333333333334    2276.0    3782.0    4759.0    3422.6666666666665    3499.666666666667    4402.666666666667    3766.0    5940.333333333333    5776.666666666667    8005.333333333333    12675.666666666666    15038.000000000002    28996.000000000004    44813.33333333333    37772.33333333333    22322.666666666668    14463.333333333332
4339.333333333333    3168.3333333333335    3859.0000000000005    4446.666666666666    3784.0    3763.3333333333335    3537.6666666666665    4556.666666666667    5940.0    6951.000000000001    10087.999999999998    10542.666666666666    21200.0    28338.333333333332    39761.33333333333    43194.333333333336    23683.666666666668    14856.999999999998
3964.333333333334    3538.3333333333335    3967.0    4134.333333333334    5407.0    5003.666666666666    3965.6666666666665    5431.333333333333    5196.666666666666    6856.0    7691.666666666667    9245.666666666666    13357.0    28961.333333333332    40848.333333333336    43447.33333333333    28954.999999999996    16915.666666666668
10932.999999999998    18690.0    39797.0    45574.333333333336    34669.333333333336    19718.333333333332    12205.0    7358.666666666667    9061.0    6393.666666666667    4892.0    4736.333333333333    4073.666666666667    4637.333333333334    4939.666666666667    3754.3333333333335    3149.666666666667    3846.9999999999995
