13475    19335    42354    59324    58985    32070
19356    21187    50974    61357    50801    20437
21129    21089    49954    54443    41303    24944
15134    22660    42675    49294    41474    21181
19559    29722    48131    55306    39428    27611
22438    25504    49456    49378    37940    17435
11903    30428    55681    55583    38799    20556
19414    29569    43402    54913    45726    17649
17013    18890    32176    49153    38094    18304
10857    12834    31373    26886    19076    16012
16702    33246    45675    57255    39019    22054
11028    24086    47960    47059    48358    21848
19389    22426    44586    51365    34059    17976
18357    22951    46094    47663    43298    29241
15239    24941    40760    67205    57772    25181
12169    38292    55429    62435    42715    20230
19816    33408    51421    61847    33919    18097
16074    31406    54588    65817    51328    28854
16205    27146    45305    55716    40875    17096
13729    23866    50189    60485    44488    28700
14809    25670    48504    61491    47154    25112
