4381    4951    5901    3342    6456    8054    8755    9345    24401    23191    22613    22473    17224    25736    20726    17994
5788    4039    6259    5647    5602    9400    9905    18453    17997    23049    24938    13849    18340    19137    22462    19247
6672    6131    8273    7677    6832    13229    15213    23428    19567    21297    14300    13374    14029    14055    13205    15580
8039    4095    5518    7042    9463    13904    20372    17917    15482    11740    13747    11972    13773    7809    14282    17263
3242    7952    6945    16317    16480    17810    26782    23730    11266    15286    12928    10067    14891    11621    8259    16181
9940    10178    14554    17219    13084    14650    8984    18833    13193    12813    8895    16347    12075    8323    10632    12431
18081    19045    12270    13739    15066    17521    12379    15606    10346    12577    11004    12809    14029    12089    9359    7030
17484    14437    19332    12253    16960    14486    10069    13757    12031    10701    9162    12067    12640    12390    12371    10533
21361    15904    9642    14480    13042    14421    7581    8829    9052    11519    6257    7876    11292    5663    8005    8706
7855    7052    6771    6690    7646    10302    9647    5675    6437    6132    6011    11257    9014    5216    6659    4674
15941    13630    11998    9277    10644    13014    16869    14648    17714    10475    16404    11845    11497    14465    12700    12830
9450    9409    7098    12854    7730    8696    8412    13330    14762    19206    17137    18101    13605    15252    9793    15504
11963    15948    12823    10599    20414    14515    13198    15697    12623    16132    9544    10133    9864    5819    4703    5826
5279    6299    8523    4824    6516    13718    15933    15351    21021    17588    13996    12838    14689    18096    18283    14650
6131    2864    9245    8528    5502    7454    11011    19098    25448    20174    25795    13986    18619    14411    17689    25143
27204    15522    25402    19903    18001    26390    19622    19069    15090    9171    9387    4611    5300    5532    7364    3702
30035    19364    18551    19528    17681    28029    22752    12876    7364    6524    5562    4706    5577    6067    7139    6753
4734    7481    4264    3709    7195    7115    9677    6985    10479    20767    27279    31779    33963    20316    26441    25883
3815    4159    3854    6232    5966    4338    8000    6104    6827    9294    25735    22962    25995    23482    27775    17805
4063    3607    2726    5861    7840    5549    7067    8931    9764    13730    17179    30012    25285    29013    28294    22536
4029    4868    2377    3767    5649    4302    3846    6893    10022    13429    15035    29005    28343    25290    38086    27799
