184.037	122.92
184.393	54.92
184.749	-50.08
185.104	-25.08
185.46	48.92
185.815	7.92
186.17	13.92
186.526	-22.08
186.881	-34.08
187.237	-82.08
187.592	-64.08
187.947	28.92
188.303	-129.08
188.658	-6.08
189.013	72.92
189.369	-34.08
189.724	-34.08
190.079	34.92
190.435	-23.08
190.79	-76.08
191.145	-144.08
191.5	-114.08
191.855	-56.08
192.21	-114.08
192.566	-103.08
192.921	-45.08
193.276	-131.08
193.631	346.92
193.986	-54.08
194.341	-125.08
194.696	-58.08
195.051	-36.08
195.406	-102.08
195.761	307.92
196.116	-93.08
196.471	-52.08
196.826	-54.08
197.181	-6.08
197.535	-161.08
197.89	-91.08
198.245	-158.08
198.6	-87.08
198.955	-53.08
199.31	-96.08
199.664	-100.08
200.019	-141.08
200.374	-109.08
200.729	-174.08
201.083	-120.08
201.438	-8.08
201.793	-201.08
202.147	-27.08
202.502	-133.08
202.856	-42.08
203.211	-208.08
203.566	-115.08
203.92	-127.08
204.275	-86.08
204.629	-172.08
204.984	-18.08
205.338	315.92
205.693	-124.08
206.047	-129.08
206.401	-153.08
206.756	-111.08
207.11	-153.08
207.465	-143.08
207.819	71.92
208.173	-106.08
208.528	-152.08
208.882	-153.08
209.236	-70.08
209.591	-169.08
209.945	-164.08
210.299	-48.08
210.653	-98.08
211.007	-81.08
211.362	-119.08
211.716	-98.08
212.07	-149.08
212.424	-109.08
212.778	-188.08
213.132	-96.08
213.486	-103.08
213.84	-145.08
214.194	-173.08
214.548	-133.08
214.902	331.92
215.256	-211.08
215.61	-239.08
215.964	-241.08
216.318	-250.08
216.672	-131.08
217.026	-176.08
217.38	-68.08
217.734	-33.08
218.087	-174.08
218.441	-87.08
218.795	-13.08
219.149	-99.08
219.503	-184.08
219.856	-109.08
220.21	-113.08
220.564	-201.08
220.917	-58.08
221.271	-202.08
221.625	-82.08
221.978	-206.08
222.332	-90.08
222.685	-113.08
223.039	222.92
223.393	-71.08
223.746	-204.08
224.1	-153.08
224.453	-235.08
224.807	-172.08
225.16	-115.08
225.514	168.92
225.867	-167.08
226.22	-3.08
226.574	-93.08
226.927	-104.08
227.281	281.92
227.634	-147.08
227.987	-145.08
228.341	-158.08
228.694	-128.08
229.047	-145.08
229.4	-194.08
229.754	-209.08
230.107	-84.08
230.46	-198.08
230.813	247.92
231.166	-70.08
231.519	-136.08
231.873	-83.08
232.226	-149.08
232.579	-226.08
232.932	-213.08
233.285	-225.08
233.638	-203.08
233.991	-76.08
234.344	-96.08
234.697	-195.08
235.05	-194.08
235.403	-129.08
235.756	-143.08
236.109	-183.08
236.461	-71.08
236.814	-164.08
237.167	-142.08
237.52	95.92
237.873	-226.08
238.226	-146.08
238.578	-143.08
238.931	-166.08
239.284	-199.08
239.637	-69.08
239.989	-187.08
240.342	-131.08
240.695	-240.08
241.047	-234.08
241.4	-85.08
241.752	-27.08
242.105	-208.08
242.458	-111.08
242.81	-219.08
243.163	-173.08
243.515	-218.08
243.868	-176.08
244.22	-206.08
244.573	-176.08
244.925	-142.08
245.278	-101.08
245.63	-187.08
245.982	-127.08
246.335	-154.08
246.687	-82.08
247.039	-72.08
247.392	-133.08
247.744	-126.08
248.096	-191.08
248.449	-231.08
248.801	-117.08
249.153	-24.08
249.505	-167.08
249.857	-165.08
250.21	35.92
250.562	-186.08
250.914	-158.08
251.266	-247.08
251.618	-164.08
251.97	-218.08
252.322	-176.08
252.674	-167.08
253.026	-170.08
253.378	-189.08
253.73	-178.08
254.082	-79.08
254.434	-232.08
254.786	-248.08
255.138	-218.08
255.49	-111.08
255.842	-170.08
256.194	-129.08
256.546	-221.08
256.897	-186.08
257.249	-163.08
257.601	-201.08
257.953	-124.08
258.305	-123.08
258.656	-72.08
259.008	-215.08
259.36	-163.08
259.711	-168.08
260.063	-201.08
260.415	88.92
260.766	-164.08
261.118	-166.08
261.469	-210.08
261.821	-141.08
262.173	-221.08
262.524	-270.08
262.876	78.92
263.227	-188.08
263.579	-81.08
263.93	-172.08
264.282	-230.08
264.633	-191.08
264.984	-184.08
265.336	-155.08
265.687	-59.08
266.038	-198.08
266.39	-216.08
266.741	-228.08
267.092	-259.08
267.444	-223.08
267.795	-221.08
268.146	-257.08
268.497	-179.08
268.849	-132.08
269.2	-109.08
269.551	-118.08
269.902	-224.08
270.253	-147.08
270.604	-186.08
270.955	-190.08
271.306	-169.08
271.658	-210.08
272.009	-158.08
272.36	-145.08
272.711	-231.08
273.062	-188.08
273.413	-159.08
273.763	-59.08
274.114	-156.08
274.465	-122.08
274.816	-187.08
275.167	-169.08
275.518	-213.08
275.869	-127.08
276.22	-68.08
276.57	-169.08
276.921	-121.08
277.272	-219.08
277.623	653.92
277.973	-125.08
278.324	-156.08
278.675	-77.08
279.025	-256.08
279.376	-163.08
279.727	-180.08
280.077	-151.08
280.428	-172.08
280.778	-127.08
281.129	-207.08
281.48	-259.08
281.83	-164.08
282.181	-233.08
282.531	-206.08
282.882	-258.08
283.232	-116.08
283.582	-83.08
283.933	-138.08
284.283	-236.08
284.634	-131.08
284.984	-182.08
285.334	-231.08
285.685	309.92
286.035	-119.08
286.385	-272.08
286.735	-113.08
287.086	-154.08
287.436	-111.08
287.786	-183.08
288.136	-160.08
288.486	-162.08
288.837	-218.08
289.187	14.92
289.537	-172.08
289.887	221.92
290.237	-169.08
290.587	-171.08
290.937	-140.08
291.287	-165.08
291.637	-234.08
291.987	-140.08
292.337	-214.08
292.687	-258.08
293.037	-164.08
293.387	-155.08
293.737	-134.08
294.087	-88.08
294.437	-252.08
294.786	-160.08
295.136	-250.08
295.486	-178.08
295.836	-172.08
296.186	-141.08
296.535	-185.08
296.885	-223.08
297.235	-158.08
297.584	-103.08
297.934	-136.08
298.284	-191.08
298.633	-213.08
298.983	-206.08
299.333	-160.08
299.682	-197.08
300.032	-214.08
300.381	-152.08
300.731	-168.08
301.08	-177.08
301.43	-199.08
301.779	-78.08
302.129	-141.08
302.478	-201.08
302.828	-149.08
303.177	-268.08
303.526	-154.08
303.876	-33.08
304.225	-249.08
304.574	-219.08
304.924	-255.08
305.273	-105.08
305.622	-195.08
305.971	-86.08
306.321	-166.08
306.67	-195.08
307.019	-175.08
307.368	-207.08
307.717	-264.08
308.066	243.92
308.416	-144.08
308.765	-200.08
309.114	-195.08
309.463	-232.08
309.812	-166.08
310.161	-133.08
310.51	-148.08
310.859	-253.08
311.208	-151.08
311.557	-87.08
311.906	-182.08
312.255	-153.08
312.604	-191.08
312.952	-85.08
313.301	-210.08
313.65	-119.08
313.999	-208.08
314.348	-154.08
314.696	-23.08
315.045	-140.08
315.394	-192.08
315.743	-182.08
316.091	-178.08
316.44	-228.08
316.789	-147.08
317.137	-226.08
317.486	-161.08
317.835	-224.08
318.183	397.92
318.532	-126.08
318.88	-150.08
319.229	-30.08
319.577	-204.08
319.926	-110.08
320.274	-139.08
320.623	-213.08
320.971	-132.08
321.32	-193.08
321.668	-186.08
322.017	-163.08
322.365	-209.08
322.713	-117.08
323.062	-37.08
323.41	-144.08
323.758	-113.08
324.107	-153.08
324.455	-205.08
324.803	-174.08
325.151	-265.08
325.499	-175.08
325.848	-207.08
326.196	-177.08
326.544	-192.08
326.892	-126.08
327.24	-116.08
327.588	-286.08
327.936	-75.08
328.284	-100.08
328.632	-86.08
328.98	-205.08
329.328	-218.08
329.676	36.92
330.024	-121.08
330.372	-167.08
330.72	-161.08
331.068	-77.08
331.416	-163.08
331.764	-200.08
332.112	-202.08
332.46	-136.08
332.807	-278.08
333.155	-185.08
333.503	-168.08
333.851	-20.08
334.198	-176.08
334.546	-243.08
334.894	-183.08
335.242	-157.08
335.589	-151.08
335.937	-89.08
336.285	-211.08
336.632	-214.08
336.98	-141.08
337.327	-166.08
337.675	-101.08
338.022	-254.08
338.37	-75.08
338.717	-232.08
339.065	-218.08
339.412	-187.08
339.76	36.92
340.107	-25.08
340.455	-174.08
340.802	-202.08
341.149	-164.08
341.497	-160.08
341.844	-253.08
342.191	-25.08
342.539	-206.08
342.886	-152.08
343.233	-240.08
343.58	-103.08
343.928	-103.08
344.275	-162.08
344.622	-206.08
344.969	-189.08
345.316	-170.08
345.663	-225.08
346.01	-128.08
346.358	-137.08
346.705	-206.08
347.052	142.92
347.399	-95.08
347.746	-83.08
348.093	-77.08
348.44	-140.08
348.787	-147.08
349.134	-115.08
349.48	-136.08
349.827	-142.08
350.174	-283.08
350.521	-74.08
350.868	-176.08
351.215	-117.08
351.562	-153.08
351.908	-165.08
352.255	-158.08
352.602	-111.08
352.949	-201.08
353.295	-110.08
353.642	-240.08
353.989	-184.08
354.335	-186.08
354.682	-252.08
355.029	-149.08
355.375	-184.08
355.722	-115.08
356.068	-171.08
356.415	-154.08
356.761	-207.08
357.108	-134.08
357.454	-99.08
357.801	-154.08
358.147	-166.08
358.494	-162.08
358.84	-217.08
359.186	-6.08
359.533	-115.08
359.879	-224.08
360.225	-225.08
360.572	-193.08
360.918	-136.08
361.264	-193.08
361.611	-183.08
361.957	-102.08
362.303	-69.08
362.649	-216.08
362.995	-175.08
363.342	-141.08
363.688	-81.08
364.034	-166.08
364.38	-252.08
364.726	-206.08
365.072	-170.08
365.418	-128.08
365.764	-129.08
366.11	-150.08
366.456	-163.08
366.802	-188.08
367.148	-204.08
367.494	-198.08
367.84	209.92
368.186	-222.08
368.532	-176.08
368.878	-115.08
369.224	-231.08
369.569	-106.08
369.915	-194.08
370.261	-209.08
370.607	-156.08
370.952	-238.08
371.298	-257.08
371.644	-182.08
371.99	-140.08
372.335	217.92
372.681	-140.08
373.027	-131.08
373.372	-91.08
373.718	-152.08
374.063	-92.08
374.409	-54.08
374.754	-156.08
375.1	-191.08
375.445	-170.08
375.791	-170.08
376.136	-166.08
376.482	-131.08
376.827	-88.08
377.173	-142.08
377.518	-127.08
377.863	-179.08
378.209	-188.08
378.554	-181.08
378.899	-104.08
379.245	-159.08
379.59	-213.08
379.935	-149.08
380.281	-154.08
380.626	-209.08
380.971	-107.08
381.316	-260.08
381.661	-233.08
382.006	-185.08
382.352	-154.08
382.697	-170.08
383.042	-127.08
383.387	-183.08
383.732	-218.08
384.077	-131.08
384.422	-203.08
384.767	-192.08
385.112	-159.08
385.457	-189.08
385.802	-211.08
386.147	-151.08
386.492	-225.08
386.836	-177.08
387.181	-222.08
387.526	-37.08
387.871	-140.08
388.216	-182.08
388.561	-101.08
388.905	-58.08
389.25	-78.08
389.595	-157.08
389.94	-155.08
390.284	-95.08
390.629	-59.08
390.974	-159.08
391.318	-118.08
391.663	-155.08
392.007	-78.08
392.352	-194.08
392.697	-144.08
393.041	-187.08
393.386	-210.08
393.73	-201.08
394.075	-138.08
394.419	-152.08
394.763	-164.08
395.108	-175.08
395.452	-165.08
395.797	-124.08
396.141	-160.08
396.485	-196.08
396.83	-216.08
397.174	-159.08
397.518	-161.08
397.863	78.92
398.207	-179.08
398.551	-143.08
398.895	-181.08
399.24	-21.08
399.584	-212.08
399.928	-189.08
400.272	-145.08
400.616	-193.08
400.96	-159.08
401.304	-177.08
401.648	-112.08
401.992	-145.08
402.336	-191.08
402.68	-188.08
403.024	415.92
403.368	-195.08
403.712	-164.08
404.056	-192.08
404.4	-198.08
404.744	-121.08
405.088	94.92
405.432	-163.08
405.776	-228.08
406.119	-136.08
406.463	-79.08
406.807	-170.08
407.151	268.92
407.495	-176.08
407.838	-243.08
408.182	-151.08
408.526	383.92
408.869	-125.08
409.213	-157.08
409.557	-229.08
409.9	-202.08
410.244	-152.08
410.587	-190.08
410.931	-119.08
411.274	-216.08
411.618	-113.08
411.961	-132.08
412.305	-117.08
412.648	-149.08
412.992	-66.08
413.335	-165.08
413.679	-216.08
414.022	-73.08
414.365	-96.08
414.709	-130.08
415.052	-166.08
415.395	-167.08
415.739	-279.08
416.082	-249.08
416.425	-191.08
416.768	95.92
417.112	-123.08
417.455	-185.08
417.798	-131.08
418.141	-179.08
418.484	-128.08
418.827	-215.08
419.17	128.92
419.513	-182.08
419.857	-239.08
420.2	-159.08
420.543	-231.08
420.886	-135.08
421.229	-95.08
421.572	-74.08
421.914	-206.08
422.257	-209.08
422.6	-151.08
422.943	348.92
423.286	-221.08
423.629	-156.08
423.972	-187.08
424.315	-144.08
424.657	-185.08
425	-210.08
425.343	-179.08
425.686	-190.08
426.028	-209.08
426.371	-170.08
426.714	-110.08
427.056	-110.08
427.399	-127.08
427.742	-126.08
428.084	-127.08
428.427	-163.08
428.769	-181.08
429.112	-208.08
429.454	-197.08
429.797	-270.08
430.139	-193.08
430.482	-190.08
430.824	-85.08
431.167	-149.08
431.509	-211.08
431.851	-184.08
432.194	-116.08
432.536	-130.08
432.878	-62.08
433.221	228.92
433.563	-50.08
433.905	-123.08
434.248	-73.08
434.59	-95.08
434.932	-145.08
435.274	-65.08
435.616	-203.08
435.959	-72.08
436.301	-174.08
436.643	-234.08
436.985	-172.08
437.327	-94.08
437.669	-188.08
438.011	-111.08
438.353	-72.08
438.695	-152.08
439.037	-188.08
439.379	-141.08
439.721	-252.08
440.063	-174.08
440.405	-256.08
440.747	-221.08
441.089	-169.08
441.43	-248.08
441.772	-202.08
442.114	-156.08
442.456	-177.08
442.798	-201.08
443.139	-224.08
443.481	-163.08
443.823	345.92
444.165	-133.08
444.506	-139.08
444.848	-250.08
445.19	-146.08
445.531	-124.08
445.873	-183.08
446.214	-139.08
446.556	-209.08
446.897	-129.08
447.239	-146.08
447.58	-206.08
447.922	-151.08
448.263	365.92
448.605	-162.08
448.946	-143.08
449.288	-168.08
449.629	-222.08
449.97	-177.08
450.312	-236.08
450.653	-146.08
450.994	-137.08
451.336	-124.08
451.677	-61.08
452.018	-188.08
452.359	-232.08
452.701	-211.08
453.042	-239.08
453.383	-179.08
453.724	-187.08
454.065	-167.08
454.406	-224.08
454.748	-204.08
455.089	-203.08
455.43	-164.08
455.771	-61.08
456.112	-122.08
456.453	-260.08
456.794	-125.08
457.135	-80.08
457.476	-175.08
457.817	-218.08
458.158	-215.08
458.498	-154.08
458.839	-143.08
459.18	-198.08
459.521	-52.08
459.862	14.92
460.203	-126.08
460.543	183.92
460.884	-207.08
461.225	250.92
461.566	-165.08
461.906	-105.08
462.247	-179.08
462.588	-220.08
462.928	57.92
463.269	-148.08
463.609	-235.08
463.95	-161.08
464.291	-204.08
464.631	-195.08
464.972	-109.08
465.312	-132.08
465.653	-155.08
465.993	-147.08
466.333	-58.08
466.674	-112.08
467.014	-121.08
467.355	-192.08
467.695	-136.08
468.035	-172.08
468.376	-9.08
468.716	-175.08
469.056	-76.08
469.397	-163.08
469.737	-220.08
470.077	-189.08
470.417	-183.08
470.757	-214.08
471.098	-161.08
471.438	-151.08
471.778	-208.08
472.118	532.92
472.458	-116.08
472.798	-260.08
473.138	-200.08
473.478	-230.08
473.818	-144.08
474.158	-222.08
474.498	-193.08
474.838	-77.08
475.178	-229.08
475.518	-128.08
475.858	-139.08
476.198	-100.08
476.538	-137.08
476.878	-171.08
477.217	-105.08
477.557	53.92
477.897	-267.08
478.237	-99.08
478.577	-225.08
478.916	-122.08
479.256	-190.08
479.596	-171.08
479.935	-214.08
480.275	-182.08
480.615	195.92
480.954	-83.08
481.294	-235.08
481.633	-159.08
481.973	-168.08
482.313	-156.08
482.652	-122.08
482.992	-192.08
483.331	-161.08
483.67	-108.08
484.01	476.92
484.349	-191.08
484.689	-158.08
485.028	-198.08
485.367	51.92
485.707	-146.08
486.046	-177.08
486.385	-139.08
486.725	-110.08
487.064	-94.08
487.403	-96.08
487.742	-157.08
488.082	-141.08
488.421	-105.08
488.76	-73.08
489.099	-103.08
489.438	-170.08
489.777	-19.08
490.116	-120.08
490.456	-134.08
490.795	33.92
491.134	-216.08
491.473	-151.08
491.812	-192.08
492.151	-144.08
492.49	-204.08
492.828	-137.08
493.167	-116.08
493.506	-115.08
493.845	-195.08
494.184	-45.08
494.523	-102.08
494.862	-208.08
495.2	-115.08
495.539	-172.08
495.878	-206.08
496.217	-151.08
496.555	-170.08
496.894	-94.08
497.233	-75.08
497.571	-22.08
497.91	-163.08
498.249	-165.08
498.587	-200.08
498.926	-113.08
499.264	-74.08
499.603	-146.08
499.942	443.92
500.28	-193.08
500.619	-156.08
500.957	-214.08
501.295	-212.08
501.634	-181.08
501.972	-203.08
502.311	-157.08
502.649	-204.08
502.987	-152.08
503.326	490.92
503.664	-243.08
504.002	-155.08
504.341	-63.08
504.679	-126.08
505.017	-215.08
505.355	-158.08
505.693	-86.08
506.032	114.92
506.37	-188.08
506.708	-254.08
507.046	-177.08
507.384	-210.08
507.722	-178.08
508.06	-96.08
508.398	-214.08
508.736	-115.08
509.074	11.92
509.412	-132.08
509.75	-203.08
510.088	-116.08
510.426	-196.08
510.764	-53.08
511.102	-73.08
511.44	-128.08
511.778	-141.08
512.115	-82.08
512.453	-200.08
512.791	-57.08
513.129	90.92
513.466	-46.08
513.804	121.92
514.142	132.92
514.48	115.92
514.817	99.92
515.155	51.92
515.493	-49.08
515.83	-26.08
516.168	-19.08
516.505	-94.08
516.843	-101.08
517.18	-179.08
517.518	-132.08
517.855	-123.08
518.193	-130.08
518.53	-158.08
518.868	-103.08
519.205	-138.08
519.542	-183.08
519.88	-121.08
520.217	-109.08
520.555	-219.08
520.892	-224.08
521.229	-190.08
521.566	-188.08
521.904	-120.08
522.241	-209.08
522.578	-201.08
522.915	-189.08
523.252	-196.08
523.59	-139.08
523.927	-177.08
524.264	-171.08
524.601	-174.08
524.938	-81.08
525.275	-110.08
525.612	-126.08
525.949	-57.08
526.286	-210.08
526.623	-166.08
526.96	-139.08
527.297	-139.08
527.634	-128.08
527.971	-104.08
528.308	-54.08
528.645	-100.08
528.981	-143.08
529.318	-172.08
529.655	-78.08
529.992	-17.08
530.329	-120.08
530.665	-50.08
531.002	-35.08
531.339	442.92
531.675	236.92
532.012	732.92
532.349	1310.92
532.685	2536.92
533.022	4323.92
533.359	6594.92
533.695	10100.92
534.032	13753.92
534.368	17795.92
534.705	21756.92
535.041	26038.92
535.378	30307.92
535.714	33937.92
536.051	33671.92
536.387	32152.92
536.723	29802.92
537.06	25636.92
537.396	21595.92
537.732	17497.92
538.069	12524.92
538.405	9332.92
538.741	6396.92
539.078	4105.92
539.414	2503.92
539.75	1376.92
540.086	756.92
540.422	283.92
540.759	120.92
541.095	7.92
541.431	-61.08
541.767	-57.08
542.103	-101.08
542.439	-55.08
542.775	-112.08
543.111	-28.08
543.447	12.92
543.783	-95.08
544.119	-66.08
544.455	-101.08
544.791	-96.08
545.127	-114.08
545.463	39.92
545.799	-2.08
546.134	-114.08
546.47	-188.08
546.806	-81.08
547.142	-100.08
547.477	-2.08
547.813	32.92
548.149	51.92
548.485	-110.08
548.82	-89.08
549.156	326.92
549.492	-115.08
549.827	36.92
550.163	-146.08
550.498	-101.08
550.834	-165.08
551.17	366.92
551.505	-174.08
551.841	-136.08
552.176	-131.08
552.512	-104.08
552.847	-220.08
553.182	233.92
553.518	-135.08
553.853	-246.08
554.189	-189.08
554.524	-123.08
554.859	-186.08
555.195	-146.08
555.53	-176.08
555.865	-148.08
556.2	-122.08
556.536	-154.08
556.871	-165.08
557.206	-235.08
557.541	-202.08
557.876	-113.08
558.211	-131.08
558.547	-179.08
558.882	-154.08
559.217	-111.08
559.552	-184.08
559.887	-156.08
560.222	-201.08
560.557	-125.08
560.892	-178.08
561.227	-132.08
561.562	-153.08
561.897	-101.08
562.231	-175.08
562.566	-98.08
562.901	-107.08
563.236	-141.08
563.571	-142.08
563.906	-161.08
564.24	-187.08
564.575	-176.08
564.91	-178.08
565.245	-125.08
565.579	-170.08
565.914	-189.08
566.249	84.92
566.583	-141.08
566.918	-221.08
567.252	-149.08
567.587	-133.08
567.922	-247.08
568.256	-219.08
568.591	-135.08
568.925	-83.08
569.26	-62.08
569.594	-95.08
569.928	-109.08
570.263	-178.08
570.597	-107.08
570.932	-166.08
571.266	-129.08
571.6	-92.08
571.935	-232.08
572.269	-175.08
572.603	-159.08
572.937	-75.08
573.272	-43.08
573.606	-114.08
573.94	-119.08
574.274	-197.08
574.608	-65.08
574.943	-129.08
575.277	-181.08
575.611	-117.08
575.945	-184.08
576.279	-165.08
576.613	-66.08
576.947	-174.08
577.281	-182.08
577.615	-249.08
577.949	-127.08
578.283	-108.08
578.617	-99.08
578.951	-107.08
579.285	-93.08
579.618	-118.08
579.952	-153.08
580.286	-124.08
580.62	-79.08
580.954	-162.08
581.287	-82.08
581.621	-165.08
581.955	-86.08
582.289	-98.08
582.622	-82.08
582.956	-80.08
583.29	-134.08
583.623	-172.08
583.957	-127.08
584.29	-124.08
584.624	-201.08
584.957	-137.08
585.291	-145.08
585.625	-189.08
585.958	-161.08
586.291	-134.08
586.625	-132.08
586.958	-81.08
587.292	-31.08
587.625	-46.08
587.958	436.92
588.292	-121.08
588.625	-73.08
588.958	-126.08
589.292	-211.08
589.625	-204.08
589.958	-80.08
590.291	-102.08
590.625	-206.08
590.958	-91.08
591.291	-154.08
591.624	-168.08
591.957	-129.08
592.29	-164.08
592.623	-179.08
592.957	-204.08
593.29	-80.08
593.623	-155.08
593.956	-115.08
594.289	-92.08
594.622	-65.08
594.954	-97.08
595.287	-197.08
595.62	-53.08
595.953	-67.08
596.286	-122.08
596.619	-151.08
596.952	-140.08
597.285	-218.08
597.617	-86.08
597.95	-123.08
598.283	-197.08
598.616	-191.08
598.948	-107.08
599.281	-87.08
599.614	-157.08
599.946	-219.08
600.279	-118.08
600.611	13.92
600.944	-141.08
601.277	-118.08
601.609	-215.08
601.942	-19.08
602.274	-193.08
602.607	-177.08
602.939	-142.08
603.272	-199.08
603.604	-84.08
603.936	7.92
604.269	-161.08
604.601	-177.08
604.933	-125.08
605.266	-162.08
605.598	-95.08
605.93	-78.08
606.263	-101.08
606.595	-68.08
606.927	-148.08
607.259	-106.08
607.592	-88.08
607.924	-271.08
608.256	-201.08
608.588	-82.08
608.92	-118.08
609.252	-72.08
609.584	-111.08
609.916	-166.08
610.248	-165.08
610.58	-87.08
610.912	-125.08
611.244	-142.08
611.576	-131.08
611.908	-145.08
612.24	-7.08
612.572	-31.08
612.904	146.92
613.236	-50.08
613.567	-23.08
613.899	301.92
614.231	-20.08
614.563	-118.08
614.895	-27.08
615.226	-79.08
615.558	-27.08
615.89	-118.08
616.221	-86.08
616.553	-97.08
616.885	-86.08
617.216	-140.08
617.548	-147.08
617.879	-122.08
618.211	-133.08
618.542	-146.08
618.874	-97.08
619.205	-158.08
619.537	-130.08
619.868	-216.08
620.2	-91.08
620.531	-81.08
620.862	-162.08
621.194	-133.08
621.525	-197.08
621.857	-106.08
622.188	-74.08
622.519	-101.08
622.85	44.92
623.182	-162.08
623.513	-23.08
623.844	-74.08
624.175	-174.08
624.506	-112.08
624.838	-237.08
625.169	-83.08
625.5	-174.08
625.831	51.92
626.162	-173.08
626.493	-151.08
626.824	-136.08
627.155	-179.08
627.486	-36.08
627.817	-167.08
628.148	-32.08
628.479	-167.08
628.81	-112.08
629.141	-218.08
629.471	-139.08
629.802	-114.08
630.133	-109.08
630.464	-64.08
630.795	-207.08
631.125	-147.08
631.456	-61.08
631.787	-63.08
632.118	-38.08
632.448	-70.08
632.779	-76.08
633.11	-131.08
633.44	-138.08
633.771	-103.08
634.101	11.92
634.432	-153.08
634.762	-119.08
635.093	-119.08
635.423	-55.08
635.754	-153.08
636.084	-70.08
636.415	-134.08
636.745	-166.08
637.076	-101.08
637.406	-195.08
637.736	-132.08
638.067	-193.08
638.397	-129.08
638.727	-188.08
639.058	-91.08
639.388	-153.08
639.718	-129.08
640.048	-78.08
640.378	-136.08
640.709	-119.08
641.039	-73.08
641.369	-86.08
641.699	-130.08
642.029	29.92
642.359	-71.08
642.689	-214.08
643.019	-180.08
643.349	34.92
643.679	-88.08
644.009	-65.08
644.339	-129.08
644.669	-143.08
644.999	-150.08
645.329	-117.08
645.659	-158.08
645.989	-175.08
646.319	-127.08
646.648	105.92
646.978	-57.08
647.308	-45.08
647.638	-61.08
647.967	-127.08
648.297	-105.08
648.627	-185.08
648.956	-172.08
649.286	-116.08
649.616	-171.08
649.945	-146.08
650.275	-151.08
650.604	-130.08
650.934	-122.08
651.264	-176.08
651.593	-135.08
651.923	-174.08
652.252	183.92
652.581	-164.08
652.911	-171.08
653.24	-124.08
653.57	-134.08
653.899	-113.08
654.228	744.92
654.558	-152.08
654.887	-131.08
655.216	-186.08
655.546	-144.08
655.875	-206.08
656.204	-176.08
656.533	-48.08
656.862	-56.08
657.192	-162.08
657.521	-144.08
657.85	-181.08
658.179	-126.08
658.508	-176.08
658.837	-167.08
659.166	-70.08
659.495	-155.08
659.824	-147.08
660.153	-231.08
660.482	-177.08
660.811	-199.08
661.14	-215.08
661.469	-213.08
661.798	-114.08
662.127	-175.08
662.455	-43.08
662.784	-74.08
663.113	42.92
663.442	-122.08
663.771	-22.08
664.099	-153.08
664.428	-106.08
664.757	-126.08
665.085	-115.08
665.414	-188.08
665.743	-192.08
666.071	-115.08
666.4	-163.08
666.729	-155.08
667.057	-103.08
667.386	-54.08
667.714	-197.08
668.043	-26.08
668.371	-129.08
668.7	-73.08
669.028	-98.08
669.356	-160.08
669.685	-138.08
670.013	-202.08
670.342	465.92
670.67	-133.08
670.998	-125.08
671.326	-179.08
671.655	-178.08
671.983	-122.08
672.311	-189.08
672.639	-118.08
672.968	-131.08
673.296	-121.08
673.624	-130.08
673.952	-185.08
674.28	-167.08
674.608	-152.08
674.936	-139.08
675.264	-122.08
675.592	-190.08
675.92	-191.08
676.248	-272.08
676.576	137.92
676.904	-64.08
677.232	-170.08
677.56	48.92
677.888	-68.08
678.216	-175.08
678.544	-139.08
678.872	-180.08
679.199	-157.08
679.527	-178.08
679.855	-195.08
680.183	-160.08
680.51	-157.08
680.838	-133.08
681.166	-114.08
681.493	-116.08
681.821	-199.08
682.149	-160.08
682.476	-194.08
682.804	-193.08
683.131	-186.08
683.459	-143.08
683.786	-190.08
684.114	-105.08
684.441	-225.08
684.769	-87.08
685.096	491.92
685.424	-166.08
685.751	-115.08
686.078	-84.08
686.406	-199.08
686.733	-184.08
687.06	-249.08
687.388	-166.08
687.715	-159.08
688.042	-135.08
688.369	-169.08
688.697	-128.08
689.024	-126.08
689.351	-107.08
689.678	-148.08
690.005	-137.08
690.332	-166.08
690.66	-152.08
690.987	-140.08
691.314	-43.08
691.641	-220.08
691.968	-217.08
692.295	-127.08
692.622	-86.08
692.949	283.92
693.276	-117.08
693.602	-78.08
693.929	-114.08
694.256	-34.08
694.583	-61.08
694.91	-161.08
695.237	-89.08
695.563	-140.08
695.89	-86.08
696.217	-178.08
696.544	-233.08
696.87	-129.08
697.197	-101.08
697.524	-84.08
697.85	-81.08
698.177	-193.08
698.504	-158.08
698.83	-160.08
699.157	-133.08
699.483	-163.08
699.81	-108.08
700.136	-70.08
700.463	-224.08
700.789	-67.08
701.116	-186.08
701.442	-164.08
701.768	-158.08
702.095	-211.08
702.421	-160.08
702.747	-82.08
703.074	-140.08
703.4	-237.08
703.726	-166.08
704.053	-142.08
704.379	-98.08
704.705	-144.08
705.031	-105.08
705.357	-56.08
705.683	-101.08
706.01	-152.08
706.336	-141.08
706.662	-259.08
706.988	-170.08
707.314	-207.08
707.64	-109.08
707.966	-67.08
708.292	-137.08
708.618	-128.08
708.944	-94.08
709.27	-38.08
709.596	-146.08
709.922	-14.08
710.247	-153.08
710.573	-60.08
710.899	-74.08
711.225	-191.08
711.551	98.92
711.876	-220.08
712.202	-136.08
712.528	-186.08
712.854	-193.08
713.179	162.92
713.505	-150.08
713.83	515.92
714.156	-40.08
714.482	-120.08
714.807	-131.08
715.133	-171.08
715.458	-133.08
715.784	-155.08
716.109	-24.08
716.435	-210.08
716.76	-204.08
717.086	-177.08
717.411	-156.08
717.736	-42.08
718.062	-102.08
718.387	-180.08
718.712	-165.08
719.038	-201.08
719.363	-100.08
719.688	-110.08
720.014	-99.08
720.339	-124.08
720.664	-91.08
720.989	-137.08
721.314	349.92
721.639	-238.08
721.965	-114.08
722.29	-123.08
722.615	-158.08
722.94	-152.08
723.265	-170.08
723.59	-19.08
723.915	641.92
724.24	-116.08
724.565	-206.08
724.89	-188.08
725.215	-154.08
725.54	-169.08
725.864	-147.08
726.189	-128.08
726.514	-55.08
726.839	-89.08
727.164	-119.08
727.488	98.92
727.813	-163.08
728.138	-185.08
728.463	-121.08
728.787	-198.08
729.112	-91.08
729.437	-143.08
729.761	-192.08
730.086	-144.08
730.41	-159.08
730.735	-175.08
731.06	-177.08
731.384	-144.08
731.709	-195.08
732.033	-200.08
732.358	-166.08
732.682	-157.08
733.006	-124.08
733.331	-123.08
733.655	-214.08
733.98	-147.08
734.304	-150.08
734.628	-110.08
734.952	-55.08
735.277	-200.08
735.601	-120.08
735.925	-141.08
736.249	-138.08
736.574	-172.08
736.898	-203.08
737.222	-113.08
737.546	-152.08
737.87	-155.08
738.194	-145.08
738.518	-199.08
738.842	-115.08
739.166	-134.08
739.49	-181.08
739.814	-105.08
740.138	-131.08
740.462	-116.08
740.786	-63.08
741.11	-165.08
741.434	-127.08
741.758	-95.08
742.082	-227.08
742.406	-219.08
742.729	-103.08
743.053	-234.08
743.377	-155.08
743.701	-182.08
744.024	134.92
744.348	-181.08
744.672	-105.08
744.995	-172.08
745.319	-120.08
745.643	-118.08
745.966	-160.08
746.29	342.92
746.613	179.92
746.937	-80.08
747.26	-109.08
747.584	-106.08
747.907	-133.08
748.231	-89.08
748.554	-148.08
748.878	-195.08
749.201	-216.08
749.524	-211.08
749.848	-120.08
750.171	-177.08
750.494	-135.08
750.818	59.92
751.141	-164.08
751.464	-48.08
751.787	-143.08
752.11	-188.08
752.434	-118.08
752.757	-57.08
753.08	-190.08
753.403	-183.08
753.726	-150.08
754.049	-162.08
754.372	-193.08
754.695	-145.08
755.018	-144.08
755.341	-175.08
755.664	-168.08
755.987	-154.08
756.31	-165.08
756.633	-151.08
756.956	-117.08
757.279	-100.08
757.602	-161.08
757.924	-244.08
758.247	-107.08
758.57	-60.08
758.893	-276.08
759.215	-88.08
759.538	-169.08
759.861	-146.08
760.184	-173.08
760.506	-246.08
760.829	-159.08
761.151	-122.08
761.474	-186.08
761.797	-240.08
762.119	-83.08
762.442	-112.08
762.764	-62.08
763.087	-199.08
763.409	-138.08
763.732	-91.08
764.054	-112.08
764.376	-119.08
764.699	-169.08
765.021	-234.08
765.344	-124.08
765.666	-80.08
765.988	-112.08
766.31	40.92
766.633	-160.08
766.955	-120.08
767.277	-95.08
767.599	-157.08
767.922	-151.08
768.244	-55.08
768.566	6.92
768.888	-131.08
769.21	-173.08
769.532	-164.08
769.854	-78.08
770.176	-93.08
770.498	-87.08
770.82	-150.08
771.142	-77.08
771.464	-73.08
771.786	-116.08
772.108	158.92
772.43	-126.08
772.752	-185.08
773.074	-167.08
773.395	-37.08
773.717	-253.08
774.039	-141.08
774.361	253.92
774.683	-165.08
775.004	-122.08
775.326	-180.08
775.648	-149.08
775.969	-206.08
776.291	-53.08
776.613	-122.08
776.934	-117.08
777.256	-151.08
777.577	-122.08
777.899	-192.08
778.22	-198.08
778.542	-161.08
778.863	-106.08
779.185	-133.08
779.506	-167.08
779.827	-149.08
780.149	-181.08
780.47	-124.08
780.792	358.92
781.113	-140.08
781.434	-105.08
781.755	-59.08
782.077	-31.08
782.398	-81.08
782.719	16.92
783.04	-111.08
783.362	-192.08
783.683	-118.08
784.004	-126.08
784.325	-92.08
784.646	-80.08
784.967	-100.08
785.288	-115.08
785.609	-58.08
785.93	-157.08
786.251	-125.08
786.572	-216.08
786.893	21.92
787.214	-48.08
787.535	-91.08
787.856	-163.08
788.177	-41.08
788.498	-72.08
788.818	-115.08
789.139	-73.08
789.46	-142.08
789.781	-165.08
790.101	-47.08
790.422	-69.08
790.743	-187.08
791.064	-167.08
791.384	-25.08
791.705	-35.08
792.025	-128.08
792.346	5.92
792.667	-51.08
792.987	-201.08
793.308	-181.08
793.628	-117.08
793.949	-181.08
794.269	-56.08
794.59	-120.08
794.91	-107.08
795.23	-168.08
795.551	-126.08
795.871	-166.08
796.191	-114.08
796.512	-103.08
796.832	-98.08
797.152	-102.08
797.473	81.92
797.793	-45.08
798.113	-119.08
798.433	702.92
798.753	-105.08
799.074	-134.08
799.394	-120.08
799.714	-92.08
800.034	-192.08
800.354	-128.08
800.674	-78.08
800.994	1.92
801.314	-56.08
801.634	-126.08
801.954	-110.08
802.274	-39.08
802.594	-38.08
802.914	-94.08
803.234	-54.08
803.553	-146.08
803.873	-55.08
804.193	-145.08
804.513	-87.08
804.833	-119.08
805.152	-85.08
805.472	-159.08
805.792	293.92
806.112	-170.08
806.431	-154.08
806.751	-107.08
807.07	-108.08
807.39	520.92
807.71	-31.08
808.029	-95.08
808.349	-49.08
808.668	-142.08
808.988	-140.08
809.307	-128.08
809.627	-156.08
809.946	-212.08
810.266	-145.08
810.585	-59.08
810.904	-118.08
811.224	-174.08
811.543	-125.08
811.862	-35.08
812.182	-74.08
812.501	-72.08
812.82	-158.08
813.139	-105.08
813.459	-125.08
813.778	-154.08
814.097	-126.08
814.416	-199.08
814.735	-58.08
815.054	-67.08
815.373	94.92
815.692	-56.08
816.011	-165.08
816.33	-49.08
816.649	-49.08
816.968	-66.08
817.287	-133.08
817.606	-65.08
817.925	-19.08
818.244	295.92
818.563	-79.08
818.882	-171.08
819.201	-17.08
819.519	-127.08
819.838	-42.08
820.157	139.92
820.476	415.92
820.794	-129.08
821.113	38.92
821.432	-42.08
821.75	-164.08
822.069	-61.08
822.388	-77.08
822.706	29.92
823.025	-77.08
823.343	-135.08
823.662	-61.08
823.98	-113.08
824.299	-35.08
824.617	-173.08
824.936	-5.08
825.254	-98.08
825.573	-89.08
825.891	38.92
826.209	-118.08
826.528	-36.08
826.846	-49.08
827.164	23.92
827.483	-107.08
827.801	-56.08
828.119	-46.08
828.437	-106.08
828.755	-103.08
829.074	-49.08
829.392	-19.08
829.71	2.92
830.028	-1.08
830.346	-67.08
830.664	-65.08
830.982	-23.08
831.3	-34.08
831.618	21.92
831.936	2.92
832.254	-19.08
832.572	16.92
832.89	-51.08
833.208	-57.08
833.526	-69.08
833.844	-9.08
834.161	-8.08
834.479	-38.08
834.797	-25.08
835.115	6.92
835.433	-12.08
835.75	64.92
836.068	10.92
836.386	23.92
836.703	-6.08
837.021	6.92
837.339	-21.08
837.656	-26.08
837.974	-45.08
838.291	43.92
838.609	42.92
838.926	-2.08
839.244	3.92
839.561	-60.08
839.879	22.92
840.196	63.92
840.514	-8.08
840.831	-89.08
841.148	8.92
841.466	-78.08
841.783	26.92
842.1	161.92
842.418	111.92
842.735	-92.08
843.052	9.92
843.369	-27.08
843.687	68.92
844.004	113.92
844.321	-89.08
844.638	18.92
844.955	-28.08
845.272	-81.08
845.589	-9.08
845.906	-49.08
846.223	89.92
846.54	-73.08
846.857	-23.08
847.174	-29.08
847.491	-7.08
847.808	-11.08
848.125	-14.08
848.442	72.92
848.759	4.92
849.076	47.92
849.392	106.92
849.709	-1.08
850.026	-69.08
850.343	-38.08
850.659	-76.08
850.976	-1.08
851.293	20.92
851.609	103.92
851.926	-36.08
852.243	-70.08
852.559	-86.08
852.876	-66.08
853.192	85.92
853.509	-30.08
853.826	26.92
854.142	-20.08
854.458	-80.08
854.775	-46.08
855.091	-27.08
855.408	-91.08
855.724	-107.08
856.041	-74.08
856.357	0.92
856.673	341.92
856.989	4.92
857.306	28.92
857.622	42.92
857.938	-65.08
858.254	-67.08
858.571	63.92
858.887	-97.08
859.203	-57.08
859.519	2.92
859.835	-47.08
860.151	69.92
860.467	-51.08
860.783	0.92
861.099	-116.08
861.415	-82.08
861.731	0.92
862.047	-47.08
862.363	-43.08
862.679	-67.08
862.995	78.92
863.311	-66.08
863.627	78.92
863.943	41.92
864.259	28.92
864.574	-41.08
864.89	-57.08
865.206	-99.08
865.522	0.92
865.837	-116.08
866.153	-0.08
866.469	-29.08
866.784	-11.08
867.1	40.92
867.415	-17.08
867.731	17.92
868.047	111.92
868.362	340.92
868.678	149.92
868.993	16.92
869.309	74.92
869.624	17.92
869.939	-9.08
870.255	59.92
870.57	56.92
870.886	-48.08
871.201	0.92
871.516	-16.08
871.832	15.92
872.147	55.92
872.462	39.92
872.777	32.92
873.093	-2.08
873.408	108.92
873.723	-68.08
874.038	52.92
874.353	29.92
874.668	42.92
874.983	47.92
875.298	40.92
875.614	-5.08
875.929	27.92
876.244	56.92
876.559	-1.08
876.873	367.92
877.188	-10.08
877.503	34.92
877.818	-61.08
878.133	20.92
878.448	81.92
878.763	101.92
879.078	59.92
879.392	34.92
879.707	58.92
880.022	32.92
880.337	12.92
880.651	33.92
880.966	0.92
881.281	38.92
881.595	119.92
881.91	114.92
882.224	60.92
882.539	125.92
882.854	25.92
883.168	186.92
883.483	142.92
883.797	147.92
884.112	92.92
884.426	150.92
884.74	201.92
885.055	103.92
885.369	94.92
885.684	66.92
885.998	39.92
886.312	138.92
886.626	83.92
886.941	193.92
887.255	37.92
887.569	208.92
887.883	80.92
888.198	124.92
888.512	68.92
888.826	137.92
889.14	133.92
889.454	52.92
889.768	109.92
890.082	234.92
890.396	164.92
890.71	231.92
891.024	139.92
891.338	99.92
