19605.0    28732.0    68036.66666666666    92147.33333333333    87520.66666666667    44892.666666666664
21553.333333333336    31204.333333333336    65850.33333333334    88342.33333333333    83427.66666666667    49456.33333333334
20926.666666666664    27310.666666666664    59331.33333333333    84487.33333333331    84754.66666666666    49353.333333333336
15506.333333333334    22775.666666666668    44906.99999999999    80643.33333333333    81945.66666666667    52896.66666666667
16046.666666666668    26141.666666666668    50498.666666666664    75862.00000000001    84790.99999999999    55708.66666666666
19854.0    26076.33333333333    55546.99999999999    89584.0    78599.33333333334    44783.66666666667
17832.333333333336    23026.666666666668    56718.33333333332    83306.33333333331    76756.0    43766.333333333336
15862.0    23045.999999999996    52205.00000000001    78968.66666666667    69511.66666666667    42157.33333333333
18035.333333333336    26343.999999999996    50602.333333333336    75206.66666666666    70964.66666666667    45631.00000000001
18005.666666666664    26348.666666666668    56832.66666666667    80226.99999999997    70252.33333333333    40517.0
16282.000000000002    25947.0    53339.99999999999    74301.33333333333    71194.66666666666    44637.33333333334
15656.999999999998    23526.666666666668    50088.66666666666    74528.33333333333    67457.33333333333    40626.333333333336
13920.666666666668    23294.0    50231.66666666667    69932.33333333333    60893.00000000001    34734.333333333336
20931.999999999996    23198.333333333336    44609.333333333336    70319.33333333333    63866.333333333336    44116.666666666664
17258.666666666668    23682.333333333336    41363.666666666664    76832.33333333333    61038.99999999999    40077.33333333332
14327.666666666668    19566.0    39400.333333333336    55909.666666666664    55498.0    28165.0
18198.33333333333    25553.33333333334    47505.666666666664    81943.33333333333    72069.0    37518.66666666667
17973.0    24841.000000000004    52942.33333333336    81585.0    67315.00000000001    35765.00000000001
17705.333333333332    19441.333333333332    48517.333333333336    79216.66666666667    74306.99999999999    44614.33333333333
14757.666666666666    29901.0    64421.0    85476.0    79723.66666666667    41433.999999999985
17363.333333333332    23833.333333333336    52895.99999999999    81288.33333333333    79587.66666666667    41679.333333333336
16465.999999999996    30668.0    57725.66666666668    84483.0    76867.66666666667    42137.00000000001
17147.333333333336    25840.666666666664    62218.66666666668    91694.66666666667    76465.33333333334    42763.999999999985
20856.666666666664    31009.66666666667    55642.66666666668    93134.99999999999    79387.0    49678.0
14738.666666666668    26549.66666666667    61277.66666666666    84738.66666666667    81726.33333333333    49841.99999999999
22037.333333333336    29740.333333333332    66782.33333333334    85758.66666666669    83323.66666666669    52392.33333333333
17194.666666666664    21517.333333333332    48973.00000000001    76284.33333333334    77045.0    51213.33333333333
16596.0    22811.666666666664    55185.0    81588.66666666666    79681.66666666667    53673.33333333333
17314.666666666668    24388.66666666667    51266.66666666667    90034.33333333333    80011.66666666667    48292.33333333333
17065.333333333332    22724.666666666668    49597.0    77896.66666666666    80254.33333333333    53070.333333333336
16499.666666666668    22130.000000000004    53509.333333333336    77658.0    76622.33333333333    52568.33333333334
