21965.999999999996    36471.0    50866.333333333336    56116.33333333333    50202.0    30903.66666666666    17014.333333333336    10574.666666666668    10745.666666666668    8402.0    7132.666666666667    5946.999999999999    6429.333333333333    7151.333333333333    5553.333333333334    5557.0    5080.0    4821.666666666666
20252.666666666664    37296.666666666664    52289.333333333336    56236.33333333333    49584.99999999999    29874.0    18328.333333333336    10490.000000000002    9446.333333333334    9815.0    7125.999999999999    8506.333333333332    5380.0    4633.333333333333    4016.3333333333335    5911.666666666667    5314.666666666667    5332.333333333334
12521.666666666666    23177.666666666668    33993.666666666664    41272.666666666664    31764.333333333332    25434.0    16834.666666666668    7718.999999999999    8440.0    8488.333333333334    7807.000000000001    10837.666666666666    14883.0    16201.666666666668    19412.333333333332    22062.0    14989.999999999998    10324.333333333334
3218.0    3512.0000000000005    4261.0    3686.0    5017.0    4359.333333333333    5460.333333333334    4865.666666666667    6875.333333333333    6068.666666666666    9958.000000000002    15667.0    30763.999999999996    38834.33333333333    46046.666666666664    50700.0    34048.666666666664    25332.666666666664
4508.666666666666    3768.0000000000005    4089.0    3792.333333333333    4799.333333333334    6274.0    5323.666666666666    6186.666666666667    7545.000000000001    9041.0    11666.0    19076.0    28169.666666666664    39835.33333333333    49129.0    42858.333333333336    32685.666666666668    30301.0
17689.333333333332    20827.333333333332    21132.0    25169.333333333332    19520.0    21163.0    16411.0    11478.0    10691.0    9161.0    8653.666666666666    12178.666666666668    16951.333333333336    19155.0    24947.0    20195.0    23460.333333333332    15661.333333333334
11963.999999999998    25955.0    25317.0    25744.666666666668    27080.666666666668    21590.0    21123.0    16674.0    9710.666666666666    8076.0    8150.0    8704.0    14489.0    14160.666666666666    14297.333333333332    14511.999999999998    18087.333333333336    15770.666666666666
11142.666666666668    10849.666666666668    10801.333333333332    10822.666666666666    10897.666666666666    12083.333333333334    11942.333333333334    7456.0    7467.666666666667    9237.666666666666    10240.666666666666    15835.666666666666    22011.666666666664    25903.0    24644.0    30332.66666666667    28851.333333333336    21230.666666666668
15489.666666666666    17642.333333333336    16235.666666666666    13572.000000000002    11689.666666666668    15068.666666666666    15456.666666666666    11710.666666666668    10518.666666666666    8806.0    13650.333333333332    15879.333333333334    17134.333333333332    23228.333333333332    21641.333333333332    20983.666666666668    21874.999999999996    16201.666666666666
26758.666666666668    24466.000000000004    26567.333333333336    35150.0    28418.333333333332    28001.000000000004    25270.333333333336    18154.666666666668    16963.0    12502.0    8137.666666666668    7856.0    6349.0    7192.666666666666    6002.666666666667    5783.666666666667    4936.0    3674.333333333333
22447.0    22598.333333333332    22225.666666666668    22414.333333333332    20883.999999999996    19330.333333333332    18898.0    20742.666666666668    21745.333333333336    19620.999999999996    11071.666666666666    7373.666666666667    6340.666666666667    9889.333333333334    14882.0    11417.666666666668    8952.0    4868.666666666667
5679.0    8101.333333333333    10668.0    15725.0    13904.333333333332    8512.666666666666    11498.666666666668    16387.666666666668    21571.666666666668    23217.666666666664    20188.666666666668    17150.333333333336    18404.0    17270.0    15982.66666666667    15234.0    15601.333333333334    16787.333333333336
7164.666666666667    9726.666666666666    12637.333333333332    17421.0    13731.333333333332    17501.333333333332    17556.666666666668    17880.666666666664    16905.666666666664    13402.333333333332    14032.000000000002    17646.666666666664    16684.333333333332    13154.666666666668    11633.333333333332    11627.333333333332    10942.0    13358.0
4871.333333333333    5824.666666666667    6939.333333333334    11734.666666666668    15499.333333333334    19788.0    19282.0    15154.666666666668    15292.333333333332    16458.0    13046.333333333334    15682.999999999998    16438.333333333332    17108.333333333336    24421.0    17508.333333333336    16588.0    15404.333333333332
9849.666666666668    13432.666666666666    12928.666666666666    14571.333333333332    12843.000000000002    14049.0    14106.0    13823.333333333332    11839.666666666666    12348.666666666666    10845.333333333334    16398.666666666664    16268.666666666668    17303.333333333332    20199.666666666664    21806.333333333332    15319.666666666664    12319.666666666666
11685.0    12402.333333333334    15874.33333333333    16240.333333333334    14368.333333333334    13549.0    11393.333333333334    12882.666666666666    10181.000000000002    11119.000000000002    8286.333333333334    11515.666666666666    10318.333333333334    8163.0    9820.333333333334    13213.666666666666    9374.0    12480.0
10579.333333333334    14542.000000000002    16019.999999999998    20029.0    18040.666666666668    14146.0    15383.666666666666    15014.333333333334    17710.0    18693.0    18626.666666666664    14771.333333333334    15492.666666666668    16069.000000000002    13090.0    14525.000000000002    14751.0    15304.666666666666
23150.666666666668    21901.333333333336    28290.333333333336    28694.333333333336    28968.66666666667    20174.666666666668    17041.333333333332    20151.000000000004    21966.666666666664    18244.0    9807.333333333334    8527.000000000002    7933.666666666667    6766.666666666667    5389.0    5204.666666666667    4675.0    3535.0
3569.666666666667    4101.0    4766.333333333334    4384.0    4464.333333333334    6571.333333333333    6047.0    7265.0    10759.666666666668    13276.666666666666    24828.0    19592.333333333332    32670.333333333336    28227.666666666668    27876.0    31063.333333333336    26888.0    27451.333333333332
22407.333333333336    33569.666666666664    39117.66666666667    39818.666666666664    32999.0    35824.0    28326.666666666664    20631.666666666664    11124.333333333334    8874.666666666666    5890.666666666666    6305.333333333334    5685.666666666667    4400.0    5524.0    5374.666666666666    4490.0    5349.333333333333
12511.0    17768.333333333336    14042.333333333334    11716.666666666666    12671.0    14301.666666666666    14592.333333333332    10981.0    9879.999999999998    7049.333333333333    9921.999999999998    14096.333333333332    18659.333333333336    27059.666666666668    25870.333333333336    25734.0    28063.0    21729.666666666664
23204.000000000004    30236.999999999996    40809.0    42064.333333333336    44136.33333333333    32940.0    21148.333333333332    14436.666666666668    9538.333333333332    8772.333333333334    6564.999999999999    6547.333333333333    5763.0    5711.666666666667    4531.666666666667    3847.333333333333    3119.0    4976.0
24499.666666666668    35306.33333333333    43057.33333333333    47438.333333333336    39934.66666666667    30600.666666666668    26117.0    13511.666666666666    8417.333333333332    7741.333333333334    6685.666666666667    5824.0    6426.333333333334    3900.333333333333    4011.333333333333    3928.6666666666665    4575.0    4155.0
21918.333333333332    27673.666666666668    33250.666666666664    30119.666666666668    32551.666666666664    26446.666666666668    15667.000000000002    10291.000000000002    10411.333333333334    7879.666666666666    9839.666666666668    8772.666666666668    11345.333333333332    16636.666666666664    20710.333333333332    19287.666666666668    14699.0    12208.0
9239.666666666666    13996.333333333332    21780.666666666664    21218.0    17016.0    14956.333333333332    9505.666666666666    7435.666666666666    8168.666666666667    6737.333333333333    8803.666666666666    12123.333333333332    21552.666666666668    28029.666666666668    34584.99999999999    33325.333333333336    31372.33333333334    19026.666666666668
16592.000000000004    22596.333333333336    35863.666666666664    38029.66666666667    34514.0    27279.33333333333    19205.0    11044.666666666668    7914.999999999999    9444.666666666666    9008.666666666666    8485.0    12364.666666666668    16464.666666666668    24337.000000000004    21248.666666666668    13401.0    12240.666666666668
3972.0000000000005    4091.3333333333335    3745.333333333333    3204.666666666667    4206.666666666667    4689.666666666667    4085.9999999999995    4926.666666666666    7843.0    8106.666666666667    8975.333333333332    11083.333333333334    22886.0    37048.333333333336    53390.333333333336    50411.666666666664    40286.33333333333    19274.333333333332
5162.0    3355.333333333333    3918.6666666666665    4781.0    3799.3333333333335    4400.0    4071.333333333333    5962.333333333333    5089.666666666666    9347.333333333332    10276.666666666666    15511.666666666668    23767.333333333332    44764.66666666667    57121.66666666667    54156.0    37295.0    16756.333333333332
5604.666666666667    7613.333333333333    12499.999999999998    13740.333333333334    11801.333333333332    11375.999999999998    8348.666666666666    6823.666666666668    6904.333333333334    5865.666666666667    8743.666666666666    13140.0    23688.333333333336    35365.00000000001    49227.33333333333    46831.333333333336    26172.0    17562.666666666668
4553.666666666667    4496.333333333334    4952.0    5685.333333333334    4816.0    5253.000000000001    4620.333333333334    4614.666666666667    5419.0    8096.333333333334    9897.666666666666    11844.666666666666    24050.333333333336    45439.666666666664    53430.333333333336    48956.66666666667    35928.0    18554.333333333332
5262.333333333333    4982.999999999999    4314.0    4409.0    4764.333333333334    4903.333333333334    4470.0    5378.666666666667    7027.666666666667    8417.666666666666    8934.0    8603.666666666666    21947.666666666668    44041.66666666667    54931.0    53559.66666666667    34321.0    18719.0
