17300.666666666668    32975.0    67270.33333333333    94240.99999999997    80568.33333333331    45594.33333333333
23628.333333333332    34624.666666666664    71938.0    89559.33333333333    79431.00000000001    51843.666666666664
18108.666666666668    35288.66666666667    67883.66666666669    99412.66666666669    76602.99999999997    43610.0
19318.33333333333    41042.66666666666    82352.33333333334    91856.00000000003    77287.33333333334    40324.666666666664
16998.666666666668    30848.000000000004    56374.33333333334    85749.66666666667    77673.33333333333    43605.666666666664
22059.666666666664    38218.333333333336    80160.33333333331    94503.99999999999    79492.00000000001    41765.33333333334
20657.999999999996    34037.33333333333    76264.66666666667    100812.66666666666    72098.33333333333    42331.666666666664
17214.666666666668    27095.33333333333    54582.66666666667    90482.66666666667    69575.66666666667    42351.666666666664
15265.0    25992.666666666664    49410.66666666667    74864.0    70128.0    41627.333333333336
19090.333333333332    24536.666666666668    46818.0    67570.66666666666    67070.33333333334    43661.99999999999
22632.0    33465.666666666664    64156.33333333335    89431.99999999999    74951.0    34290.666666666664
20610.0    31446.666666666664    54102.666666666664    78062.33333333334    68103.33333333331    39488.333333333336
17977.333333333336    26697.666666666668    55778.0    80419.33333333334    60670.00000000001    32438.666666666664
16675.666666666664    26542.999999999996    56069.666666666664    77591.66666666667    59257.33333333333    37036.33333333333
15447.333333333334    27092.999999999996    47509.66666666668    68573.66666666667    57876.66666666666    43714.33333333334
18736.333333333336    21791.333333333332    49385.0    65390.666666666664    54758.33333333333    37044.0
16352.999999999998    25965.333333333332    40464.66666666666    47841.33333333333    45571.666666666664    29696.666666666664
18357.0    29500.0    67205.66666666667    91097.33333333334    74858.0    37321.666666666664
17263.666666666664    25223.333333333332    51065.66666666667    72144.33333333333    64540.66666666667    41307.33333333333
19544.0    23217.333333333332    43881.666666666664    71280.0    67961.33333333334    37458.0
15816.333333333332    20431.666666666668    48279.00000000001    71069.33333333333    68417.66666666667    39256.333333333336
21768.333333333336    31667.0    77638.33333333333    92235.33333333331    77651.33333333333    29614.666666666664
15958.666666666668    33919.0    67771.66666666667    93088.0    83800.66666666667    43541.33333333334
19547.666666666668    34448.666666666664    77385.00000000001    95792.6666666667    74555.99999999999    38299.0
20775.666666666668    35855.666666666664    71365.99999999999    92715.66666666666    70929.66666666666    32255.0
14833.333333333334    25598.666666666664    59486.66666666667    76227.66666666667    73335.33333333333    42067.00000000001
17878.333333333332    32035.333333333336    61676.00000000001    79845.66666666666    62792.99999999999    34980.0
17308.0    31510.000000000007    59485.99999999999    86306.0    71539.66666666667    36543.66666666667
15948.333333333332    23012.333333333336    54108.333333333336    70313.66666666667    69487.33333333333    42031.66666666667
15734.333333333334    24563.666666666668    52785.0    70051.0    70460.66666666667    42042.333333333336
15745.999999999998    21909.0    46875.66666666667    76207.33333333333    74290.66666666667    48387.00000000001
