10625.0    23009.999999999996    35892.666666666664    50015.666666666664    55793.0    45374.0    34100.0    20048.333333333336    8469.333333333332    8930.666666666668    6674.0    8150.333333333333    7655.333333333333    5264.0    4844.0    4575.0    4229.0    4299.333333333334
14583.666666666668    25475.66666666667    37751.333333333336    57209.666666666664    54576.333333333336    47407.0    30420.333333333332    16592.0    9344.333333333332    7945.333333333333    9473.0    6875.000000000001    7657.0    5892.0    5873.666666666667    4998.0    4126.333333333332    4824.333333333334
14495.666666666666    26088.333333333332    36636.33333333333    46232.666666666664    50132.333333333336    43641.0    34884.0    20965.333333333336    10528.333333333334    8119.333333333334    7303.333333333333    8343.666666666668    6765.0    7057.333333333333    4398.666666666666    4777.333333333334    4232.333333333334    6305.666666666667
11755.333333333332    23394.333333333332    41450.333333333336    51310.666666666664    52807.0    45029.333333333336    34067.66666666667    21051.0    12866.333333333334    9375.0    10839.666666666666    6682.333333333333    7010.333333333333    6013.333333333334    4413.333333333333    4971.0    4810.333333333334    4334.0
6903.666666666667    11498.333333333334    16755.333333333336    19957.333333333332    23149.333333333332    18028.666666666664    15593.666666666666    10110.000000000002    7018.000000000001    8775.333333333332    8780.666666666666    12006.000000000002    15597.333333333334    22388.0    25874.0    27089.0    32015.666666666664    29709.33333333334
12556.333333333334    27630.999999999996    42513.66666666667    40837.333333333336    50581.0    46970.66666666667    35377.333333333336    24096.666666666668    13779.333333333334    12420.333333333334    8456.000000000002    7182.666666666666    7054.666666666666    5367.0    6216.333333333334    5897.666666666666    4134.333333333334    5127.333333333334
19899.0    27663.333333333332    43266.333333333336    41628.0    40297.333333333336    40538.333333333336    33485.0    25660.999999999996    16211.333333333334    10810.333333333334    8851.666666666666    5410.666666666666    5977.0    7696.999999999999    4717.0    4528.333333333334    4447.333333333334    5113.666666666666
10651.333333333332    12608.666666666668    15766.333333333334    19459.0    20182.000000000004    17479.0    14608.0    11411.666666666666    9314.333333333332    9114.0    7706.666666666667    12720.333333333334    22187.333333333336    21853.666666666668    21730.333333333332    24536.666666666664    22912.0    27061.333333333336
4163.666666666666    5221.666666666667    3515.6666666666665    3381.333333333333    4790.0    5553.666666666667    4308.666666666666    5449.0    7155.999999999999    7306.666666666666    13720.0    19626.0    24232.999999999996    34728.99999999999    33423.666666666664    36444.0    32643.666666666668    31622.000000000004
6866.0    6233.666666666666    7586.0    5260.333333333333    4802.0    8192.666666666666    9190.333333333332    7226.000000000001    7473.666666666667    10877.666666666666    13929.999999999998    20982.0    29377.0    22042.999999999996    25685.666666666668    29404.666666666668    29348.000000000004    24269.333333333336
26344.666666666668    26849.333333333332    22270.666666666668    25462.333333333332    26789.666666666668    28486.666666666664    26344.666666666664    25102.0    25345.333333333332    22779.0    18154.666666666664    11675.000000000002    6429.333333333333    6842.333333333333    5661.666666666667    5028.0    3654.6666666666665    5707.666666666667
19219.333333333332    19216.666666666668    20869.666666666668    21890.999999999996    29914.333333333332    23041.000000000004    24707.666666666668    15944.0    16370.333333333334    20869.666666666668    20520.0    15761.666666666666    9276.666666666666    10153.666666666668    6047.666666666667    6221.0    5513.333333333334    6275.666666666666
15531.000000000002    17244.333333333332    20486.666666666664    19502.333333333332    21617.0    17890.666666666668    19311.0    15058.666666666666    18680.0    16863.666666666668    16154.666666666666    16675.0    18665.0    12338.0    9340.333333333334    6645.666666666666    7729.666666666666    4247.333333333334
16429.666666666664    17064.333333333336    15288.333333333332    16641.333333333332    17673.666666666668    17905.333333333336    18879.0    13264.000000000002    13890.666666666668    15170.666666666666    11490.666666666666    14747.666666666666    15069.666666666668    19940.666666666668    15640.333333333334    15030.333333333334    10447.0    8600.333333333334
8216.0    11808.0    15851.333333333332    21783.333333333332    23966.33333333333    18417.666666666668    15505.66666666667    13353.333333333334    15681.999999999998    14626.000000000002    14095.333333333332    13395.0    14484.666666666668    12796.666666666668    8851.0    13887.000000000002    11598.333333333334    11897.0
13571.333333333334    15203.666666666666    16299.333333333332    13566.0    10906.333333333332    13848.666666666666    11301.333333333334    14390.666666666666    12304.333333333334    13830.0    11005.333333333334    12053.666666666666    9922.0    15510.666666666666    14828.0    14936.333333333334    19574.0    14054.0
8635.333333333332    10263.333333333332    13409.333333333332    17486.666666666664    16817.666666666668    17100.0    9881.666666666666    10401.666666666666    11740.333333333334    8754.333333333334    8239.666666666668    8937.333333333334    11600.333333333332    10279.0    11548.0    9398.666666666666    11438.333333333332    9961.000000000002
28166.666666666668    24762.666666666668    21370.333333333332    28103.333333333332    24728.0    24934.666666666664    28275.999999999996    21853.666666666668    26961.666666666664    24344.666666666668    16989.333333333332    11898.333333333334    7783.666666666667    6628.0    4643.0    5435.666666666667    6679.000000000001    4781.0
5430.666666666667    5771.0    10471.333333333332    11421.999999999998    11734.333333333334    11633.666666666664    11439.0    7141.666666666667    6552.333333333333    12776.666666666666    11357.0    20580.333333333332    25670.333333333332    29531.333333333332    25196.333333333332    20005.666666666668    20014.666666666664    24816.666666666668
2806.3333333333335    3628.3333333333335    3738.3333333333335    4578.0    3807.0    3873.333333333334    4982.666666666668    6439.0    7298.333333333334    6487.666666666667    9848.0    16598.333333333336    25166.666666666668    31913.000000000004    35273.333333333336    33062.0    35964.00000000001    27877.999999999996
5301.666666666667    4352.333333333334    3319.3333333333335    4193.333333333333    5722.333333333333    6459.333333333334    4114.666666666667    4534.0    6845.0    5457.333333333333    7809.999999999999    14118.0    20797.0    32945.666666666664    37464.666666666664    30232.666666666664    37751.666666666664    31851.333333333332
15174.000000000002    30433.0    36460.333333333336    38539.33333333333    39706.66666666667    37746.00000000001    35358.0    26060.0    15020.0    10293.999999999998    9761.0    7254.333333333333    5949.666666666666    6215.666666666666    4747.666666666666    3547.0    4163.333333333333    4145.0
15131.333333333332    26458.333333333336    38327.33333333333    49542.66666666666    47334.66666666667    37747.666666666664    36206.666666666664    18930.0    12553.333333333332    10575.666666666666    7715.333333333333    8311.333333333334    6303.333333333333    6223.666666666667    4431.333333333333    4246.0    3691.666666666667    4349.0
14571.0    22964.333333333332    38137.666666666664    48562.666666666664    52043.666666666664    40705.33333333333    30659.33333333333    23750.666666666668    11991.666666666666    7914.666666666666    8514.666666666666    8751.0    6732.000000000001    6588.666666666667    5444.0    4949.0    4332.0    3416.6666666666665
10251.0    20258.666666666664    37480.0    50775.333333333336    48973.99999999999    44621.666666666664    29883.333333333336    19486.333333333332    9952.666666666666    9046.666666666666    7285.0    6461.666666666667    5153.333333333334    5378.666666666667    4983.333333333333    4376.0    4448.666666666666    5081.333333333333
4391.0    4734.666666666666    8193.0    12637.666666666668    12271.0    11231.333333333332    7291.0    3897.6666666666665    7610.000000000001    5937.000000000001    7257.999999999999    10296.0    16029.333333333334    21067.666666666668    39832.333333333336    41949.666666666664    45673.0    31248.333333333336
7042.0    10944.666666666668    18231.333333333336    28076.33333333333    34529.0    22334.0    17745.666666666664    13886.666666666666    9846.333333333334    6369.0    9471.0    8781.0    7110.666666666667    14592.333333333332    19527.333333333336    23295.0    22353.333333333332    15072.666666666666
8484.0    11340.666666666666    24360.000000000004    35680.66666666667    38155.666666666664    32044.0    17481.0    9360.333333333332    8344.333333333334    10783.0    7981.333333333334    6833.666666666667    8817.0    12287.0    17063.333333333332    21530.333333333336    17596.333333333332    14550.666666666666
4168.333333333333    2933.3333333333335    3831.3333333333335    4980.000000000001    4215.333333333334    5063.666666666667    4443.333333333333    5940.666666666666    6181.666666666667    7733.666666666667    7203.333333333333    7628.0    12241.333333333334    23266.333333333336    36405.333333333336    54080.0    50656.0    33930.0
4136.333333333334    5366.333333333333    3867.333333333333    3855.0000000000005    3787.0    3449.666666666667    4719.333333333334    5888.999999999999    5198.0    7683.333333333332    6953.333333333334    10005.333333333334    11714.333333333332    24774.333333333332    45147.666666666664    53402.666666666664    44984.0    30704.0
5197.333333333334    2322.0    4480.0    3775.0    4374.666666666666    3549.6666666666665    5029.333333333333    5717.666666666666    5591.333333333333    6040.666666666666    11199.333333333334    9985.333333333332    10313.0    20004.666666666664    45529.0    55244.0    51221.333333333336    33841.333333333336
