17142    21945    45071    65545    42011    16255
16781    23923    49756    62252    42360    26322
16324    27278    50278    63979    41898    23293
17468    25491    48943    57149    38553    25963
12697    18697    38456    63375    38729    20087
12304    24517    45723    50215    42623    16506
13523    22992    42114    44537    34041    18393
12769    15397    39891    35367    25984    18538
13657    15047    35641    30036    21597    9328
16212    17300    22686    35468    20124    18419
19669    23316    42016    55310    39582    25669
10483    28193    45156    46259    36592    19625
16798    32549    51270    53679    30193    18488
14537    23089    48177    62192    34814    21480
19021    23812    40037    49524    39970    19547
14516    22554    39411    64160    39701    26272
14717    25414    49227    55906    36349    22546
13430    17594    49853    65343    34481    22798
17110    31243    57009    73010    40806    24112
15500    22786    39724    64463    45825    22367
16515    35960    58437    65338    37492    16793
