4707    5698    2408    3036    4228    4089    6994    9019    12897    15228    23574    21672    28500    25440    17514    22965
6152    5325    5338    4328    8957    3856    8329    16682    27235    32301    20524    16266    13821    17211    19139    15930
5325    3477    2704    7196    8920    9820    14709    23788    21448    20572    17855    13424    23383    15943    19622    14864
4685    4853    5102    5855    12292    18493    26302    19747    20873    15969    12911    13895    13821    10557    16361    11851
6020    8783    8950    7577    13312    16531    18471    15425    12068    10232    10950    11020    12489    12639    11551    16023
6330    4860    10287    8107    17792    17210    19098    9829    11017    15183    14209    17510    5994    9673    14270    10519
16622    13946    9356    8917    14211    10335    12140    10809    13162    9415    4812    7962    13626    9118    13822    7347
6584    8934    10341    8379    10980    5905    14253    7959    9432    5538    7428    5413    15375    8845    13244    9336
7400    7750    7080    13389    8662    7959    8910    6223    10140    4985    7185    4265    8212    8949    6204    7993
9357    10633    5772    7027    11940    8232    5276    11258    6036    10039    7349    6060    5549    8399    10335    6947
10358    8852    12210    13508    12480    14338    11803    13465    20521    17514    12761    12853    9625    15667    11662    7945
5065    3631    6073    6134    15171    7292    16546    17900    17244    12786    11090    12446    18881    14199    9521    12329
12085    19050    16334    16065    14165    11278    14801    11049    15448    16328    15168    10312    7629    7281    8034    7950
4593    5144    5337    4965    10556    7936    16699    18821    18788    16839    17435    14933    13255    12915    19186    16887
22286    16232    14293    12794    14089    18530    13302    18915    16237    8634    7727    9033    5584    5555    5067    3633
5032    4204    5343    6034    8332    12920    7373    10622    13028    17412    26487    24186    17780    16871    16054    14936
18179    15634    22107    21908    11264    25371    26307    14987    11484    6470    5819    4198    4245    5448    5833    4905
5237    4211    2888    4975    3950    3659    8643    4147    10830    15986    23336    27886    26972    16269    18750    25760
6125    4207    5004    3708    5466    7210    5745    5252    13734    14956    20666    34115    29844    24618    24263    38377
3622    4290    5133    4151    5465    4156    5355    4757    7571    13350    15899    29498    29591    20914    24331    32582
33446    30403    24955    30481    21580    21116    14861    9452    8028    6583    7097    3901    4700    4704    2553    6675
