14328    23698    38890    26517    15959    10158    7203    4278    3851    7150    7106    11018    20250    31923    29470    27925
23125    16612    19220    19937    14891    19253    11049    7503    5876    8202    11174    19381    30352    21449    22700    16157
27048    20125    15951    18608    17850    9944    16660    6578    5335    7144    10507    25797    23748    18194    23401    15741
15538    22849    25097    24242    17634    10293    9261    9497    8670    6582    8924    17414    18259    24955    28487    21668
25007    18636    17814    15611    18671    15094    17178    8455    9938    9406    14374    19324    18702    17475    13009    10976
21533    18548    14358    16903    18572    25984    11964    12990    6195    16099    13041    19556    12735    21796    17434    10081
23624    20576    20830    23835    16424    14999    12931    10564    9961    13829    18878    15414    20088    23899    23834    17351
14158    33839    46310    32815    18080    5721    5658    2829    8857    7589    7631    7074    16360    33182    30513    24324
25832    11175    15612    7028    12288    15732    17506    15472    18687    15832    22846    15142    11326    10025    14665    10435
13701    18361    12063    25543    19360    13848    17702    9224    14115    12382    13269    10123    17302    24066    13385    18645
12830    25191    43294    32804    18194    13907    6842    3445    4221    3399    7172    8611    22767    32507    40723    19148
9949    11496    9906    9718    11276    11950    13264    17658    23601    16723    17114    12427    13324    16876    12408    9503
9821    10988    12752    15870    9612    11423    11209    17014    24083    18195    14872    12196    8423    9750    15334    13131
8727    6837    11014    10139    14610    14346    20319    8553    9412    21127    16826    16451    16863    12338    12490    12929
8370    10918    11110    13274    10720    15452    12991    10439    13575    10742    18491    11613    13138    12926    11297    8044
9563    25481    31341    22968    15664    10682    5556    6003    5261    6579    6123    5940    14037    22915    19943    23350
7035    3920    5096    9256    2684    5495    4443    6637    5849    9885    6559    8263    5618    6349    4497    5912
7448    6359    7014    5994    4186    1776    9196    6631    5678    4554    6707    3618    4875    3776    3607    4831
10868    20962    28286    19248    6703    4619    5737    4052    4544    8678    5514    11866    16729    22436    22422    15508
9448    13855    9585    12024    11861    9861    11034    12570    10021    14329    10280    10491    11031    10284    14351    11384
9564    5128    11040    14846    13707    20182    15036    18528    14657    13025    16722    9669    12356    6976    9367    7570
9567    23797    37800    31253    14625    9335    5893    9325    7442    8944    9180    9863    20290    23829    35532    16410
15416    15724    17212    16331    18702    11523    17700    19502    31830    22403    12436    11367    12325    7322    18959    13716
16553    25780    26841    29335    16354    6035    6866    4298    5153    6216    5253    8449    9950    35927    29887    18282
11256    8339    12614    15305    14640    16137    15849    16927    15795    18414    12226    12994    15892    13960    12945    9178
20045    8903    20635    8960    13094    16884    12960    14967    14610    19606    15041    17076    15915    11925    12429    14657
12515    26192    26525    24690    19324    17099    10738    10458    10533    14825    13576    9934    16812    16178    19319    25963
14190    37152    51892    31740    12973    8238    6042    5880    6539    6292    4526    10665    23037    35607    34220    22400
13144    19195    19068    22014    17094    19872    15790    8433    8250    5642    12585    24389    14003    17352    20331    20825
24038    25059    18927    23434    17913    21142    11713    10419    7698    12770    14279    22553    19799    23623    17561    17640
16115    26873    29648    25648    21711    8149    12478    6066    6037    7510    13292    11038    17173    34237    32149    17177
