48990    89647    88773    52314
46875    81868    88366    49772
35489    76104    98738    52300
46580    88531    74271    59988
36606    76375    80195    56494
44464    80370    89894    43061
60675    83621    88001    54740
43893    84286    104861    61900
29043    71600    90947    48013
30397    79276    85567    57849
44060    92262    101196    57537
28356    67889    62479    58469
28143    61836    84153    40541
30281    68535    72612    41553
36346    66305    53620    36829
32406    61275    86696    51029
19601    29915    27796    20186
14475    21747    27122    22906
27337    64098    69617    47120
20738    52249    71001    38421
29556    63641    65846    39330
43570    94156    83790    51569
40737    84875    87991    48865
36358    80173    85461    49187
32882    74373    72140    43076
32756    72046    82752    50153
50543    82418    84227    57493
49980    91753    105365    64295
39891    73430    88793    55873
53084    88772    95205    51507
48322    84680    100276    52023
