35728    37138    47592    90101    84748    65116    28342    35847
34352    20196    43743    93594    99148    69530    26539    24346
34014    32823    37551    85485    100900    69454    27297    30428
40579    23428    44176    99773    108238    66209    28223    27702
41034    27851    51057    94356    97233    61550    33867    32428
42860    25878    39032    91184    91162    70756    27120    27520
38784    29313    57698    110323    99413    49494    27169    25178
33997    32914    49272    86497    84626    56674    32149    30803
36656    31400    47179    82681    98749    65673    30654    21254
32604    33186    41097    86020    113826    62381    31223    33306
30089    20695    30858    85883    96288    46642    29197    30530
32200    27869    26724    57111    69949    55224    24606    34008
28481    18414    33786    73247    78990    59716    26910    22361
24326    22612    34207    62158    72777    49208    26791    27150
29220    23720    32346    64054    73452    50305    27181    24552
32407    22397    24714    65457    62863    57349    24996    23047
26422    20906    28635    59768    84709    56601    27778    29169
28621    27292    44645    80576    95081    48413    29091    22379
27269    28490    36602    75942    83988    56628    33055    30503
33749    21622    37010    78564    97518    73702    26083    34645
28444    23279    50536    81639    94731    56421    31064    38695
26096    26922    35899    87325    94075    77152    40728    31085
32438    29855    40589    93879    87047    58133    31471    31546
29048    23459    29542    75800    89211    83345    29068    22823
27323    23921    31516    69682    87594    55770    38943    19735
29780    25744    34232    79669    85492    78937    34381    22740
39901    28286    46722    72727    93416    57762    29428    26925
28201    29505    40136    80526    98371    58431    35720    34134
29479    31630    30908    74627    86016    80747    43185    26657
25234    27287    41709    69374    86236    65564    33388    29542
32408    31133    44057    88744    88757    65667    23003    29568
