17013    23603    31086    43079    50515    50723    57512    36212    18777    14184    10394    13367    9239    5453    8338    8233    7117    5776    6414    7577
11657    16827    34343    49226    55468    55943    41001    30310    21976    18180    11922    11538    4460    6401    7492    6795    5845    6787    7351    7926
10785    29440    33574    47511    50612    47911    42173    29042    22129    12718    14482    12805    11994    6035    9151    7279    10547    6182    5593    7989
16583    17043    37512    44063    55203    51788    51352    37610    25631    13442    16767    6967    10287    7655    6710    6681    8086    7013    10501    7434
17087    25750    44222    37202    42469    48501    36718    48674    31528    21106    8993    8257    9071    8039    11953    9779    6595    8185    7276    7971
11517    28423    40752    39736    35946    45284    38856    36777    38610    16934    11794    11997    9268    6393    7839    8660    6866    7468    5381    7011
22954    27524    41240    44680    37672    42543    52167    37620    31350    14399    15531    11407    11526    7970    6651    5874    5791    5886    9213    5374
28715    29099    38071    35430    27626    33721    44990    28383    37414    17142    8442    6960    8704    8019    9015    10100    12365    6741    5631    10364
23847    34270    33056    36999    35015    33846    28198    39828    32648    21171    11188    12541    14296    8579    7070    12826    6620    5696    9441    7111
30944    35732    26078    35023    24322    34396    32288    38761    33651    35541    17026    17317    11018    12250    8413    8892    8306    10328    5777    7580
23478    31728    24603    22309    24138    19555    21472    20670    28738    29293    23783    27675    11821    9421    10137    11334    8471    8131    8303    5122
10231    8193    10390    12024    11432    8497    11645    13861    21055    19840    20962    24971    21466    19676    21907    22708    15183    15276    20509    17865
6638    6290    8477    6384    7341    13828    19981    30276    22133    21928    25485    18637    20271    19379    19011    17669    24893    18449    17089    17746
19043    17333    19565    19394    13989    15121    15672    17908    11471    17077    15167    18550    14786    21330    19202    19427    21305    10703    6721    5465
7534    15628    17707    20364    17458    16577    21486    17566    16510    18221    13258    16700    18874    13623    18601    11856    19152    14265    15654    13796
24047    21726    16958    20725    16711    14462    15622    21853    18422    11192    13259    10613    11443    14710    19031    15139    14165    11236    9068    12848
7434    8028    5309    4415    4138    5631    7239    9292    11529    12833    19423    27917    31422    26992    28990    24732    27161    20049    24102    27352
30788    34549    25928    25144    24633    21615    32962    30265    23492    25921    22750    8471    10708    14162    8513    6239    5845    10717    6632    6764
5733    7677    6669    9823    6364    7959    6958    8094    10931    12137    12716    16256    27340    27075    40269    31872    32221    32160    36401    33822
8844    7611    5969    10762    5208    8276    4798    7010    7762    12362    15687    10337    24392    40008    51040    38350    39522    48682    37105    19168
11466    18616    49191    50428    36841    39926    41091    31872    22726    16956    16729    9524    8372    5570    6087    5014    8901    12144    5936    7419
7202    3244    9415    6548    6278    6690    6048    5804    9179    8082    13120    14252    18420    32311    42179    53649    47067    48086    46250    35458
10966    24111    40089    48285    43474    49396    43292    26308    24166    18396    11931    11612    7528    8060    7879    5163    5844    5447    7443    5568
4875    7445    4817    5260    5682    9381    8407    7997    9133    12848    7354    13596    12050    30428    43573    56878    44601    41350    29830    26791
4528    6142    5249    5501    6231    7030    4039    10261    8154    7173    9776    11126    14032    25144    41343    46957    49178    42735    30066    19819
5307    5660    6721    6403    8549    7639    5864    8700    7465    5636    10089    11358    11750    24625    41252    49502    57268    49141    41028    27018
13034    13741    32898    47752    55089    54895    33623    33585    20126    17653    8360    9994    7812    6194    5827    5805    6911    5071    10647    6150
8235    10167    11520    9614    17623    16435    14972    11611    11840    9996    10394    18400    15154    20407    25529    49170    49085    43083    32238    19551
8707    5398    5570    5117    10491    5307    5975    7732    10325    9970    10705    10541    16902    19577    40556    59871    66926    46836    31594    25149
8679    5141    4317    5783    3888    5457    8958    7777    10363    7632    10586    10097    21829    23031    41318    49698    66646    36777    30527    19830
11248    16277    27965    47927    63699    59826    41377    23292    20280    16809    15564    6887    7258    5704    6100    7043    10974    3582    6130    5395
