34174    26005    34258    97169    98788    78026    27985    28463
49972    28236    30254    73098    82691    72663    36455    30445
23500    26485    54533    92318    113856    66848    26678    29799
28109    27404    29762    92640    120646    79339    32631    25992
37746    25130    36383    82168    96353    73203    33200    35218
27657    28972    39190    86550    108182    72805    31975    33604
36311    23893    49778    70391    80049    82171    34307    24539
29505    25092    50927    96880    98056    68986    31175    25925
32278    24298    59778    92878    113401    56237    35376    29221
32494    28734    52859    85762    81672    59200    27870    31554
25143    23732    35334    66370    95388    62916    29153    31672
24961    28011    37093    58987    78124    61096    28740    29818
26758    22563    36977    67242    91067    64358    23007    28902
36007    25089    46234    84066    96008    68525    26331    27286
30316    26626    35579    72873    98430    47962    40026    20661
32192    24564    42111    62223    72382    60463    26157    29603
26129    27535    32758    75067    91668    66057    32063    23941
32847    25155    53825    86177    101239    64626    27733    26022
33958    20552    48555    101932    115667    64785    24884    29106
34299    23454    52797    102608    101662    58390    21597    25082
28807    21866    58803    86786    116642    54596    26826    32519
27989    25765    49897    98956    107398    66753    34166    30579
36955    32751    53268    79975    64174    69216    25145    31435
36075    36787    60968    100110    93787    66544    26200    37323
28004    37354    52979    98728    112064    67295    30076    30935
40585    28809    52290    85043    97555    52528    30381    30090
39355    36852    58434    91611    84955    62330    23646    26193
40088    30809    52739    81934    78826    60365    25294    37691
28124    28613    48254    73743    84921    84416    40786    29696
29136    28880    46428    79850    83963    71182    38819    28405
32722    24278    45360    72929    65088    62987    40553    25739
