13821.333333333334    19094.0    36651.00000000001    48932.0    53527.0    45491.00000000001    30789.0    18010.666666666668    10270.666666666668    10776.333333333334    8834.999999999998    6813.0    7721.333333333334    4206.666666666667    5618.333333333333    7474.0    7475.666666666667    6575.999999999999
12838.333333333332    18053.666666666664    38656.333333333336    50078.666666666664    53008.0    49356.00000000001    33473.0    15392.999999999998    10189.0    7211.0    10397.0    7945.333333333333    5952.666666666667    4486.333333333333    5073.666666666667    4949.333333333333    5192.666666666667    4732.0
7356.333333333333    6659.000000000001    17183.666666666664    22905.666666666668    20913.0    20365.333333333332    13129.0    9153.666666666666    7502.000000000001    8696.0    10979.666666666668    7938.666666666667    14149.666666666664    26578.333333333332    32934.666666666664    34937.0    36229.333333333336    23756.333333333332
9579.666666666668    14160.333333333334    27694.000000000004    33201.0    35002.0    28679.000000000004    20691.33333333333    12564.666666666668    11860.333333333334    8273.333333333334    7895.333333333333    7853.000000000001    8407.333333333332    11704.333333333334    17375.666666666668    17651.666666666664    16209.333333333334    18990.333333333336
4325.0    4731.0    4324.0    4235.666666666666    4350.333333333334    3857.0    4179.333333333334    4823.333333333333    7137.333333333333    9885.666666666668    9399.0    11451.666666666668    18647.666666666664    31768.333333333336    44576.0    50311.666666666664    46296.333333333336    33940.0
14876.333333333334    27049.0    41997.666666666664    42708.66666666667    50451.00000000001    36462.66666666667    36650.33333333333    20686.666666666664    12437.0    9103.666666666666    6069.666666666666    8683.0    7942.000000000001    6396.333333333333    4663.333333333334    4181.333333333333    3980.6666666666665    5870.0
6627.666666666666    8997.333333333334    13659.333333333334    19011.666666666664    22385.666666666668    16742.0    10912.333333333334    11100.999999999998    9230.333333333334    9485.333333333334    8534.333333333334    9107.0    18252.0    25148.333333333332    27370.666666666668    23547.0    35733.66666666667    22055.333333333336
20810.000000000004    25633.0    36788.333333333336    40006.0    32201.666666666664    34728.333333333336    36194.666666666664    30868.666666666668    15852.333333333332    10527.333333333334    10758.0    6920.000000000001    7912.0    5859.333333333334    5394.0    4363.666666666667    4143.0    4574.0
25536.0    32147.0    34941.666666666664    37197.33333333334    35148.666666666664    34154.0    32872.666666666664    28176.666666666664    20997.666666666668    13013.666666666668    7612.666666666666    7203.666666666666    6251.666666666666    8883.666666666668    4152.333333333334    6140.666666666667    5117.333333333333    5331.333333333333
28337.666666666668    26572.333333333332    31210.333333333332    35503.0    32414.333333333336    27456.999999999996    27540.666666666668    28113.999999999996    21479.333333333336    13619.333333333334    8875.666666666666    7486.666666666667    5789.333333333333    6893.666666666667    4667.999999999999    4624.0    4687.666666666666    4102.0
30887.333333333336    27078.333333333336    27372.333333333332    23135.66666666667    30836.333333333336    26884.0    18760.0    17695.333333333332    25580.666666666664    18250.0    15464.666666666666    9167.333333333336    7142.666666666667    5539.666666666666    6453.666666666666    4918.0    4713.000000000001    5664.666666666666
22858.333333333336    20354.333333333336    22550.0    27681.0    29916.333333333332    23911.999999999996    19920.666666666668    18326.0    22208.0    16842.333333333336    16842.333333333332    14811.333333333332    10675.999999999998    7191.0    6952.333333333333    5767.333333333334    5552.333333333334    4836.333333333333
16445.333333333332    18200.666666666664    18115.666666666664    24692.333333333332    23563.000000000004    26411.333333333336    17604.333333333332    17161.666666666664    15848.666666666668    16103.000000000002    20999.0    21009.333333333332    21925.333333333336    13074.999999999998    8251.666666666666    6974.0    5555.333333333334    5427.0
15635.333333333334    12987.333333333336    18728.666666666668    19888.666666666668    20590.000000000004    19737.666666666668    14340.333333333334    14208.0    14342.333333333334    12904.666666666668    15324.333333333334    16592.0    20405.666666666664    20054.666666666664    17233.333333333336    12712.333333333332    6834.666666666667    5033.0
9355.333333333334    8012.666666666668    14491.333333333334    19361.666666666664    27827.666666666664    19628.333333333336    17075.333333333336    15009.333333333332    15901.999999999998    16325.333333333334    15280.0    11189.333333333334    12805.999999999998    9232.000000000002    10632.666666666666    12056.666666666666    12253.0    12510.999999999998
12386.333333333332    13696.000000000002    16099.0    18529.333333333332    14297.999999999998    12725.333333333332    11324.666666666666    10692.0    11897.0    13197.666666666668    10215.999999999998    10598.0    12762.666666666666    11652.666666666666    13358.000000000002    19075.999999999996    19742.666666666668    15882.999999999998
20270.999999999996    12226.333333333334    13536.000000000002    12829.0    16728.666666666668    12504.666666666666    14114.333333333332    11759.666666666668    11053.0    12208.0    12077.333333333332    12321.666666666668    9560.666666666666    11180.666666666666    13781.333333333332    17415.0    15833.333333333334    10925.333333333334
3399.3333333333335    4509.666666666667    3945.0    5232.333333333334    5212.333333333333    5403.333333333333    6090.0    9765.0    12054.333333333334    15488.666666666664    25937.666666666664    22821.0    16159.0    21797.666666666664    22605.333333333332    31394.0    25652.333333333336    24457.666666666668
29306.333333333336    28683.333333333336    29114.333333333332    30111.000000000004    34487.99999999999    26429.333333333332    24433.666666666664    28498.0    25039.333333333332    16798.333333333332    10993.0    6073.666666666667    6411.333333333334    7279.0    6541.666666666666    4707.666666666666    5406.333333333333    5084.666666666666
4260.666666666666    3555.9999999999995    3647.3333333333335    5417.666666666667    4728.333333333333    5423.666666666667    5714.333333333334    6135.0    7142.666666666667    6885.333333333333    10865.000000000002    15419.666666666666    26742.666666666664    37038.33333333333    34180.66666666667    37544.0    28515.66666666667    31141.666666666668
3262.0    4948.333333333333    3840.666666666667    3975.9999999999995    3783.333333333333    5856.666666666667    6925.333333333334    6276.0    7201.333333333333    8719.666666666666    8134.666666666666    14380.666666666668    28552.666666666668    31391.33333333333    37295.666666666664    37573.00000000001    35231.66666666667    35400.33333333333
16389.333333333332    23722.333333333332    42565.66666666667    45023.333333333336    47697.00000000001    40278.0    28907.666666666664    24731.0    16187.0    8440.0    8105.333333333334    7204.333333333333    6923.0    5248.666666666667    5115.666666666667    5769.666666666667    4432.0    4842.0
16221.000000000002    22376.000000000004    35281.66666666667    41175.0    54173.333333333336    40647.66666666667    36124.33333333333    23160.666666666668    13982.333333333332    12081.666666666666    8730.333333333332    7037.666666666667    5802.666666666667    4556.666666666666    6198.0    4924.333333333333    4784.333333333333    4769.333333333333
17097.666666666668    25212.0    46408.33333333333    53964.33333333333    47089.333333333336    45135.99999999999    28534.333333333336    18266.000000000004    14234.666666666666    8652.333333333332    7471.0    7866.999999999999    8119.666666666667    5674.666666666667    5964.333333333333    6182.0    4450.0    5505.0
12532.666666666668    23716.666666666668    43651.66666666667    52498.333333333336    53690.00000000001    48936.333333333336    33515.0    15337.333333333334    11641.333333333332    9343.333333333334    7773.0    6176.666666666667    6228.333333333333    5770.666666666666    5477.666666666666    4291.0    4638.333333333333    6230.333333333333
5814.333333333334    3958.0    4298.333333333333    4420.0    4707.0    3745.6666666666665    6225.333333333333    5611.333333333333    6832.666666666666    7458.666666666667    7688.333333333333    11959.333333333334    16983.666666666664    33417.33333333333    45394.0    54982.0    52244.333333333336    38655.33333333333
3881.666666666667    4699.333333333333    4175.666666666667    4987.0    5193.666666666667    4194.0    5577.333333333333    5673.0    6328.333333333333    7705.000000000001    8945.0    10601.666666666668    12991.666666666666    27799.333333333332    48577.66666666667    54136.0    50915.66666666667    37960.66666666667
8217.333333333332    16185.0    26408.666666666668    40350.0    41777.99999999999    32359.666666666664    19229.0    13901.666666666668    9420.666666666666    5489.0    9073.333333333332    8647.333333333334    7630.666666666668    11429.333333333334    17482.0    20461.666666666668    16230.666666666668    15521.666666666666
9941.0    15221.000000000002    41212.0    53570.00000000001    55051.333333333336    46229.99999999999    26573.333333333336    17100.666666666668    8763.0    8373.333333333334    8330.333333333332    8564.666666666666    5480.0    5460.333333333333    4464.333333333334    5484.333333333334    4486.0    5453.666666666666
11612.666666666666    18220.0    38156.33333333333    56491.33333333332    56675.33333333333    49572.333333333336    31370.666666666664    13812.333333333332    10980.666666666666    8453.666666666668    7786.0    6014.333333333333    6792.333333333334    4859.0    5375.0    5020.000000000001    4193.333333333334    4849.666666666667
11240.333333333336    20943.0    42034.0    56776.0    54489.666666666664    44944.666666666664    32819.0    11665.333333333334    8054.666666666667    8042.666666666666    8176.666666666666    9655.333333333334    6665.333333333333    5457.333333333333    4173.0    5624.333333333333    4681.333333333333    5253.333333333333
