33275    32213    54001    87725    95341    71354    28384    33729
38522    25678    47495    102040    97059    78465    34083    34992
33768    25348    50359    88192    87700    63666    35334    36776
28950    33810    40435    84732    110277    77495    26801    37661
35199    22840    43011    101074    106919    66215    34024    30997
32031    34820    39698    66128    83089    80147    28562    23555
28811    33095    25098    73063    107374    91600    43075    26454
21146    20178    36894    45507    54591    34157    20332    22368
37286    29488    45541    104366    123701    63185    37560    28558
39881    26636    51563    92975    103991    54513    42555    31053
27097    24234    35562    77893    92678    53363    30355    29338
28305    29348    42546    76915    87947    55329    30929    35465
26461    20169    36054    64936    80632    51990    29065    27490
27137    21068    28528    65377    74975    56834    22684    28610
26238    29792    41818    78432    73610    65967    25658    31967
31543    26217    46127    79809    87454    56235    23362    24600
30928    22435    29309    87205    84356    66063    41236    28475
25351    26229    38964    58331    96393    54023    35285    21427
31932    32071    67128    112021    102577    61763    24282    29784
28361    25230    58525    101554    89293    37326    25839    25482
33845    38709    59901    75599    79348    53024    32205    29330
37796    28028    62465    97819    99708    59784    26193    31031
12473    10940    10445    11426    11207    10107    8744    10346
38633    29617    50590    94127    99403    50358    21282    31148
32635    19777    41605    87999    101817    51561    26647    28596
28576    20645    37589    89740    77655    64098    28934    32448
34553    28057    34292    72690    99894    74390    24468    25090
34127    22981    42799    72194    82719    63166    28949    29219
27311    31899    48548    87788    94961    60985    26206    23057
25290    27619    40216    84662    92641    79665    30011    29259
33765    21001    46707    94972    74335    68390    42775    27393
