16246    25645    26123    52264    58852    57579    47765    42376    17064    16086    11142    7504    6812    7873    7239    8589    7592    6036    6548    6687
15837    16016    25133    63934    57914    64673    47502    38926    20642    18575    16919    12773    9446    8883    7443    7302    7307    4981    6429    7699
10429    17223    21886    45824    68805    58224    54252    35228    15772    14832    13297    10254    5800    6365    5877    4693    7288    3845    11088    10161
9008    5471    12690    14072    11899    14305    16450    13079    9264    10511    11457    10912    13475    24690    39954    51593    48449    48870    42950    31062
8107    10235    6840    5652    4125    9350    9643    9014    8565    6764    8828    9820    14769    35172    44430    49152    57861    52587    54488    34877
9882    3495    6029    4848    7619    7451    5497    8861    12501    5723    11792    17259    17359    16028    33907    61773    64001    45842    27830    20333
4018    6530    7808    3711    4539    4559    8361    7763    9749    15204    9904    13035    26625    33242    37958    52746    62943    57245    28502    34128
10099    17707    20158    24419    20857    28416    22005    17956    18481    13142    4966    5288    7334    9173    5437    4438    7086    4506    7170    6535
26323    35152    42575    37430    40647    46820    50629    38983    36048    27493    17031    14986    7281    7639    11243    6927    4227    5041    7020    6190
31800    36526    34827    30092    35434    35764    25758    30925    38070    31419    25240    15680    15959    10632    11751    7903    6440    6664    7237    5046
7128    4329    6039    5279    6126    10038    4483    14719    9944    22637    31301    32432    21685    26869    29672    23381    31355    36001    27134    19968
7150    8602    6717    3834    6185    4107    11100    13009    24843    24648    25933    25780    20283    15241    36233    33008    25430    42466    31652    20563
7387    4951    8394    6876    12123    13685    17403    26274    26977    21639    19425    22478    25347    14662    14355    20746    17961    13373    21480    21261
7028    8693    11088    12143    15303    24701    17768    17843    19835    14549    12751    11601    15544    17405    22734    19350    21968    23015    13743    18151
4342    6560    4716    10186    4142    4419    3376    9828    10801    7509    9389    11467    23171    14957    29815    63823    64669    54969    22249    13094
8295    7236    11062    10902    11284    5347    7614    8161    8497    16463    6033    21324    18104    12695    25897    51630    61113    41136    25426    17128
12199    6649    10873    7607    6341    7576    7958    9875    11157    10466    15539    16919    27205    38200    32327    27406    42033    37825    31761    30091
4409    7161    7195    7713    4514    7912    9662    11320    14378    14777    20253    34919    26265    25082    29640    22712    29864    26440    25817    25970
30452    27352    38844    33344    40409    39204    36050    32584    33951    36344    23007    14378    12904    10500    14115    4932    7744    8936    9123    7385
20719    29683    37787    32979    40325    45222    26427    28418    28067    18193    17260    6459    9429    8042    6058    5420    6455    9756    6259    8652
12450    12079    16592    47024    61650    68178    22382    26735    28315    16683    15464    15145    8705    8044    7657    10351    8372    5049    5414    5672
11191    15267    43797    60143    50490    41743    49167    42067    19183    22258    15504    9770    10475    6617    6476    8021    6073    8857    7578    8147
4280    5468    4339    2992    5345    3886    3398    4850    3281    5652    4571    3768    3707    5092    4718    2709    3119    4508    3332    6673
20759    15660    41033    54485    50271    48180    43910    30461    20066    13767    14493    7187    7301    9421    9357    7950    3920    4783    6466    5688
13031    23918    25817    45571    45435    55981    37183    31205    20083    18682    11750    11287    11061    7622    5472    5907    4623    4485    6282    5242
5342    5610    3982    4868    7545    5530    5948    8339    11185    9737    11313    13570    13075    17189    24166    56021    61593    55682    30475    28515
10963    4686    6027    7707    7056    5610    6065    8764    6682    8067    7083    10924    12952    24486    36846    66051    58797    49444    34814    20410
5061    4670    6497    7451    4821    7682    7679    8684    9393    10130    13228    8264    13016    20522    43168    48026    63294    40611    32484    21473
5751    4200    5669    9524    7053    4003    5221    6467    7136    6376    11041    13545    16146    23863    36052    59494    56867    64304    31911    26132
4179    3856    4769    8140    11377    6351    7747    5098    11166    7640    7819    14247    15228    21078    43470    58607    67149    59313    29774    22355
5726    6599    5524    6218    6023    6726    8909    6895    12732    12999    16049    10903    16642    16626    36551    64922    63594    52564    36436    16700
