14287    22334    42181    60897    55845    28730
21566    28316    35498    59543    45377    28264
15775    17115    37330    53237    34747    23399
14743    22124    53619    44482    42478    20838
16331    22677    45067    53467    43870    23066
16079    24445    33675    55200    51222    27490
25747    22780    43638    62021    40468    31520
16423    19505    32829    51393    36465    23673
18839    23106    29941    47474    34789    25819
15454    35124    35291    41209    32690    26634
25451    29917    42860    47998    35089    35324
24958    20054    48585    62136    51125    23894
14377    23723    51759    51043    53874    26187
15749    27556    46434    53393    37082    24377
15631    11926    40588    67399    53717    24893
13204    20744    48389    60576    41898    27326
17965    22019    56327    59928    48669    17416
15599    28872    70649    59779    45373    29584
19515    26281    50980    56295    60461    29687
17518    23577    43308    65696    48304    24528
15943    26994    55174    99071    48027    22615
