4220    6185    4354    5812    5723    6946    7573    9247    19860    18299    16335    21358    20607    25596    28680    23479
24857    23368    14574    17665    19967    20549    16355    21567    13526    8029    11875    7856    5651    5094    4236    3395
16076    13057    14239    13678    16654    16971    14922    16937    13205    12874    5936    4571    6176    4687    3626    7994
25575    11651    16169    13380    15783    9875    12633    13892    14432    15172    13202    10431    8970    9270    4045    3804
17777    14116    12061    12778    15443    18240    15514    11643    16469    19387    15434    12019    7963    4769    6130    4735
6381    9356    8211    16437    14195    16444    16505    15731    18455    12964    13793    12884    11157    11619    10718    13261
11502    15020    16773    19801    18707    13463    19847    10415    10442    9333    16745    14166    14837    13175    10584    11364
11738    12972    18099    11462    14197    14388    11497    9058    8401    10700    9277    10877    10610    9409    9312    8291
14910    16711    10028    8192    10156    8489    12615    9128    11999    11281    13117    9769    12283    13295    7508    10487
11674    12763    8959    20906    9614    9333    11328    9207    14495    14050    13053    8730    11360    14072    8924    7934
13422    18849    12005    13712    19320    13853    18537    18938    14771    12060    18248    10152    10256    6166    10135    6215
17663    17095    9440    9697    8927    14030    16900    18457    18415    18206    14351    13563    11413    15104    15494    11997
14209    10967    11181    16143    9294    17108    21217    19096    16744    14661    12364    8904    13957    13887    8823    12408
15855    12562    18098    19590    19763    14919    11765    18287    15152    14475    14465    7694    4688    7460    4929    4889
4826    5006    3730    3483    2545    6666    7725    9301    17538    21712    23719    26420    20165    18096    22285    20937
2573    7353    3150    3592    6602    7047    6335    10005    17513    19146    26878    28821    21248    19255    18664    13955
21336    19947    22787    22616    20719    24765    21708    18777    9965    4393    7486    9379    6646    3923    4951    2926
26930    26503    26595    26810    19882    27548    21234    14617    10729    7008    10772    9289    4035    7885    4572    5447
27086    28554    27896    16920    22955    26157    22196    18672    11878    8088    8891    6270    3586    4503    5654    3913
29502    22478    27955    26219    28873    23277    15644    8847    6509    3609    7540    5041    6198    4232    3388    3619
35022    32191    37364    26354    29910    26403    16046    10305    7687    8305    5003    5536    9101    6049    7110    5438
