20160.0    26336.333333333332    58760.33333333333    60903.666666666664    40614.666666666664    19138.33333333333
18448.0    31562.33333333333    64596.33333333333    57582.33333333332    31524.66666666667    18510.0
18609.333333333332    35710.00000000001    60533.99999999999    57749.333333333336    30676.66666666667    19803.999999999996
16314.333333333332    44032.99999999999    64270.33333333333    58348.0    30643.33333333333    16553.33333333333
14605.333333333328    28852.0    59633.666666666664    63492.33333333333    37632.333333333336    18373.333333333336
16643.666666666668    27147.0    51149.33333333334    69214.33333333334    40068.666666666664    18913.333333333336
17371.0    31432.666666666664    55594.99999999999    58495.33333333333    31393.666666666668    16218.999999999998
20929.0    36806.66666666666    53679.66666666666    54390.00000000001    27255.0    18312.999999999996
19724.666666666668    32411.333333333336    50780.333333333336    57745.0    31488.0    16312.66666666667
19831.999999999996    36002.666666666664    54902.00000000001    50596.33333333333    29960.333333333332    16495.999999999996
16912.666666666668    33208.0    56581.0    47162.33333333333    29493.999999999996    19253.666666666668
19072.333333333332    34620.66666666667    51312.33333333334    44525.333333333336    29342.999999999996    18686.000000000004
20759.33333333333    30979.333333333336    49856.33333333334    48105.666666666664    22811.333333333332    15600.333333333332
18058.333333333336    33174.66666666667    48176.666666666664    41706.66666666667    28505.666666666664    15692.666666666668
20772.333333333336    36213.66666666666    44504.0    49505.66666666667    26084.0    15988.333333333332
14851.0    22325.666666666668    44468.33333333334    36023.00000000001    24919.666666666668    15246.0
18514.666666666664    32166.33333333334    55516.00000000001    51299.000000000015    27621.666666666664    19431.0
17640.333333333336    31916.000000000004    55000.666666666664    56426.0    35298.333333333336    22396.999999999996
20025.666666666668    35533.0    60226.33333333333    59555.66666666666    45593.0    20314.33333333333
17160.666666666664    31161.333333333336    50879.99999999999    57726.333333333336    38116.0    21683.666666666664
17923.0    31989.333333333332    58842.0    68965.33333333333    43358.33333333333    18938.666666666668
21792.666666666668    31999.666666666668    58794.333333333336    63917.666666666664    40100.33333333333    17651.0
16565.666666666664    30744.333333333336    58578.0    65333.33333333333    39831.66666666666    18240.000000000004
16625.0    32191.0    61462.0    68522.33333333334    42379.666666666664    19411.333333333332
15655.666666666668    27801.33333333333    56010.66666666667    63701.666666666664    42007.0    23540.0
16960.333333333332    29657.33333333333    61297.66666666667    66888.0    34695.666666666664    21501.333333333332
16216.666666666668    27475.666666666668    61250.333333333336    69726.33333333333    41318.66666666666    17667.0
20578.666666666664    30414.33333333333    56879.666666666664    58414.0    41904.66666666666    18633.333333333332
21745.33333333333    35540.0    67621.66666666667    55755.66666666666    34998.0    16559.333333333336
16922.666666666668    33713.66666666667    63767.0    67857.66666666667    37067.333333333336    20091.0
16398.333333333332    33604.666666666664    65010.0    66371.33333333333    35377.333333333336    17655.666666666664
