14282    33792    57971    75759    34354    23216
19698    35803    51885    63574    46992    20546
18701    28647    51730    66191    35037    17357
12854    26039    39264    59112    48938    25813
16925    18970    28651    46839    41724    25035
13890    25220    35678    47655    40341    18306
13547    25162    29883    39150    29430    18715
15735    23946    31817    37650    27240    17167
12867    16038    30907    27203    24575    18533
16961    24843    32347    48166    34337    23777
20381    27538    44268    53733    36270    14983
17561    25365    42054    45155    40147    25109
13433    20915    33999    55058    45808    17147
13881    27127    35995    47651    29015    18999
19852    23230    51973    70995    46946    22408
19613    30843    47093    60250    37294    21546
19636    29495    57549    64680    36234    17373
18304    18612    38140    62196    46182    31252
11867    22597    45491    60716    46178    20959
13341    15924    43206    60459    46262    26823
23403    35586    54031    67325    41022    25569
