21816    22324    28587    26180    25699    21159    14438    15316    14735    14677    10561    4769    4646    5215    4556    4696
19762    19581    25105    17538    19398    14825    20735    21671    17983    16351    9639    9194    6121    6699    8266    5630
17040    16931    21193    17465    18287    14112    22236    15775    16460    15502    14174    7113    4676    6710    5416    4573
6921    7362    4441    7954    5088    10378    18962    23428    15294    16079    15423    17145    19395    13409    18714    12027
5394    4945    6280    9231    10488    17175    15948    15596    19181    9445    11851    10028    13817    11080    9645    8040
9627    12141    10590    8958    9755    14463    14768    10203    12736    11300    12431    8688    11164    7757    15829    10680
10605    12389    13533    9845    7583    9879    11554    6263    11985    8306    9477    10382    10125    6991    9262    7708
12534    16006    11197    11336    9785    10683    10677    5349    8844    6714    10883    7663    6816    8432    9013    7623
6730    8196    10535    13702    7456    6826    6549    6907    5780    10703    7649    7888    6881    8753    5836    9732
5136    9213    10536    12031    9847    14959    7920    19747    16592    11288    11311    9026    13185    11883    7370    10387
7628    14075    8542    11044    10887    13109    15984    16487    17118    20675    10872    11451    9520    11386    4128    14267
6420    9355    7629    10717    11791    7134    12793    16102    13255    14183    17488    17941    11097    15638    13133    10715
10172    13818    11376    11693    9461    19128    12095    9638    7474    14137    15757    10491    16228    9446    8341    7105
11231    12530    11611    11547    14109    15348    11391    19078    12831    14813    11188    8230    4518    6416    3059    4768
20703    22377    14486    21191    20003    18982    20272    22511    13100    22412    10598    5482    5134    4828    4911    8414
22349    19619    15118    24475    18106    16868    23747    16328    16057    11412    7521    5004    4574    5171    6565    3725
27646    24476    22188    17881    19577    19465    27813    16142    11686    6915    5537    3753    4876    6293    6946    3773
4774    5461    9232    3394    5315    7075    4578    6043    7392    10356    14981    27528    21290    28127    22136    37004
5283    3876    6534    6374    3632    5047    6091    2778    7100    9246    15321    19930    28841    26698    29925    31132
3023    4157    2529    4358    6518    4072    4258    5403    8047    9825    12135    18016    34188    29813    27690    31983
12119    20250    21798    25938    20795    19300    16503    15380    7321    10470    8512    13802    17747    11593    11265    14143
