17902.0    31372.666666666664    56174.66666666666    86712.66666666667    87941.33333333331    52542.0
19380.999999999996    28140.666666666668    46048.00000000001    80965.66666666666    76818.33333333333    44634.33333333333
15966.0    18828.333333333332    38876.0    78161.33333333333    78829.0    54323.333333333336
23011.0    26143.000000000004    60799.666666666664    87268.66666666667    86620.99999999999    59657.66666666668
17218.333333333332    19350.333333333336    38384.0    77111.0    81838.33333333334    51869.33333333333
19439.0    23261.666666666664    43194.0    79463.33333333333    82830.0    54336.0
16457.0    19807.333333333332    44761.66666666667    73619.66666666667    81194.33333333334    50603.333333333336
18569.666666666668    17882.666666666668    41735.333333333336    75448.0    77280.33333333334    51435.0
18091.333333333332    23221.000000000004    49331.666666666664    83031.66666666667    83898.0    52244.666666666664
18208.333333333332    19186.333333333332    38184.333333333336    59347.33333333333    71881.0    52459.0
18591.333333333336    20362.0    39011.0    65223.66666666667    66567.0    48691.66666666667
22063.0    19192.666666666668    44927.666666666664    75942.66666666666    73042.33333333333    52783.333333333336
20924.66666666667    19144.666666666664    34882.0    67888.33333333333    73783.0    51904.333333333336
20396.333333333332    19449.666666666668    39982.666666666664    60541.66666666667    72390.99999999999    42606.666666666664
20541.666666666668    23015.333333333336    37455.666666666664    58230.333333333336    65113.66666666667    45664.0
15426.666666666666    22512.666666666664    40191.33333333333    67893.0    68167.0    46617.99999999999
21394.999999999996    26120.0    43289.33333333333    65197.0    64398.99999999999    41597.666666666664
17528.0    23910.333333333336    37073.33333333333    65512.99999999999    72983.33333333333    51712.0
16547.333333333332    19987.333333333336    36278.0    63223.33333333334    81258.0    48117.66666666667
17100.666666666668    18877.333333333332    39000.99999999999    67810.66666666666    76865.0    49121.333333333336
19118.666666666668    21996.0    37370.666666666664    66256.0    79294.33333333333    48042.99999999999
19947.333333333332    16908.0    41652.0    74591.33333333333    78771.0    49642.33333333333
20875.33333333334    26491.333333333336    56288.33333333333    94028.33333333334    89761.66666666664    58142.666666666664
19088.0    16917.333333333332    43746.333333333336    74212.33333333334    81935.0    65167.0
13802.000000000002    17618.666666666664    41887.0    75911.0    86492.33333333333    65474.66666666667
17613.666666666668    21819.333333333332    44188.0    68993.0    84747.33333333333    54924.33333333333
18978.333333333332    17410.666666666668    41917.666666666664    72533.66666666667    83506.0    58769.33333333333
17934.666666666668    25892.333333333336    54036.666666666664    88196.33333333333    82566.0    46076.99999999999
21078.333333333336    23933.66666666666    57264.00000000001    83642.0    78320.00000000001    58763.666666666664
22039.999999999993    26537.333333333332    57800.66666666667    79888.66666666666    80825.33333333333    56174.999999999985
22231.000000000004    31122.000000000004    58365.666666666664    79942.66666666669    87017.99999999997    52529.0
