12955.0    15995.333333333334    36113.33333333333    52819.0    54300.666666666664    45524.666666666664    29286.0    15874.666666666666    11151.0    8401.666666666666    8163.333333333333    7914.0    5296.333333333333    5700.333333333333    6271.0    5660.333333333333    5746.0    5472.666666666667
11167.333333333334    17872.0    28008.666666666664    44279.99999999999    52128.666666666664    40524.66666666667    26464.000000000004    11963.0    9018.0    9143.666666666666    6352.666666666666    8662.333333333332    5985.333333333333    6023.333333333333    3836.6666666666665    5820.666666666667    4185.333333333333    4551.666666666667
5710.666666666667    4247.0    5769.666666666667    5701.333333333333    4482.666666666667    6632.0    6047.666666666666    4420.666666666667    5157.333333333333    5739.333333333333    6854.666666666667    9440.333333333334    13527.333333333334    27925.333333333332    40623.333333333336    47606.0    47151.666666666664    37947.0
13809.333333333334    23066.666666666668    34907.0    52312.666666666664    52709.666666666664    44906.0    32542.666666666668    18517.0    11303.333333333332    8536.0    7754.666666666667    9195.0    7057.0    6212.0    6238.333333333334    4022.0000000000005    5256.333333333334    5155.333333333333
4081.0000000000005    3650.6666666666665    3393.3333333333335    4954.333333333334    4346.0    4587.0    3011.6666666666665    4576.666666666666    8029.0    8008.666666666667    7666.666666666668    9672.666666666668    21262.333333333332    33840.0    41550.66666666667    42532.66666666667    45209.0    35399.0
4970.333333333333    4672.666666666666    4964.333333333333    4324.0    5472.0    6207.333333333332    6210.0    6081.666666666667    7172.0    7669.999999999999    7379.0    9194.333333333332    16399.666666666668    35066.33333333333    47324.333333333336    47932.0    44123.33333333333    37360.666666666664
3920.0    5416.333333333333    3475.3333333333335    5669.666666666667    4765.0    6352.666666666667    5304.0    5465.333333333333    5058.666666666667    7381.666666666666    8063.000000000001    9240.0    23133.000000000004    31432.0    40852.0    41309.99999999999    43971.66666666667    35633.0
4289.0    3571.6666666666665    4705.0    4647.333333333333    4759.666666666667    3588.0    5814.666666666666    5964.333333333333    5481.333333333333    7554.333333333333    9204.333333333334    15133.333333333334    23761.666666666668    34018.0    37915.333333333336    36776.0    35596.66666666667    39570.333333333336
13978.333333333334    22904.0    26428.333333333332    22807.333333333332    22846.333333333336    25795.666666666668    26892.666666666668    21811.666666666668    13999.666666666666    12193.333333333332    6913.0    13153.333333333334    11615.666666666666    14368.0    13882.666666666668    11527.0    13738.999999999998    14962.333333333332
4082.666666666667    3476.0000000000005    4403.0    4294.333333333333    5097.333333333334    5886.333333333333    5266.333333333333    7475.666666666667    6808.666666666668    8481.666666666666    15541.0    22059.333333333332    23186.333333333332    26796.333333333332    30396.333333333336    28883.333333333336    30558.666666666668    26573.0
5087.666666666667    4275.333333333333    4166.333333333333    5937.666666666667    3787.3333333333335    4866.0    7185.333333333333    6897.333333333333    8897.0    10644.333333333334    20767.000000000004    22544.666666666668    23314.333333333336    26445.666666666664    24742.0    25688.0    25987.666666666664    27213.0
11061.0    11239.0    18627.0    19882.333333333332    25449.666666666664    18587.666666666668    12307.666666666668    14250.0    16709.333333333332    18766.333333333336    18799.0    19525.666666666668    15429.333333333334    14414.666666666666    14018.333333333334    14581.666666666666    12630.333333333334    11672.666666666668
4368.333333333333    3974.0    5271.666666666666    5929.666666666667    4624.0    6111.666666666667    14268.000000000002    15852.000000000002    18887.333333333332    27455.0    19426.666666666664    18370.0    17833.666666666668    21476.0    18099.0    23369.0    22754.999999999996    20456.0
10363.999999999998    11096.000000000002    11483.999999999998    11600.666666666666    13222.666666666664    12895.333333333332    14698.0    12400.999999999998    14344.333333333334    13498.333333333332    13590.0    13074.666666666666    18050.000000000004    18820.0    17944.666666666668    19465.666666666664    14852.666666666666    13966.000000000002
11867.333333333334    16730.666666666668    16082.666666666668    16166.333333333332    18177.333333333336    16909.0    15493.666666666668    11450.0    12516.333333333334    12804.333333333334    13035.0    13343.0    11823.333333333334    15011.0    14967.333333333336    11426.666666666666    13100.333333333334    9116.333333333334
11032.666666666666    16073.666666666666    16912.333333333336    17685.666666666668    14976.333333333332    12512.666666666668    13016.0    14417.666666666666    11494.333333333334    13312.666666666666    11853.666666666668    13320.333333333334    10862.0    13106.0    16954.333333333332    17635.333333333336    18976.666666666668    16666.333333333336
15352.666666666666    17748.0    15668.333333333334    13979.0    10301.0    14577.666666666666    14901.333333333332    16008.666666666668    14269.333333333334    12856.666666666668    14264.666666666666    13250.0    11069.0    12318.0    13504.333333333334    17618.666666666668    19733.0    14577.666666666668
5052.0    4864.666666666667    5359.333333333334    5214.0    6280.0    3683.6666666666665    6552.666666666666    10825.333333333334    8566.0    18928.666666666668    21362.666666666668    26971.666666666668    26183.000000000004    23504.333333333332    24310.333333333332    27699.0    21377.0    21985.666666666664
5466.333333333334    4547.333333333333    4604.0    4470.0    4249.333333333334    5215.333333333334    6163.0    7579.333333333334    5705.333333333333    9445.333333333334    16882.666666666668    23840.000000000004    29172.000000000004    26275.333333333332    27324.0    25618.666666666668    31209.333333333336    27644.333333333332
3363.333333333333    4020.3333333333335    3468.3333333333335    4704.333333333334    4139.0    5822.666666666666    6442.666666666667    6811.000000000001    6410.666666666667    4972.666666666666    9789.333333333332    17848.0    27666.333333333332    28079.0    32438.999999999996    35767.666666666664    36253.0    30778.666666666668
4632.666666666667    4821.0    3946.3333333333335    3429.666666666666    4728.666666666666    5469.999999999999    5654.666666666666    4273.0    5706.333333333334    6245.666666666666    8647.666666666666    12514.666666666666    22012.333333333336    31947.666666666664    37865.666666666664    35713.666666666664    39581.0    34888.0
3985.666666666667    3905.0000000000005    5052.000000000001    3762.666666666667    3891.0000000000005    4529.666666666667    4526.666666666667    4446.0    4893.666666666667    5692.333333333333    7974.333333333334    12567.0    23514.0    28460.666666666668    40335.333333333336    40899.666666666664    45419.0    37657.33333333333
11919.333333333332    23006.666666666668    41014.0    49106.666666666664    45248.0    42248.0    35029.66666666667    21548.666666666668    14813.0    10913.333333333332    9392.333333333334    7948.999999999999    7547.666666666666    6068.333333333333    5411.0    5816.333333333333    3852.9999999999995    4702.666666666667
4627.666666666666    4368.666666666666    5314.666666666667    4453.333333333334    4157.0    5744.666666666667    4266.666666666666    4775.666666666666    6348.0    7615.666666666667    9224.0    12326.333333333334    19847.999999999996    30337.999999999996    47512.0    44183.333333333336    45182.333333333336    40780.0
3540.0    5379.0    4216.0    4321.666666666666    3271.0    4722.333333333333    3788.6666666666665    4840.0    3429.6666666666665    7813.0    9625.333333333332    8350.333333333334    19946.333333333332    24846.666666666664    46081.333333333336    55790.333333333336    51542.33333333333    39681.666666666664
5060.333333333334    3222.3333333333335    3943.666666666667    4345.666666666667    4196.666666666666    5587.666666666666    5048.000000000001    4777.666666666666    6842.999999999999    7248.0    9929.0    8815.0    14993.333333333336    30511.999999999996    43505.666666666664    51141.33333333333    46499.333333333336    36617.0
4542.0    4168.666666666667    5688.000000000001    4474.333333333333    4816.666666666666    5147.0    4939.666666666667    6259.333333333334    4295.666666666667    7413.333333333333    8397.0    9471.333333333334    14212.333333333334    26020.333333333336    44660.0    54046.33333333333    43336.0    41227.666666666664
11077.666666666668    15579.999999999998    29121.333333333332    48897.333333333336    51113.66666666667    44575.666666666664    30433.999999999996    16330.666666666666    9165.666666666668    8837.666666666666    7700.666666666667    8779.0    6035.666666666666    6984.666666666666    4915.666666666667    4498.666666666667    5712.333333333333    4942.666666666667
7353.666666666666    18432.333333333336    31568.666666666668    53784.666666666664    56599.666666666664    44994.333333333336    31435.999999999996    13538.666666666666    11660.333333333336    7489.666666666668    7128.0    7493.666666666666    5041.666666666667    6204.333333333334    5407.666666666667    3999.3333333333335    5878.333333333334    4990.666666666667
8480.333333333334    15875.0    33429.33333333333    56215.666666666664    55324.333333333336    49164.33333333333    26972.666666666668    13339.666666666666    8681.666666666666    10151.666666666666    8890.666666666666    6225.000000000001    5567.333333333334    4948.666666666666    5972.333333333333    4777.0    4903.666666666667    4347.666666666667
10835.333333333334    16703.333333333336    33976.0    56031.0    56881.333333333336    46489.33333333333    29816.333333333336    10133.999999999998    9905.666666666668    9408.333333333334    10044.0    6692.333333333333    6611.333333333333    5661.000000000001    4918.333333333334    4940.666666666667    5256.333333333333    6903.666666666666
