9746    12270    26596    32295    29158    15190
10814    14030    19396    31919    26484    15296
10798    11261    25087    30169    31781    16245
8611    11201    23673    43213    27606    12205
9507    8300    14623    19924    20922    13058
11264    13068    17449    33117    26007    13003
8743    10424    16807    27443    30325    14162
10706    11090    20059    33905    23079    20842
8932    8627    15593    21622    22690    13816
8334    17188    22997    30346    23523    16222
8256    7761    20851    23254    21250    16952
9593    9549    19116    27411    22047    14351
13158    9892    17473    39057    25643    19225
7389    8439    16680    31301    22854    15714
8076    12201    20415    26617    19569    15776
9649    11467    19303    23038    19635    13213
7561    10404    15740    26373    16735    10059
8376    9995    18810    15215    12730    7916
13947    9929    18656    26239    23270    13547
7769    6342    15628    21778    17610    13168
11974    9961    17576    20331    29453    15734
10328    10877    22403    27451    20956    11903
11143    13231    21999    33012    22479    13981
11289    13149    20681    34168    22166    14169
10139    11884    19321    29099    25555    14554
12471    13393    20660    37237    30600    12003
