5282    12638    15970    20375    23337    5284    6409    3749    5064    2585    4580    5890    3732    4927    3110    2323
10663    16017    11233    15178    9753    10035    12567    5989    3496    5559    2643    3884    3369    2619    2508    2426
10203    12369    15148    13471    9041    11458    11698    7204    5308    5402    4535    3203    2838    5440    5316    2707
8297    12607    11954    13682    15562    15031    10070    7450    6427    4127    3642    4362    2116    3328    4029    3825
1797    4648    3530    3059    2601    2226    2782    4302    5070    3991    5513    7214    11625    10407    8473    9096
11359    8841    11603    10656    12441    9173    9677    5368    4843    4470    3799    3474    8139    3751    3391    2923
10177    9282    8502    6112    10924    10831    7759    7976    8989    4920    4785    4855    2998    3732    2722    3340
10598    11753    4376    7456    9973    14192    9268    13608    7641    4189    5924    6371    4413    3908    2922    3089
2779    5118    2918    2383    4181    4750    4232    3827    4684    7874    9857    10763    6465    8663    7953    4833
8112    9142    10117    7969    5846    9662    11708    8687    10311    10245    6204    5899    3628    7264    1762    2054
3202    1925    3171    2755    2600    4014    3820    9303    5214    12439    7948    10804    8044    10129    7833    5123
3887    5920    4093    2397    3481    5419    10539    7538    9729    8071    6865    6123    5347    5649    8831    8178
9747    9642    10274    10233    8681    6135    4760    8971    6952    7222    6236    7637    10607    8154    4106    5091
7108    9501    6627    5782    7675    7062    4803    4357    5374    5559    6502    5233    8975    5239    9032    3548
8652    4069    6280    6573    3482    4850    9010    9700    7404    2687    5694    7164    8233    5570    8955    4331
6352    5718    5462    6507    5351    5931    8904    5822    4968    5543    3759    5674    4889    7071    8316    6038
4356    3879    6526    5399    8925    5596    6041    4016    6137    4403    4937    5201    5469    3734    4649    7604
4400    4567    4679    4190    3929    5324    5434    4224    4046    5164    2498    3826    5086    3910    7995    3770
6547    7879    9472    9338    6883    8695    9564    5492    6493    6820    7480    2911    5288    2921    5436    4369
2830    3305    3382    3197    3384    2133    3674    3171    4776    9812    8111    7444    5671    6352    7979    7074
2829    3266    1934    2467    2515    6215    6110    8991    6741    7171    10322    11066    7962    7210    8820    11410
8026    8299    5623    9828    6121    8057    9191    8730    5185    9748    5575    4379    3685    4468    3059    3944
12283    9152    7577    12781    8164    11622    9353    7205    7858    12394    4896    3532    2974    2105    1939    2010
11426    9708    7750    5862    12536    11214    9001    8821    8341    6910    5120    2660    4775    3848    3615    4035
10235    7087    8846    13896    9806    7715    8668    10257    5014    3536    6263    4351    2844    4550    4558    2926
9310    18236    13090    13918    9570    7212    11080    10282    8969    3817    3463    4829    2848    3749    2698    3293
