14827    31174    54044    80424    47705    25390
13629    22691    57289    50753    40265    30977
15901    21408    46837    61625    44273    23837
17941    26348    47732    45835    31348    15991
13064    27620    46376    55621    34973    19965
20033    18161    43663    45951    27331    16896
13374    19239    32783    51668    28299    21671
19453    20025    29586    42265    27341    25898
13728    17693    26097    35011    19663    16616
12599    23636    22956    36028    35104    10364
11563    18389    31498    20204    26412    17123
18602    24597    46558    55632    41067    23714
16538    28741    49238    55706    38659    20217
17780    24100    54962    65540    50897    30724
13873    26757    48640    47779    44506    17083
16352    26068    42079    59185    53853    25783
12246    29007    46162    55500    42878    21277
15362    20804    58952    68594    40018    25822
13963    25682    61841    72607    46102    32037
16814    28444    58774    70264    52178    19379
19204    32312    72567    74573    56098    24243
