2562    4663    4727    6675    8637    9049    12317    10681    18259    24116    21321    19513    25041    21629    33263    31111
4992    2921    7233    5340    9243    4826    11540    11180    19264    17440    27204    20059    14878    21985    19977    17522
5428    3839    5747    7377    6388    7229    18396    19241    21340    23328    18968    15689    12045    13696    16756    18414
12375    12380    12151    13158    12567    11388    16020    15464    18143    11982    11513    12002    7718    5264    7722    5348
18449    16635    11354    13483    11344    10050    15906    9775    16146    20487    14692    16392    10155    4177    2816    5758
14054    13386    11201    5598    10756    13055    10639    10743    11452    13075    11263    11825    14219    11746    5202    3821
9793    11817    9491    5832    10344    13610    6961    9468    10744    9007    12618    10013    11585    14200    10911    10640
12711    13028    12993    11855    11190    6940    6527    8992    12486    6369    8731    8377    9946    13643    9761    11019
12399    5874    9879    9808    5567    6754    7737    4130    8792    6431    5906    9495    11654    9037    6272    9073
8856    11645    8831    12201    10291    9246    8388    5534    7953    6788    7979    4786    7414    10978    11201    8596
5577    8267    6804    8468    8476    11946    9669    5541    5999    7489    7850    8469    7278    7985    9244    6127
6785    8599    5629    7139    10020    6492    15517    23610    17401    20408    11533    16247    12999    14390    16363    17038
10277    10109    7824    11890    10171    17142    15268    21438    17164    13321    14150    11742    12635    9108    15946    10914
3525    4936    5936    4413    4640    5927    8696    14731    18125    28764    31453    22239    26463    17849    21451    24855
5517    4488    5531    3726    5931    7256    9214    15208    17486    21275    26630    14069    15579    15649    13933    17146
4458    6671    6489    5439    6625    5320    6356    11165    10737    28546    28715    25308    20767    20621    16224    19879
6645    6424    3473    4521    5837    7722    5747    7747    19137    25570    25194    21539    19675    15410    14803    17626
3928    4405    4126    4571    6303    7269    9527    6852    20247    15573    17737    29081    25326    20000    26845    27762
3755    8347    5768    4632    6180    4285    6774    7856    11190    14902    22170    41398    31787    30572    23756    28860
5931    2961    4621    5202    6181    3779    10956    8001    10238    16340    28692    23474    29925    33461    26756    29335
4550    5227    4020    3954    4310    9274    12088    8014    12239    13949    25606    36775    39415    35686    34571    29319
