15040    17119    48657    64393    55194    33316
16538    23907    54281    62342    42311    33310
14296    27581    47415    65558    36619    17301
17621    16516    37168    54918    63963    26053
23022    17865    53473    53605    44300    23887
10788    20556    42872    51616    34724    18501
17405    23979    36260    35880    31194    18346
18593    23852    21103    39141    45651    15909
10934    21890    29258    26115    29018    15097
13237    16367    24993    31962    17950    14417
14036    26932    40126    62376    35566    28472
13589    27389    52483    54524    51807    25698
18256    17603    48745    60629    48313    18677
16826    24638    49340    67871    36747    15420
13808    21326    38781    60785    50139    25603
18151    33766    72747    66587    43113    25236
14275    28926    61556    72752    44943    20054
15314    30157    53154    81089    55119    23324
16562    21306    43713    76475    42958    29957
13398    22543    37563    62462    55058    23495
15149    21579    56685    56859    54991    27114
