6044    4250    7872    4010    2828    5048    6435    12229    13194    18318    18077    26264    28636    32813    25058    22643
2584    3849    4479    6940    5258    7881    14293    19330    16323    28491    23409    16842    25368    20589    18909    18144
15296    20610    14573    16599    18621    12207    15790    24688    15184    16644    9823    10493    5885    3476    3700    5181
5156    6297    5706    5820    6441    12641    21893    21026    17386    18034    17641    15539    11821    15499    22917    12422
9243    9136    6318    9716    16228    15987    19557    17748    17966    10409    13791    17848    12563    15794    12232    11616
11893    9280    6850    14675    7200    11302    9864    10993    10662    12488    11099    15428    17573    8790    12320    8640
8771    8472    10874    9136    6564    12461    13490    11104    15337    9488    9580    7489    9974    8247    14094    7983
14776    13942    8316    11862    11771    10247    7952    7386    13910    5768    7104    9704    8325    7214    12537    13435
10269    6739    8709    10697    6632    10868    9639    6367    6305    5231    6263    6762    11659    4221    9634    12317
7495    6221    9181    7640    8576    5627    7786    7405    9955    9246    5141    4083    8831    9338    5532    6869
13383    12161    15602    14612    16564    10419    16572    14048    15751    12339    12841    14965    8322    12149    7982    9798
13952    18256    13107    16405    14016    12892    14950    15002    16694    15150    16222    15338    15139    12331    5482    10554
11601    15138    19726    16432    16884    17829    15182    20730    22131    6476    9578    15062    7569    4386    8505    4994
16144    18874    18695    16772    21617    14634    18459    13756    13284    18650    11018    7082    6939    3778    7398    3742
4997    2805    5900    4144    7109    7601    8076    10063    18324    32160    21020    24088    14040    11914    21761    16440
29158    33356    21692    25688    23657    22333    18531    19388    14849    11595    6579    6986    5093    7557    9440    3698
27204    28932    27318    22971    17212    19692    25032    24460    14056    7185    7099    3142    4541    5263    4732    3667
14783    10820    8299    10586    14697    14461    18387    10048    11939    10577    12544    24750    29070    26243    17857    23096
4695    2711    6346    3672    4851    5037    7783    5575    12113    7937    19944    29348    34651    27340    34801    24167
5636    3640    5770    6270    6638    3786    6953    7144    5643    12558    17696    20658    30712    30357    26568    24490
4196    3047    3245    2934    5043    7674    4106    6350    10157    11152    14068    26938    36287    30178    37166    29836
