10490    23257    46274    56178    29306    13439
10965    18577    30255    49262    30351    14953
13136    14593    27489    48170    43957    24109
15835    11707    31562    41281    35311    22011
13109    18215    31545    63966    32267    13950
16407    20462    40942    47838    29384    10607
12501    18642    12612    31960    52723    29745
14901    16609    30091    37018    40821    19083
12740    17873    26449    35808    33433    20259
18166    17776    25836    44002    34130    25401
11536    28448    33545    45347    40969    14836
11159    22197    24306    45806    29293    16683
8749    12747    16194    30257    25199    19279
11045    13852    34004    38202    30425    18183
8124    13356    34459    45650    34459    15268
11820    11925    24836    21397    19325    12424
10382    11488    13204    14906    19291    13391
9556    16237    35270    49881    31796    17818
13379    16823    25100    31578    27880    20394
10584    13029    29213    42094    27869    17209
11456    7833    34913    36216    34052    19322
13592    20382    33458    43994    29334    22792
16722    17049    32994    38174    35398    15210
7963    15610    34966    45630    32923    17366
9150    19697    38235    46330    30591    13770
13126    18952    44888    45432    27536    14016
