11843    35126    25360    23901    16467    11295    9688    8009    10238    5513    2593    3377    3678    5935    2818    3103
2464    4576    2074    3910    2460    3177    2407    8018    4719    6458    8253    10049    20496    32784    26384    16134
4549    4700    2691    4456    2617    3927    3597    4540    6319    15101    16348    18484    18386    17620    23451    24668
4492    2278    2614    3417    4419    3381    2739    4182    5856    9041    18856    14804    21548    27790    12666    19624
16140    35318    36156    24533    14458    5250    6827    3560    5767    2883    4410    2521    3460    4038    4185    3546
18826    16471    15123    23045    17457    17935    15306    6600    6253    3941    4784    3980    3436    3337    3533    5613
2725    3501    2863    3836    5774    5788    5422    5170    10728    15316    11790    13444    21476    17309    14350    18691
3026    7547    2718    3793    3760    3366    4671    3526    9247    6985    7937    10430    20779    34243    21776    14719
2814    4186    3065    4455    3866    4386    5968    10202    15006    10413    16834    14412    15087    11558    13219    11091
3952    2557    5164    3412    8259    5804    5625    10079    13817    18195    18241    14407    12889    18510    12882    11518
9342    26350    31659    22194    9903    12572    11528    8387    11027    7514    6072    3515    2957    4777    3542    3342
7164    23312    32922    29013    10900    5169    3412    4934    3443    5273    5079    3674    4241    2582    2609    5717
3142    4147    4989    3832    7113    9799    12694    6343    7633    7505    7417    6474    8517    7324    6472    9024
5240    6020    10147    10649    5415    8544    8485    8420    6061    8646    6343    11077    9279    17615    8919    14851
8331    26910    32438    29484    12672    5210    4384    4298    2071    3078    6160    2109    5968    3308    2546    2349
5298    6818    7073    6061    6479    5794    4652    4974    5694    4838    6717    4016    6086    12485    9643    5099
3420    9678    5212    4966    4337    3570    8146    3568    4974    4178    4432    6661    5472    4255    5785    4008
11952    30464    24874    29527    10641    10593    4363    5711    5444    3429    3156    5974    4455    4980    2788    2207
5235    5281    3371    9109    7510    8195    8025    13633    13332    11533    11344    9112    9205    7470    8253    4546
3016    5065    8709    4589    6742    9771    11342    11690    12803    14689    6406    9188    10473    9918    6930    8667
10349    29863    22886    17470    5973    6195    9163    9320    4299    5698    3104    4503    3230    2935    6070    2734
16059    11727    8768    14680    13579    15968    10267    14537    12650    8418    9003    3502    4731    5034    7230    7399
12666    10051    12639    17185    17159    19095    12037    13882    8615    7400    5605    4205    3694    3098    5342    2874
18273    16995    17668    19476    17646    10950    10269    8088    4327    7437    6129    3595    4161    3478    2056    3910
12412    24988    29038    30621    15216    4475    2623    6803    7209    3750    5228    4310    3609    2363    2826    2302
13967    20640    12236    19420    14754    24064    17224    8260    3729    3181    3124    5136    2734    4812    6409    4260
