17789.666666666668    25216.333333333332    63029.66666666666    66291.66666666667    37555.0    18157.999999999996
18640.333333333332    24019.000000000004    61434.33333333334    73447.33333333333    47594.666666666664    21499.666666666668
16672.333333333332    25276.666666666668    62429.666666666664    70382.33333333333    51672.666666666664    19606.666666666668
18040.0    29430.666666666664    58654.66666666667    60242.99999999999    47843.0    17989.666666666668
18913.666666666664    37506.666666666664    68895.99999999997    67833.66666666666    33542.0    20056.000000000004
19307.0    41001.66666666667    70674.66666666666    65964.0    36041.0    17850.666666666668
21034.66666666667    45869.0    60085.333333333336    60483.666666666664    32551.0    19080.0
19364.0    29758.333333333332    57309.66666666667    68962.33333333334    37006.00000000001    18753.333333333332
17982.333333333332    30717.333333333332    52912.0    70080.66666666667    40195.66666666666    21065.0
19099.666666666664    29985.0    57546.33333333333    62299.33333333334    42572.99999999999    22858.333333333336
16169.666666666668    29571.333333333332    53571.0    67590.0    37320.666666666664    22063.666666666664
9533.333333333334    12019.666666666664    16718.666666666664    20952.333333333332    14642.333333333334    10897.666666666664
15634.333333333334    22308.666666666668    31458.333333333336    37600.0    26119.0    16424.666666666668
18058.333333333332    28789.33333333333    49790.666666666664    43632.66666666667    29088.0    17499.333333333336
17537.33333333333    24124.333333333332    45701.666666666664    49509.33333333334    29266.666666666664    18981.333333333332
17860.000000000004    20763.999999999996    39606.333333333336    41579.333333333336    23261.666666666668    17421.0
18877.333333333332    23925.666666666664    41698.666666666664    37801.333333333336    24236.0    20699.0
15772.000000000002    24424.666666666668    37384.66666666668    36801.99999999999    25253.0    15626.0
15982.333333333336    31783.666666666664    58764.33333333334    49657.0    30476.666666666664    18754.333333333332
20060.666666666664    39388.333333333336    59924.999999999985    58157.33333333334    33963.0    19730.333333333332
22898.33333333333    40587.333333333336    70130.66666666667    59027.66666666667    34802.666666666664    18886.666666666668
17747.333333333336    36512.66666666667    60299.33333333333    61791.33333333333    34542.66666666668    20296.666666666668
21375.000000000004    35404.66666666666    65061.66666666667    63355.33333333332    33641.0    18124.333333333332
18243.0    40389.66666666667    58705.33333333335    63160.66666666667    37149.666666666664    18802.666666666668
20318.666666666664    38450.333333333336    57814.66666666667    54142.66666666668    32406.33333333334    20964.0
22349.66666666666    38356.66666666667    63751.666666666664    61736.99999999999    28398.0    19764.666666666668
15548.666666666666    35050.333333333336    62316.666666666664    58457.00000000001    34616.0    19430.666666666668
16955.666666666668    32724.33333333333    59857.33333333333    69617.66666666667    38432.666666666664    19744.33333333333
18748.333333333336    33309.666666666664    62270.66666666666    57914.00000000001    38627.0    19826.999999999996
12566.999999999998    27731.333333333332    57801.333333333336    65426.66666666667    44646.666666666664    24859.666666666668
19543.333333333336    31383.0    63899.333333333336    58334.33333333333    33515.99999999999    16525.333333333332
