2863.6666666666665    4066.6666666666665    3901.6666666666665    4035.6666666666665    4717.0    3809.6666666666665    4073.666666666667    4052.3333333333335    5131.333333333333    7286.666666666667    7469.000000000001    9984.666666666668    21112.333333333332    34220.0    40343.66666666666    35024.666666666664    26228.666666666664    9719.0
3377.0    5215.666666666666    4532.333333333333    3649.6666666666665    3487.6666666666665    4569.0    5268.666666666666    4945.666666666667    7451.0    8212.0    9765.0    11210.000000000002    18842.666666666664    32946.0    42906.0    37114.666666666664    28153.333333333332    14989.0
5067.000000000001    3159.3333333333335    4119.666666666667    4295.0    3825.666666666667    5160.0    4223.333333333333    5475.666666666666    6833.999999999999    7065.333333333333    7225.0    11966.0    20531.666666666668    34620.666666666664    44979.333333333336    34025.666666666664    27471.000000000004    15996.0
5291.666666666667    5436.666666666667    7090.333333333333    6439.333333333333    5992.0    5797.333333333333    6732.666666666667    6735.666666666666    5399.333333333334    7460.666666666667    7617.666666666666    11648.0    21135.333333333332    27622.0    37391.66666666666    29371.666666666668    22951.666666666664    12087.333333333334
17492.333333333336    26870.666666666664    34413.66666666667    36844.0    30787.333333333332    25853.666666666668    14750.333333333332    10826.333333333334    8698.0    6682.333333333334    6381.999999999999    4434.0    3896.9999999999995    3610.0    4247.333333333333    4254.333333333334    3982.0    2722.6666666666665
22484.33333333333    30625.333333333336    33427.66666666667    39474.333333333336    26552.000000000004    26752.666666666668    10752.0    9348.333333333334    8871.0    6588.999999999999    4972.666666666667    4866.0    5148.333333333333    3377.9999999999995    4346.0    4479.333333333334    3808.333333333333    4963.666666666667
24201.666666666668    27946.666666666664    31940.666666666668    33895.0    28412.666666666664    21275.666666666664    12517.666666666668    7188.333333333333    9238.333333333334    5942.333333333333    4977.333333333334    5854.333333333333    5235.666666666667    3976.9999999999995    5146.333333333333    3794.6666666666665    4306.333333333334    3253.0
3105.6666666666665    3382.3333333333335    3445.6666666666665    3360.0    3666.3333333333335    3538.0    4319.666666666667    4462.0    6539.333333333333    11111.0    10083.333333333334    18182.333333333332    22238.333333333336    29345.0    27490.666666666664    27903.666666666668    27053.0    21927.33333333333
4916.0    4511.333333333333    3440.6666666666665    3750.3333333333335    4578.333333333334    4423.0    3724.0    5421.0    5972.666666666667    10265.666666666666    14115.333333333334    16309.333333333334    21654.666666666668    28640.0    24946.666666666664    26549.666666666668    25732.66666666667    24001.666666666664
2863.3333333333335    4968.666666666666    4108.0    5598.333333333334    4613.0    5622.333333333333    4873.666666666667    5752.666666666666    8193.333333333332    11862.333333333334    14096.666666666666    17783.666666666664    20248.333333333332    27039.333333333332    25159.333333333332    26627.33333333333    23938.333333333332    21013.0
4183.999999999999    4434.333333333333    4695.0    4811.666666666667    4981.333333333333    4757.333333333334    7099.666666666666    5888.0    11963.0    12067.666666666668    17555.666666666668    15232.0    19824.333333333336    23515.666666666668    25275.333333333332    24883.666666666668    18267.666666666668    16850.0
3326.3333333333335    3456.3333333333335    3696.0    3215.3333333333335    3033.9999999999995    2542.0    2771.6666666666665    2278.6666666666665    3148.6666666666665    4539.0    3692.3333333333335    4817.666666666666    4398.0    7949.333333333334    10113.999999999998    11178.333333333334    5457.333333333334    5149.0
10182.666666666666    9989.333333333332    9383.666666666666    9530.666666666666    9287.999999999998    9430.666666666666    9798.0    9947.0    8358.666666666668    9240.333333333334    12025.666666666666    8887.0    8207.666666666666    4892.333333333333    6201.333333333333    5706.0    3911.333333333333    4564.666666666667
12411.0    11585.333333333334    18311.000000000004    18191.000000000004    12958.999999999998    12122.333333333334    9816.0    11392.666666666666    8875.0    12388.333333333334    11102.333333333334    12067.333333333334    9999.0    8242.666666666666    7026.0    3366.0000000000005    3588.333333333333    3415.0
8004.333333333333    15859.666666666666    18549.666666666664    18780.333333333332    10777.000000000002    10313.333333333332    8690.333333333332    7568.0    6862.333333333334    8952.333333333332    9576.666666666668    7688.333333333334    9483.0    11181.0    10158.0    9972.666666666666    7546.0    5157.666666666667
7017.333333333333    12449.0    12075.666666666666    16246.0    12502.333333333332    8582.333333333332    8198.333333333334    7753.666666666667    7617.333333333334    5692.999999999999    6345.666666666667    7187.666666666667    6525.666666666666    7604.000000000001    8915.0    8636.0    9229.333333333334    7914.0
7864.0    10178.666666666666    6650.333333333334    9770.0    7281.666666666666    8543.333333333332    6680.333333333334    6675.333333333334    7922.0    7983.666666666667    7367.666666666667    8234.0    7856.666666666667    14131.666666666664    18423.666666666668    13515.0    10228.0    7932.0
9570.666666666666    9189.666666666668    13852.333333333334    17793.666666666668    13274.333333333334    9280.0    6692.333333333333    8044.0    7629.0    6894.333333333333    6075.333333333333    6549.0    6651.0    6321.333333333334    6359.0    6425.666666666666    7114.666666666666    7546.000000000001
18378.666666666664    16392.666666666668    24990.0    22137.666666666664    18378.333333333332    10507.999999999998    13892.333333333332    15932.0    12018.333333333334    8191.666666666667    7350.666666666667    6693.666666666667    6000.666666666667    5099.666666666667    7014.333333333333    4112.333333333333    4793.333333333334    3533.9999999999995
22199.333333333332    27321.0    25406.333333333332    24242.333333333336    23736.666666666668    20925.333333333332    14840.000000000002    14540.0    11183.666666666666    6086.666666666667    6746.666666666667    4476.0    6042.0    4904.0    4945.666666666667    4672.333333333334    4917.666666666667    4038.9999999999995
23146.0    27384.0    33688.00000000001    30387.33333333333    21180.33333333333    19143.0    20955.0    13222.333333333334    9782.666666666668    9226.666666666666    6811.666666666667    5016.666666666667    4318.333333333334    3815.333333333333    4295.0    5091.333333333333    4791.333333333333    4078.3333333333335
20164.666666666668    25837.666666666664    29024.666666666664    26688.33333333333    28991.66666666667    22604.333333333336    17123.0    11332.666666666666    5809.666666666667    6021.333333333333    5531.666666666667    5760.333333333333    4072.6666666666665    6019.666666666667    4154.0    3755.0000000000005    4072.666666666667    4226.0
19093.333333333336    28881.666666666668    30719.666666666664    28804.666666666668    24066.0    26110.333333333332    14551.0    9226.333333333332    7704.999999999999    7428.333333333333    6226.333333333334    5773.0    4976.666666666666    4822.0    4628.0    3755.666666666666    5376.333333333333    4817.666666666667
19553.333333333332    28301.666666666664    33009.33333333333    33195.0    25417.0    21902.333333333332    13285.333333333332    12154.0    7417.0    7487.0    5995.333333333333    5219.333333333334    3990.3333333333326    4016.666666666667    4487.333333333334    4771.333333333333    3272.0    2976.6666666666665
13934.0    22088.666666666664    34147.66666666667    31331.000000000004    31220.333333333332    21316.333333333332    11608.999999999998    10275.0    6512.666666666667    6478.333333333334    4021.6666666666665    4953.666666666667    5413.0    4371.666666666667    3775.333333333333    4075.3333333333335    3296.6666666666665    5276.333333333333
16984.0    23742.333333333332    33506.0    37784.66666666667    28160.333333333332    20453.333333333332    10986.000000000002    12117.999999999998    8001.000000000001    5729.333333333333    5994.000000000001    3678.6666666666665    4122.666666666666    4432.0    4583.333333333334    4320.666666666667    4650.666666666666    5110.666666666667
6099.666666666667    12281.666666666668    15367.000000000002    14955.0    12296.666666666668    7857.0    6678.666666666666    5465.333333333333    8764.666666666668    6981.0    7753.666666666666    7806.333333333333    15323.0    22991.66666666667    24317.666666666664    20127.666666666668    19001.333333333332    11351.333333333334
5586.333333333334    12887.0    15371.666666666666    14580.666666666664    11546.666666666666    9318.333333333334    6213.333333333333    5736.0    6817.0    6771.999999999999    6804.0    8176.666666666667    18210.0    26738.0    33593.33333333333    18375.333333333336    19256.333333333332    11349.333333333334
10044.333333333334    21612.333333333332    24928.333333333336    27144.333333333332    20767.666666666668    11788.666666666666    9758.333333333334    6515.333333333332    7353.333333333334    6288.666666666667    6510.333333333333    4887.666666666667    10125.333333333334    13042.333333333334    17957.666666666664    15695.666666666664    9137.333333333334    7139.000000000001
3052.0000000000005    3962.666666666667    4595.333333333333    3986.6666666666665    3897.0    4927.666666666667    4336.333333333333    3834.9999999999995    4972.333333333334    8058.333333333335    8223.666666666668    10649.666666666668    15595.333333333334    31909.333333333336    44445.666666666664    38974.0    24238.000000000004    13373.666666666666
9545.333333333332    15928.0    26801.666666666668    27932.33333333333    23128.333333333332    12438.666666666668    8951.666666666666    7103.666666666667    5855.666666666666    6491.333333333334    3985.0    5140.333333333333    8416.666666666668    13567.000000000002    18501.666666666668    14789.333333333334    9148.666666666666    5476.0
