20306    51891    61609    42626
26608    59608    58969    35900
22301    47048    57610    32818
22397    44753    52028    38345
21838    39182    57647    46118
22651    44232    44217    29993
22098    26413    51231    26975
12685    28647    33138    25671
12989    27219    27940    27334
25176    27627    49808    31052
32752    48451    56695    29744
24665    34678    48269    47637
20252    36848    47165    34687
24167    42035    43190    25750
16064    46585    52518    38927
22826    39276    59246    33304
32837    48774    59182    40585
29144    50263    53396    41102
31825    53459    68522    33170
29293    78944    66815    42843
26217    51737    61764    31606
