22497    20165    20288    19720    21435    15261    14954    13246    7117    4123    4735    4433    2610    5848
20541    14186    17086    17404    17230    11870    25415    14398    16240    8394    4844    5133    4348    3996
14786    17183    11893    11494    15490    10874    16152    19359    12363    10502    4863    6068    4409    4341
11511    9441    9390    15549    18079    15912    12829    8209    13784    14638    9785    7496    7515    3385
15650    12430    10593    9396    10656    12301    13531    16315    11642    10307    17797    9428    8426    6313
7346    11073    11125    9320    9643    8729    12749    10976    10819    9111    11644    9426    7946    11186
7370    11496    5232    8964    9934    8763    5154    14028    5220    9620    9251    4815    9603    17267
9042    6092    3936    7985    4068    8268    6685    6090    5041    6482    9363    9577    10157    7355
5531    6651    3775    6352    11577    8190    7361    7913    5764    5062    6613    7904    6246    6543
7112    8176    8777    8893    8751    10943    11747    15305    13241    11639    5562    7225    6631    9661
8024    5900    8967    11612    13169    10735    11231    15968    17266    13985    16172    10462    12788    11363
6935    10880    8578    8027    11033    16950    17363    13697    15860    16381    7302    8481    6729    7033
4063    4580    3958    5394    5434    6086    9807    14356    17086    15327    11654    13416    15802    11989
8611    11155    11764    8272    11805    11459    10461    9070    10580    12767    9254    9335    6051    4558
3477    3176    3075    4122    4923    5249    9571    11197    16206    22973    19017    17662    18865    14581
19181    14320    15920    11785    16974    23624    15651    11567    8023    4191    4184    4852    2294    2086
24160    14118    14325    20115    29074    23808    15642    15949    6819    3009    5672    2518    3872    2297
17664    21006    17411    26174    19726    25345    12051    10664    5541    5492    2934    2704    2831    4362
26362    24242    18706    22913    22067    18151    13688    9996    6955    5278    3497    5225    4917    4979
32998    29037    35137    26517    24395    20184    12038    8284    8139    5782    3863    5049    2635    3837
27982    28392    16527    31185    19783    8004    10709    5279    4999    4523    3603    2963    2509    4866
