20843.0    22579.000000000004    47268.99999999999    66998.66666666667    62621.666666666664    30589.666666666664
19090.33333333333    21961.0    46974.33333333333    68129.66666666666    61676.33333333334    28951.0
18440.666666666664    16271.000000000002    32702.333333333332    64151.33333333333    63145.00000000001    39158.0
17322.666666666668    17089.0    34333.333333333336    66826.0    68299.0    37584.66666666667
20093.666666666668    18641.0    28651.333333333332    58540.00000000001    61258.99999999999    34217.99999999999
19968.999999999996    16687.666666666668    31040.333333333332    62194.66666666666    65068.33333333333    35933.99999999999
21796.0    23741.66666666666    47300.999999999985    63110.999999999985    61865.00000000001    27423.666666666668
17407.333333333336    23411.666666666668    43710.33333333332    67065.66666666666    58041.000000000015    29847.666666666664
20473.0    19976.333333333332    37968.00000000001    64508.33333333332    59022.99999999999    29695.33333333333
17588.333333333332    20784.0    37566.99999999999    66211.33333333333    55519.333333333336    29469.33333333333
21787.0    22100.66666666667    35378.66666666668    57034.666666666664    52905.33333333332    28735.666666666668
18416.66666666666    18010.0    41622.0    52401.666666666664    49850.333333333336    24721.33333333333
21192.0    18751.000000000004    33479.0    60266.66666666667    50579.33333333333    28340.333333333332
15978.666666666666    17075.33333333333    38839.33333333334    47236.99999999999    51036.00000000001    25696.666666666664
18589.333333333336    16639.666666666668    31664.333333333332    47034.0    42953.66666666667    22833.333333333336
14691.333333333334    17320.333333333332    35340.333333333336    53078.333333333336    48909.00000000001    26295.666666666664
18784.000000000004    15417.333333333334    29444.33333333334    39833.0    34909.66666666667    24268.0
18355.666666666668    15528.333333333334    21300.666666666668    37417.33333333333    33326.66666666666    22055.333333333336
23097.999999999996    22853.000000000004    34790.333333333336    54145.0    54379.66666666668    28846.0
20316.333333333336    21232.0    39913.66666666667    63161.0    60159.666666666664    23701.666666666664
20608.333333333332    19078.333333333336    38424.99999999999    67409.0    57689.66666666665    29540.666666666668
22549.66666666666    21075.66666666667    51036.33333333332    74394.33333333333    63780.33333333333    28251.333333333332
11724.333333333334    14662.33333333333    18144.0    28557.0    22894.666666666664    20038.0
18997.0    19809.0    37069.666666666664    72860.66666666666    56162.0    30316.0
21592.999999999996    22662.666666666668    44514.666666666664    61988.33333333333    61423.0    31700.0
18990.666666666668    28131.000000000004    44681.333333333336    70559.33333333333    60997.66666666667    29145.333333333336
24058.66666666666    22958.666666666668    42555.333333333336    65892.66666666667    60052.66666666667    30950.33333333333
22773.666666666668    18688.666666666668    40812.0    64681.00000000001    66727.66666666667    38964.99999999999
18120.000000000004    18715.333333333332    33561.666666666664    67519.0    63235.333333333336    38389.00000000001
17931.666666666664    20599.666666666668    39781.666666666664    63725.66666666667    70639.33333333333    39058.66666666667
20158.666666666664    18446.666666666668    34234.66666666667    60329.0    63810.0    38174.666666666664
