11107.333333333332    18478.666666666668    35353.0    41613.666666666664    45146.00000000001    25553.0    14590.0    9644.000000000002    7271.0    10169.333333333334    4688.0    4001.0    3845.6666666666665    4717.0    3237.333333333333    3649.3333333333335    4551.333333333333    3285.333333333333
11172.666666666666    20358.666666666668    29653.999999999996    41519.666666666664    37113.0    25868.666666666668    16185.333333333334    9854.333333333334    11158.666666666666    7715.666666666666    6411.333333333333    4600.000000000001    4176.0    4321.666666666667    4607.333333333334    4774.0    4382.333333333333    2909.333333333333
3124.3333333333335    3513.666666666667    2713.3333333333335    3305.3333333333335    4963.333333333333    3648.0    5309.666666666667    4599.333333333334    5906.333333333333    5367.666666666667    8309.666666666668    7940.0    18391.0    23857.0    39768.0    45060.666666666664    29410.0    18681.0
4478.333333333334    3093.6666666666665    2997.333333333333    3428.3333333333335    3746.0    4196.0    3943.6666666666665    3916.666666666667    5787.0    7260.333333333333    6195.666666666666    8633.0    15136.0    27817.666666666668    39550.0    40667.333333333336    37058.0    23549.666666666664
3871.3333333333335    3476.666666666667    3369.3333333333335    5112.666666666666    3955.3333333333335    4360.666666666667    4847.333333333333    5556.0    4577.0    5084.666666666667    8233.666666666666    8075.0    14944.999999999998    23494.333333333332    37648.333333333336    30300.666666666668    26364.333333333332    28130.666666666664
4130.0    3824.6666666666665    3696.666666666666    4216.666666666666    5229.0    3318.333333333333    5105.0    4235.666666666666    4953.0    4565.333333333333    8082.333333333333    10030.0    17648.999999999996    27633.999999999996    30428.000000000004    35126.333333333336    33242.333333333336    25427.666666666668
16946.666666666668    21858.333333333336    26210.333333333332    33271.666666666664    30798.333333333332    26105.333333333336    18171.0    14276.333333333334    10834.0    8918.0    6290.333333333333    4840.333333333333    4446.666666666666    4809.666666666667    3918.0    4737.333333333333    3380.3333333333335    5425.666666666667
14822.0    20970.0    30839.333333333332    28807.666666666664    29984.333333333332    26075.0    20362.666666666668    15413.666666666666    7824.333333333333    7051.999999999999    5814.333333333333    5470.666666666667    5083.333333333334    5281.999999999999    4575.333333333334    4945.666666666666    3244.3333333333335    2916.9999999999995
19423.333333333332    19747.333333333332    23957.999999999996    27652.0    24763.666666666668    23235.333333333332    22386.0    17761.0    10321.333333333334    7405.666666666666    5234.666666666666    4784.333333333334    4103.0    5350.666666666666    4046.6666666666665    3516.6666666666665    4172.333333333333    3782.0
18898.333333333332    19009.000000000004    24792.666666666668    26370.000000000004    21970.333333333332    19550.333333333336    18606.666666666668    14403.000000000002    12474.666666666666    9731.000000000002    5776.0    7050.666666666666    5993.666666666667    5191.333333333334    4106.666666666666    4689.999999999999    4071.333333333333    4453.666666666666
19144.333333333332    18091.666666666668    20799.333333333332    25768.333333333332    13845.333333333336    18566.0    18081.666666666668    17538.0    14275.333333333332    11188.333333333332    7285.0    6554.666666666667    5814.666666666667    6245.333333333334    4344.333333333333    3412.0    3369.0    3618.6666666666665
15723.0    11720.666666666666    16550.333333333332    21157.0    23445.333333333332    15977.333333333334    14497.666666666668    12205.666666666666    12919.666666666666    12971.0    11285.333333333334    5865.666666666667    6171.666666666668    4062.0    4177.666666666667    5275.333333333333    5593.999999999999    5422.666666666667
11734.333333333334    12688.666666666666    17229.333333333332    21888.0    18757.0    14443.666666666668    10842.0    10862.0    10883.666666666666    12321.666666666666    18736.666666666668    17271.666666666668    6902.333333333333    7759.999999999999    7533.0    4277.0    5089.666666666666    3387.6666666666665
10435.333333333334    9348.0    13052.333333333332    17599.666666666668    17471.666666666668    11619.0    11489.666666666668    9225.333333333334    11158.0    9932.0    12883.000000000002    13348.333333333334    10518.0    10594.333333333334    8948.333333333334    7018.0    4280.666666666667    6941.333333333334
8884.333333333334    11220.0    13663.333333333334    16600.0    12934.666666666668    11906.0    12186.0    7473.333333333334    8130.666666666667    9431.0    10152.666666666666    9586.333333333332    7065.000000000001    7889.333333333333    7860.000000000001    11479.666666666668    7789.666666666665    5462.333333333333
10999.333333333334    10209.666666666666    14747.666666666666    18897.0    19686.333333333336    14525.666666666666    10451.999999999998    10895.666666666666    8303.0    10408.333333333336    9417.999999999998    8557.333333333334    10071.666666666666    8650.0    7813.666666666667    7613.333333333333    6317.666666666667    8068.666666666666
7175.333333333333    7250.666666666667    5303.666666666667    8034.0    6804.0    5445.333333333334    8123.0    7675.666666666666    6350.333333333333    6194.0    9306.0    8743.0    7985.666666666667    11016.0    17071.333333333332    17924.333333333336    13378.333333333334    8875.666666666668
6880.333333333333    8798.0    12511.999999999998    13947.333333333334    14809.333333333332    9485.0    6368.333333333334    7252.000000000001    7335.333333333334    9468.333333333334    7112.333333333333    5970.333333333333    6299.333333333333    6452.0    6181.333333333333    6677.999999999999    5889.0    6545.666666666667
15593.333333333332    17278.0    20164.0    24260.333333333332    17050.666666666668    19340.333333333332    15872.333333333334    17423.666666666668    15271.0    12488.333333333334    8915.0    6444.333333333333    4721.0    5812.333333333333    5191.999999999999    4284.333333333333    4467.0    3534.0
13754.000000000002    16805.666666666664    21607.666666666668    23765.666666666668    24399.333333333332    21405.0    23964.0    17472.0    14403.0    11117.0    7332.666666666667    6049.666666666667    4601.333333333333    4228.666666666667    4765.333333333333    3747.3333333333335    4432.666666666666    4633.333333333333
17259.666666666664    28750.333333333336    24637.333333333336    27110.999999999996    24527.333333333332    22461.999999999996    19295.333333333336    14736.0    11658.666666666666    5642.0    5721.333333333333    5262.0    5968.333333333333    3998.3333333333335    4862.333333333333    3233.0    3921.333333333333    3704.6666666666665
16084.333333333334    26022.666666666664    29195.000000000004    29537.66666666666    33659.666666666664    24310.0    25140.666666666668    18789.666666666664    10442.0    8168.0    6239.000000000001    7891.333333333334    4637.333333333333    3853.3333333333335    4440.0    3422.3333333333335    4414.666666666666    4840.0
3239.0    2575.0    3218.9999999999995    3763.0    5442.333333333333    5051.0    7416.0    8084.333333333334    12423.0    12324.666666666666    11701.0    8908.333333333334    9746.666666666666    3994.3333333333335    5088.333333333333    5045.0    4588.666666666667    3410.666666666667
9064.333333333334    14582.333333333334    18864.666666666668    18831.333333333336    24910.333333333336    20447.333333333332    14716.666666666664    10656.666666666666    7157.0    5421.0    6904.0    6336.666666666666    6670.0    11631.0    17392.333333333336    16865.666666666668    15418.666666666666    9344.333333333334
11401.000000000002    18397.333333333332    30713.666666666668    37596.0    31921.33333333334    23468.666666666664    22584.999999999996    10954.333333333334    11530.0    7095.666666666667    7726.666666666667    5973.333333333333    4859.666666666667    3688.0000000000005    4802.333333333333    4839.333333333333    3224.3333333333335    3104.9999999999995
10664.666666666668    21827.666666666668    32069.666666666668    37617.666666666664    39472.00000000001    30251.666666666664    14785.666666666666    11251.333333333332    9237.333333333332    8663.666666666666    5053.666666666667    4257.333333333333    5226.0    5016.333333333332    5404.333333333334    3726.3333333333335    4474.0    3506.0
10095.000000000002    16883.0    32826.0    40162.0    38306.33333333333    27096.666666666664    13279.000000000002    9953.0    12515.333333333334    7515.333333333332    6220.333333333333    6594.0    4994.333333333333    3319.0    4039.3333333333335    4623.0    4036.333333333334    4010.3333333333335
3470.666666666667    5415.666666666667    5264.333333333334    3789.3333333333335    5467.0    4386.0    4793.666666666667    3155.0    6086.666666666667    7076.999999999999    8535.666666666668    7445.0    15414.999999999998    27432.0    39512.0    45485.333333333336    37465.33333333333    22452.333333333336
4049.0000000000005    3411.666666666667    3569.6666666666665    2578.0000000000005    4169.000000000001    4290.0    5762.333333333334    4466.0    5028.333333333334    6685.333333333334    6451.333333333333    7979.0    13828.666666666664    24528.000000000004    37754.333333333336    45327.00000000001    37809.0    21853.666666666664
3730.6666666666665    3880.666666666666    4410.0    4020.3333333333335    3710.0    4215.333333333334    5942.333333333333    5608.666666666666    4667.0    6598.999999999999    10241.0    10334.666666666668    15635.666666666668    23108.666666666664    42118.666666666664    47985.66666666667    38394.0    17134.333333333332
3580.666666666667    4795.666666666666    4473.0    3627.666666666667    3178.9999999999995    4207.333333333333    4697.0    4147.0    4724.666666666667    7652.666666666667    6966.333333333334    12297.0    11495.333333333334    22155.333333333336    46878.666666666664    41333.666666666664    29599.333333333332    19343.333333333336
