23218    45047    74649    74075
19535    43369    53176    44578
17160    39784    56659    50518
17761    38082    57289    51096
18692    24997    54203    45695
25453    42680    54784    47851
17221    32317    47450    36863
16643    28420    38384    25694
17679    22714    26014    24473
12895    17404    26960    22880
15443    19302    27692    17813
20497    42422    52989    36534
20851    37573    46315    33546
17541    40071    57918    42598
20427    49871    60888    57165
13532    36160    54366    43981
19661    45197    56187    45838
16570    36576    57167    50882
14308    43909    61607    48219
22096    46806    69871    48120
14855    51655    62957    44613
