4652    3561    4673    5117    6038    9120    13347    20777    26764    28303    20383    22099    22588    29567
4195    4287    2825    4309    8738    14287    12618    17874    17437    21154    11973    18529    10980    11452
1981    5226    5005    3954    13335    17612    13066    14574    21201    17022    9807    11114    15421    14803
2603    5747    4178    13755    14927    16636    19045    14858    12632    12035    14303    9592    11024    12893
5331    4638    6933    18101    15123    13005    13309    11734    11628    8944    9086    7539    9628    8588
10820    15676    11862    18650    19185    14105    10636    7739    8070    13262    7022    10228    11267    12246
15455    15593    11246    11804    8534    9616    6892    9879    6125    7223    6910    6341    6152    12081
8519    6952    7866    10521    5145    9088    7762    7434    7852    7330    6380    7209    5703    11380
5750    6347    6803    3720    6753    7354    3970    11118    4720    6951    8895    4423    8302    5774
8905    5704    6563    6598    4652    7903    7160    6033    4726    4500    4116    4992    4005    4282
7396    4324    5157    5228    4137    6293    6154    4025    7332    7121    4336    5439    4889    8419
10423    7511    8674    10802    10271    12401    16215    12561    11883    12759    12705    8950    10514    6773
11526    8805    10581    13205    17084    13526    12275    14111    8913    8089    6125    6965    4494    2586
3035    4224    5102    3018    8534    13778    13800    21382    18213    11839    15232    15255    10204    14512
3021    2634    2529    4293    5123    6317    9664    10859    30232    23111    23279    20127    25183    21979
3719    1945    3415    2854    2254    6208    5659    6499    15809    23219    20917    23605    16719    15217
2112    5177    2818    6424    6749    5254    8387    13351    16453    16106    18847    23884    23501    17820
2592    3589    2877    2758    5644    6054    5220    9720    11758    19783    26706    20183    21434    22877
2650    2212    3333    2322    4481    6314    5319    6441    9552    19602    27637    29531    23494    25155
38052    23735    29433    28638    22348    11854    7186    4417    4595    5736    2980    2090    2739    3090
27296    23229    31442    29678    17392    13313    6583    8115    3980    2098    3006    2206    3182    2560
