21686    30018    60256    58169    45987    21901
27492    43880    104696    90726    59859    25877
33207    48234    80355    107471    56654    30806
21837    28727    91262    104069    76883    35104
21756    58842    102403    98540    57114    33510
30194    47318    94910    102345    67664    33776
29782    52395    107480    100065    56571    27056
24386    54501    103341    96087    45680    26318
21463    31598    70608    96721    62153    35941
31105    47744    95113    83536    41581    20858
26201    41942    92431    83992    53598    30365
25790    48888    76828    81462    45924    30769
19974    34321    67234    70156    45441    22375
27818    30296    59121    64827    59848    26346
17774    33120    55165    64252    43026    23778
19250    24325    42545    45118    39560    23729
21557    32326    67420    86550    63970    34161
31711    37605    74197    88764    55267    26542
26054    49912    71976    94856    57314    28950
19367    45521    83936    108353    58687    27058
21927    41255    100119    108237    76029    22495
24119    44524    86978    102852    63217    30413
27717    34311    85436    101697    59642    26176
23817    44582    110828    99411    65850    29534
25229    51213    87854    94215    67003    35136
33468    40094    90266    102345    67208    25857
28287    38470    69032    79129    63865    36473
15616    32710    76668    87340    78840    37019
25797    39155    56195    97150    70070    35318
29876    29400    70438    84776    84814    28343
25853    27814    69689    88891    61444    32784
