10558    8558    24763    50433    40988    20026    12848    10780    9646    13055    5002    7977    6841    2975    3334    3576    3923    2734
15667    36841    47022    50201    42938    36383    21130    14102    14414    10868    15808    4977    8048    6721    5744    8291    7169    6206
17325    24803    45464    55103    46588    42073    32293    21962    15437    9022    10999    3683    4032    3818    6918    6308    4325    6574
5584    3795    6644    4882    3864    4869    6569    5715    12829    11463    12481    12930    25416    42569    49094    51523    54457    43198
14132    43430    47626    51176    50006    44488    27239    25574    15751    11985    7430    4401    4364    3268    3130    5583    7658    4924
19038    39919    45496    42191    46971    41300    36933    22347    22509    12274    5286    3977    8512    6280    7264    4406    7029    4475
28267    44295    45771    35305    47825    31056    27945    31356    15814    16275    8324    6957    4604    3672    9470    4299    7088    5026
32477    45369    42950    23319    29561    38131    34792    25303    17979    8050    9986    7435    7160    7504    4867    5194    3651    6585
28558    30149    36944    32182    33035    24465    25441    23550    22135    13535    10651    6097    5335    4935    6711    4689    4400    5672
27718    29607    28590    28029    27123    21184    26140    28201    31985    21966    11936    11033    7475    4769    2678    4093    3821    3589
21495    22456    25177    49435    46539    25828    14502    19591    14427    20293    15431    11474    8559    9434    6178    6509    7392    3809
24644    16472    27843    23478    22821    21324    11410    21151    18467    24444    17254    21967    15243    15937    7506    5142    7796    6762
15611    19851    12830    17153    17162    11402    12469    16365    14190    14106    12300    24172    15892    10800    23763    7466    7995    5974
21348    22917    13055    13476    16841    19638    10684    12726    12191    15490    15186    15899    13294    19196    13481    13072    11276    8486
14845    14847    9573    10799    17340    9150    9872    13165    6959    16241    9881    15289    11036    17256    16655    12868    16524    14815
11364    9822    16983    9379    7420    11628    10153    8007    7314    12607    8233    10358    13069    7386    8524    13053    15876    13351
3359    7798    15109    22426    15965    10766    13742    8303    9448    12271    20288    23477    26327    24671    26314    18122    22316    25282
2958    6461    6060    2781    3860    3362    5910    7959    9937    17991    32279    33224    28132    32270    23926    32437    36598    27941
26037    32075    33058    29281    25449    25966    45421    33103    15368    12198    8475    8079    8012    4165    5977    3273    7081    6044
29647    48790    35468    26678    26630    35275    33940    34115    14109    10270    8807    7546    4147    4229    3101    11951    3935    4284
25957    41670    46612    31301    44235    37160    47445    32223    9776    12785    5844    6737    3137    5906    3879    6183    5070    4142
25249    34038    54306    35776    48145    34199    25938    19153    12086    16656    10382    5451    4519    5683    6296    7141    3235    3850
17463    33868    41107    38359    40164    43158    34627    25879    10558    6367    7871    9149    4171    4291    6346    4959    2514    4128
15344    33415    45140    53062    54493    44942    33789    22052    9593    12284    11386    13849    3885    4639    5122    4680    4275    2072
13649    24520    36222    52515    57020    34744    35580    22657    19243    15618    9302    9935    6104    4174    4214    6235    4039    4879
12047    32447    45382    60942    46780    45037    27625    19448    9887    11581    6321    5404    5968    3964    8038    4853    4598    8916
2007    3388    4288    3598    6082    6107    6611    12467    7580    4247    12156    11466    14316    25756    56180    57363    64160    17484
4832    4004    5257    5826    4632    6659    6649    8297    6483    7025    8572    8756    14883    27199    50695    63332    60786    34306
3855    5963    4606    3090    3698    7085    7171    6080    7059    6711    12394    11861    17551    32425    48385    65315    49869    30567
2635    6051    2570    6092    5809    3871    8580    7502    10734    11820    8006    15773    16107    28094    57453    57731    46932    31887
3493    2653    5931    10265    11393    12462    7373    10030    11044    8921    10112    10023    15576    23683    40203    51563    46055    25695
