28259    55121    72832    38371
22740    47432    56500    35978
13097    36371    52978    38936
22653    46285    47119    32336
20144    39985    38837    34835
25134    40075    59034    29009
18378    41153    45199    36676
18470    28821    40090    21598
13924    23226    26053    17150
30939    41081    40644    32169
27937    34513    42529    30945
20901    35098    44503    39954
26546    30975    53438    35999
22601    38015    38940    37270
31133    38275    39283    31054
31576    41730    51687    35893
23413    57533    55421    32236
33090    49641    58628    39736
36270    54233    51804    29960
32317    55035    64160    42231
18271    35365    40067    31721
