21574    26665    23765    23257    24514    20498    17888    8536    7713    4298    2575    4914    5414    2972
13946    16127    16948    16143    14165    11126    23419    15520    13760    7116    5113    3384    3294    2589
2623    2803    5174    4215    3563    7060    14510    16873    14684    22947    14883    13325    8083    10639
12885    11604    14584    10984    14851    11251    13064    11035    13401    13612    9119    4932    4494    2577
2709    3545    3242    5919    10185    10727    17990    14041    10475    13615    11855    11505    7883    10110
7197    7262    10311    12767    12733    19185    12558    13608    7489    10586    12167    6729    11155    9505
4386    10695    16612    14013    10970    9852    8951    12041    8229    8812    8587    8353    8366    11539
6645    6447    7381    7085    7687    6960    6869    8670    9126    9680    6766    11460    7853    6350
8942    5995    5471    6027    2281    6281    3242    5228    5038    5500    7469    5283    7922    5674
10099    5773    7023    8171    17811    7700    13893    17108    9361    8539    14850    8009    10788    5708
10155    9122    5824    5566    9872    13740    10771    7840    10750    13531    12581    8679    12381    5112
3663    4070    3927    4971    5444    6994    8477    20872    15435    12270    13756    16880    9131    14566
5961    13445    9049    12709    11130    11797    13960    14420    12844    9136    10201    8819    4017    9470
12133    11131    11585    10019    10088    12651    13970    12724    13254    12713    7621    4586    2583    1768
14870    15196    11745    10335    15181    11371    15691    11765    10084    9907    3315    3475    2842    3968
21033    16446    11288    14915    12390    16013    23375    12035    10613    3084    6634    3991    4953    4116
24792    16630    17459    17351    23000    18805    14516    11186    5959    4270    3727    4804    2414    3690
29919    17737    16663    16333    26259    26682    15803    9460    4239    4114    5102    3016    1879    3889
19770    20581    18130    22460    28324    21559    9209    7862    4661    3285    3096    3668    4368    5294
30384    31963    24652    17381    15613    21110    20306    5992    4343    3522    7208    5841    1810    3618
3636    3865    2018    2638    1455    3745    2952    2932    4363    6908    23953    19413    21646    25900
