14299    21492    49904    81467    39078    26351
15949    22388    48854    57512    31524    24186
17720    29107    61203    63737    30511    17221
17989    28480    47348    47723    26910    24174
20413    19449    48542    59336    47667    18748
16843    30599    44086    51755    45701    21323
13409    23109    33741    55660    35829    22023
10415    20059    27974    35962    38296    19724
18947    18010    23044    35894    25194    11822
14848    14733    18633    33378    28563    13380
18619    14418    29581    50916    34166    22184
13566    16078    36437    65188    39849    24099
18030    18223    41550    54393    37465    19876
15643    18564    39184    56619    38767    26162
12717    26455    46173    49838    41997    19234
16566    24913    58021    69909    40942    23525
18486    27988    47055    66303    44770    15096
15144    31158    52768    49227    39435    22098
16635    34502    50289    65589    39452    19837
20319    30819    63771    59616    50313    20181
23846    31689    60188    70478    39694    22778
