3127    3196    3891    5898    6128    6505    8295    12013    20602    14754    22992    28032    26143    20955    28400    21660
15757    13206    24293    20151    18826    20391    19854    16591    11740    8609    6161    5775    4389    5642    4834    4194
13765    22238    20153    19268    14472    16024    18352    20276    20498    12824    11776    4224    9100    5355    7092    4082
14324    17992    12226    15469    14353    16143    15228    18076    11710    12110    11652    8283    7852    4913    6974    5319
5618    6647    8460    19634    13922    23008    17767    15557    14894    14647    12778    6509    13575    14622    10114    16403
9618    12276    12480    17852    17467    13695    17153    14653    12878    14826    11386    10775    10056    7781    13662    13749
6545    11061    13486    15422    14911    14641    9993    12868    8861    10113    10246    8738    10743    14520    7368    14255
6169    8575    5286    6588    9137    9007    12037    11066    10387    6432    12256    8953    6562    9964    14850    15161
7698    6028    9773    13056    7488    7557    7837    8927    7094    9159    5014    6856    7960    10573    10050    7841
8462    9691    7083    6432    8399    7791    6536    7136    6469    5693    5611    9471    7944    8699    8132    9986
8287    7967    9667    10558    9955    12734    13586    12476    8265    12453    11225    7914    13373    9040    8461    13923
6735    10179    7953    9062    8465    11723    15038    19034    16679    18287    14894    12154    11532    11683    12970    8829
14640    10621    13717    13731    10802    12532    14813    15846    16335    16316    13469    13752    5865    6246    4957    5895
5116    5785    2413    3792    6468    11786    10847    19854    20773    16017    21471    14864    11773    15695    10585    17700
3732    5240    3373    4559    4875    3736    9924    15027    23566    20855    16150    17234    21894    16805    14499    14945
4521    3126    5428    3972    8025    6509    7225    10640    19109    23963    32308    32449    23729    14649    20932    17291
29976    24893    17624    24558    25530    20141    17857    13338    9547    5322    8274    3018    3797    8043    4995    2785
27151    22777    21606    18346    23164    18871    22335    9797    8666    4733    4413    8483    3547    7765    4221    3955
31767    28201    18968    24832    26071    22185    15249    12419    6611    4388    7315    4647    6821    9175    4365    3290
26292    29323    26898    29296    28206    25112    11111    8267    9927    5775    8073    5820    13135    7969    2549    7266
28631    34476    32852    29356    26869    24745    11903    6932    12278    7975    8578    6237    5063    3725    3599    5454
