33427    16886    32336    85154    97928    72894    31698    25920
45633    35827    45254    82977    81145    70095    44354    28949
33260    21827    23136    88874    97432    81198    32508    31247
26919    24271    41088    79833    95339    68276    43927    32199
36035    25274    44025    95778    111246    49961    36560    34739
39528    31305    57009    102789    93456    66889    27565    35534
33311    23874    50609    85376    124509    67617    34736    26214
27666    27031    40040    90600    113455    70479    38538    24707
33317    25650    40818    90985    93335    60232    36114    29278
34647    36035    35913    75079    99312    65653    37835    31085
32640    26919    44228    87210    86392    69776    31279    39126
22722    32774    35122    80998    88000    64876    27559    27941
46044    20103    44996    79091    78409    58488    29119    30368
26163    32233    40124    77278    89467    61368    22338    27948
21359    23162    29309    63330    60071    40070    23163    19871
25785    20085    35445    86603    107465    54857    31128    25953
34790    33215    60723    94902    124941    65397    31024    36564
32448    24117    68957    84984    81923    59070    35468    37643
33903    22504    30438    74800    92335    74426    27052    37704
37661    22759    42905    87644    111741    73434    30451    35252
31662    23504    51187    90690    96033    69622    30764    27392
32252    18931    35507    85792    89830    68452    28646    23853
32691    28692    43300    84745    73666    59522    33373    33804
31334    26561    40709    85072    111399    86601    31532    32124
32562    32091    48689    92184    88717    84740    25704    35648
27974    23558    43485    84215    79981    57777    26842    27744
28916    34219    49941    85755    83571    60314    39027    30127
23583    23327    29525    66304    76814    50377    27787    28622
30098    30097    47362    100184    75049    47619    31257    31392
35223    29419    47119    76302    98843    82692    31660    24229
10789    9286    12662    11685    9294    13403    8971    13122
