4550    4267    6845    6323    5109    5317    7233    9433    8490    11273    11955    10647    11941    19847    35219    57254    60619    54204    36474    29243
5380    3300    4826    6699    12571    6353    5391    12727    9923    9369    9163    18667    15067    21363    31468    63591    79841    57130    36154    25251
3437    4182    6300    4627    8049    5949    6100    9798    6032    9370    11147    14452    15741    24513    37188    59464    60076    54318    42765    25974
4602    8087    4851    7829    5378    4354    9759    6324    9257    8947    8732    9886    20092    25535    43192    47933    54604    60821    40240    31429
12127    22891    44328    43877    43312    44738    46468    41864    32595    19394    11655    11708    9010    11411    5011    5161    7037    5803    7640    7588
11716    24845    40651    47376    50964    52195    61522    34495    21199    16528    15169    14275    5769    10582    7040    8082    5044    7547    10939    8137
9162    10044    12642    32293    47113    42423    26278    20035    11546    15014    9044    7745    16781    12214    16791    48023    42623    26923    21668    17884
6117    4042    9452    6270    4593    7000    4718    7519    12493    12210    10600    24775    27620    38575    37276    49141    48492    38016    44382    39225
7905    6556    5517    4231    7098    7383    7761    5658    10339    6054    15459    25732    37844    46815    35812    38593    25035    34077    46618    35242
8401    6708    4815    8510    5067    6266    9677    8573    8763    11286    19553    27495    34041    36112    36703    30920    35912    40732    41196    34829
5681    10619    5985    6279    7162    9756    6796    8063    15422    27983    30569    37104    34451    25562    41617    34594    24626    28301    31097    25903
5248    5209    5077    9875    6101    7824    7093    9035    11256    17053    16084    23409    14907    24718    29921    46570    52365    43524    25940    18783
17028    22333    22288    40839    62078    55440    40868    18220    13652    22378    10795    10694    5733    5982    6821    5331    3929    6984    4918    10307
19022    15932    12488    35646    47128    39483    29258    17328    14695    18146    15536    15540    13743    9803    12315    19188    11231    10598    9426    10413
17562    18278    14915    11438    14321    13895    19230    10804    10666    16735    12812    16373    14508    9415    15828    7762    13462    13019    16918    12394
17551    17816    19459    18038    17298    18277    10544    16650    19426    20154    14691    19127    25870    30063    20154    22211    23563    20068    23828    12533
27728    22844    23457    32588    44704    52053    37725    26229    20621    21475    21882    13914    16240    10292    14271    20058    26488    30950    11797    6240
21907    18300    20354    48557    65742    70392    41028    15828    12001    22491    11888    7561    5469    9159    7252    10342    8643    7458    7878    12360
5388    4565    7747    6089    4645    5707    5310    7499    7780    9662    6856    13630    21198    25350    33082    45047    58414    49496    32170    43527
6906    4828    6723    4738    7015    8511    6494    11129    9290    13678    11287    17096    26446    37000    53673    49370    37170    42908    46081    41504
5910    4452    4515    6571    5230    3697    7634    5663    12986    10637    7824    17960    19585    32357    43274    52193    56177    58514    39544    26131
5644    6873    4105    3319    5748    7344    8075    7423    6248    6238    10803    12898    18793    21562    34351    56821    57502    58028    35784    15704
5256    4139    5629    6768    6830    7990    6194    6406    8051    9541    9432    18831    13707    16144    32851    58041    77955    49803    29997    16228
5263    4644    6325    5051    4204    5388    8651    7852    13884    17694    16498    17101    23330    30606    43406    57746    57910    42472    41970    35337
4650    2956    4523    3079    4299    7715    7798    5437    11360    9650    11194    18041    15318    40065    44058    62070    57639    57334    43816    29333
11099    17396    15356    26291    55052    54874    42344    24224    16213    13533    10756    9535    8238    8245    6850    12514    14931    9591    8449    6085
16533    15645    25529    48236    57272    55772    44807    33398    19994    16058    11640    10934    11238    5104    6120    4983    5256    8207    9566    5578
5789    10786    6875    10109    18779    16222    7964    9909    10790    10807    6432    9176    11591    11334    15639    49046    38579    43903    17131    15478
14240    20703    19968    43811    60356    53639    35655    26397    15070    20910    20187    10141    7371    9133    7459    5105    8981    3142    4456    6334
6657    5965    6736    4928    5950    7974    7373    7616    9676    9064    6255    19101    14704    24675    38325    55962    66151    62022    37465    28888
5149    4791    3992    3176    2525    3204    3496    4331    5418    4735    4191    4581    4443    5073    5344    3772    5556    5091    4971    5373
