14721    26898    67421    70797    41050    21488
22866    31559    59517    71132    49311    22788
17646    19220    37689    62833    40083    20695
16930    30865    49260    55351    47514    24542
13125    17556    42415    51162    36366    19675
12971    22898    30486    47224    40945    22653
12437    16970    33981    42453    33572    12977
16607    24007    38661    51358    37118    31918
15119    23831    37606    36266    24556    13591
14762    18369    33679    43867    25623    13439
17564    24432    46920    54076    31485    19960
14807    27476    53750    49935    40047    22276
16046    19497    42169    45817    41896    26204
17522    19929    41321    48030    37131    26600
15141    18929    33561    55730    39143    21731
15900    14421    35212    54232    44587    29780
14360    27990    55122    63743    33917    20067
13986    29850    66860    61589    42325    15054
14134    27081    45173    78305    49418    21323
16874    18934    35521    59544    49108    18436
9839    19703    35463    64663    56226    27399
