27342    21999    26399    27010    24021    23210    18331    21852    10393    11850    4996    6689    4979    4691    3846    4767
28875    19640    18075    16056    23677    21155    33352    19686    21135    16738    10289    6782    7731    5174    5653    3155
13573    15493    13706    15436    13736    15645    17065    11917    10460    16886    14768    16215    5076    8200    6433    3557
17839    19156    23982    12192    14003    16970    17798    14369    16891    15375    15270    15701    5102    8645    4554    6615
16418    15386    8115    13403    11862    13781    11413    12650    8277    15145    12264    11221    11900    8406    4821    5237
9728    8327    10442    7260    13299    9700    11113    10585    9012    19418    13244    14180    10428    7392    16472    6577
13261    12674    11401    6572    7794    8898    6008    5639    7894    8884    7905    13280    13869    8192    11200    8919
11603    15505    16984    18552    17197    6381    10647    13737    14189    7622    12500    13440    13095    5818    12549    9850
16543    13533    10148    9255    10884    9629    14437    8820    7571    6974    7896    8446    4516    9197    6997    6123
11702    8809    13238    16113    8197    8117    9689    7698    8894    10189    7829    6779    12161    3200    8068    9056
8612    10973    8578    10925    15358    10811    12518    13600    22548    13047    9789    12605    16100    9062    11234    8677
15815    11538    14269    12768    13439    13594    13357    20772    25197    10990    8668    16460    9725    7073    5801    8825
4926    7299    8291    7659    7728    9774    14031    17587    20613    14814    15544    9762    12340    17243    15137    8881
3282    3679    6228    4553    5549    7811    10589    15077    20716    16134    14586    16987    19119    15491    15117    15615
3673    6527    4475    4916    3898    4813    5154    5734    13736    23564    19056    18439    17290    17704    12918    22338
2642    3943    2428    4759    4145    6274    5157    6206    9857    20369    24047    29697    19359    22805    16740    15704
24429    16907    22451    22785    18672    20749    19528    15700    13516    5962    6994    6058    5511    5570    4963    5404
29703    20780    20602    23155    16913    23839    21455    20261    11140    5595    9643    4967    4314    4627    4938    7732
25689    26674    25881    23434    32974    26872    17162    11832    8234    5825    4799    10966    3142    3984    5035    2931
3640    3928    4223    4710    4006    5662    6955    6138    9577    13252    12693    19580    22880    30049    28881    22243
2913    5771    3727    4469    3561    5597    5148    8298    6413    5729    12834    20065    27994    43085    31341    26348
