43900    54349    96207    128521    146066    82046
38706    47309    95450    141797    162168    89647
34258    46382    82600    132468    135070    82623
37473    38146    94516    143052    146792    94810
42787    46300    85519    148056    144418    92903
36782    45493    98197    138246    142523    95413
38794    50380    88149    152250    135061    111269
43213    51848    115031    164469    161716    89713
41934    46478    116020    144051    141607    96845
38154    33692    55648    84760    69469    47052
34739    44630    84882    147569    153238    84920
48372    49683    90272    136691    149482    111726
42020    48304    95161    154638    138947    96603
46701    49920    95378    151394    165331    91638
38076    42676    91874    132936    162401    93444
36013    49670    104046    150336    149005    93701
54854    49014    84801    144534    130104    85931
36189    42870    100038    150771    135482    92152
45661    46225    92964    143773    143736    77012
37493    46018    72649    141691    155710    92208
46224    52358    99782    152563    152542    86123
47889    44001    88365    131097    141247    96659
41081    50667    90452    142377    145197    76872
38758    45216    92609    156822    140856    102578
42891    40441    77884    140754    135876    82532
43659    43512    83250    144087    155007    89075
55208    39306    82684    133720    132142    91635
40108    41477    85082    139082    140927    84021
40045    47846    92645    123978    142722    80979
42870    50240    87183    120803    148102    82203
43105    61327    89402    143860    131647    91157
37481    41315    96582    138979    146568    82725
44336    46932    89336    132863    134461    85898
34272    41232    86893    142359    118384    88555
37235    47629    100323    141933    133225    76065
38733    42050    92226    136243    115335    89284
37328    44218    86870    137408    138487    80330
41426    53883    84320    136691    136983    84541
51103    49925    86987    129264    134594    89594
40895    46780    92879    117608    153553    92935
32102    48759    103006    146933    126804    98484
