3512    4216    4428    3960    4918    5765    5900    9923    8607    13898    14785    25174    33567    48486    33670    21635    20528    11028    12392    11701    13854    23465    25793    26218    34101    25253    25887    19734    11244    9117    7731    5842    4208    8882    7226    4441
5154    5538    6493    7194    3678    7199    10264    9580    11601    13001    33027    24946    25671    28644    31953    21140    18392    15077    12022    8532    14096    39061    23121    26883    27163    36900    29009    18611    15600    11565    4108    6046    7274    8411    3082    5041
4651    2470    3488    7283    4765    5496    8613    7415    9709    21536    21237    26661    30020    24752    20826    24963    21293    14092    11818    8788    14894    23057    26124    22617    24082    24323    25284    17625    13110    6627    6243    5267    6468    7587    3021    7196
3195    5109    6630    7955    4374    2865    5529    8018    7653    18024    21254    21919    24762    27703    24271    30203    27531    15200    11924    18320    14188    23927    26034    25530    28810    23203    25651    24246    20223    11232    6780    5054    6444    5089    7368    8571
3544    4324    5060    5638    4277    8585    2692    7602    19393    20548    31719    25917    26001    21371    20910    30526    19070    19228    15020    15141    21171    26175    28778    18965    19903    25866    21884    21531    17898    11531    8497    8475    8603    5925    3021    5194
5573    9557    3267    7955    7769    6590    5188    15157    17081    15244    20732    19884    19615    22811    21373    17379    23729    23526    20719    23374    15298    30223    21042    18513    16131    22202    16817    24302    18389    16143    10880    14717    8149    7027    5599    4699
3777    5381    4917    4799    11336    5849    16154    18940    22209    21132    13702    14876    14689    21431    20832    25460    25304    27313    22236    26887    22583    21284    20095    16602    20826    16409    15346    22464    19025    19852    15183    13461    6243    10291    4111    4904
6211    7608    6388    3985    8568    16976    21224    13821    26146    26537    19308    12392    16222    27620    23165    21746    26117    28883    27711    30321    27579    29013    18176    12526    14249    19592    15958    13549    17327    19766    22819    14123    9399    8701    7790    4474
13027    10787    16106    11775    12224    18017    13702    22699    22147    25606    16235    19596    24419    20422    19943    13973    19515    20061    15768    21391    13215    17788    17454    12962    13703    17113    14433    17896    18708    13405    11909    11119    9464    14682    10216    15455
10163    14383    10845    11377    8498    7368    11323    7540    8716    12589    11787    11715    11237    9460    11282    9739    15623    7971    10229    5778    9725    5405    6224    8150    8278    6683    9912    7787    5804    8522    9923    6861    11578    6552    4374    5374
10507    13693    9894    12642    9254    21345    19431    18414    24535    15761    19560    21344    16265    16895    10039    17318    11380    17991    19915    18653    16079    13455    14999    16148    15246    11633    11146    15723    18352    17616    18210    14228    7612    9872    14532    10291
5770    13432    14595    12884    19541    14192    9920    13700    13479    11664    13472    15673    20380    16905    19220    27139    23663    20525    19764    20539    20997    25502    32838    26239    16542    13056    13153    13422    10469    7776    12086    11267    13984    14732    18187    9519
6841    5167    6090    8133    5880    15359    22633    23820    17761    19132    17652    16384    20661    11926    19254    20684    22076    17457    25370    34203    31337    19836    17491    15456    14666    12580    18864    12028    11771    13067    22392    13957    10929    9613    8740    6463
9097    5849    7549    5285    8168    7950    20288    19771    17659    27247    18092    18089    22694    22359    14165    21347    21029    31152    20099    25332    17345    24107    19978    18155    11983    23710    18884    19523    26133    14555    22191    10878    5831    14345    5099    4424
6523    5306    5574    6324    10017    5594    7582    15448    15647    22044    20727    17450    17842    19496    14929    15860    27859    27166    26982    25397    27271    19947    16335    19334    18270    25950    20320    24699    20784    16137    11394    7120    7314    3367    5565    3833
3269    3547    3820    7313    8725    6415    8259    14167    19770    21494    35348    27432    22436    25606    24411    25576    19235    14299    11300    18238    18753    22487    21328    26032    28114    18456    24390    25308    18521    14501    8836    6152    4599    9190    8748    6696
3139    8451    7852    3600    10401    4017    5502    12835    19596    19223    27443    22839    27334    29297    27638    19734    21994    16676    14462    12649    15243    22759    27264    22409    16756    17811    25201    20878    12323    11333    9395    3518    9494    4276    9153    6743
3950    4528    5351    4528    6482    10646    4114    7457    9026    16262    29708    29308    27575    35824    33849    26046    26946    15791    10171    11072    17634    14429    27832    25709    21010    25486    24335    24410    14903    5256    9898    4854    5793    8661    3552    5106
5481    6931    8852    6965    4833    5469    6917    7845    10679    13642    23412    31984    30978    27993    30070    21421    20853    8061    13306    11394    11655    26804    24837    28658    28768    24410    22373    25110    11710    8974    6705    4899    4593    9207    8141    5441
4200    4747    6107    3569    3848    8553    9771    8841    10009    6620    19639    38789    33399    28205    39783    25412    15043    10166    11062    5626    14023    14473    34160    23466    27804    40442    21417    16931    16687    8676    4622    8079    5800    7115    3247    5438
5699    6330    5548    6963    5814    7543    6569    6905    8142    15608    24662    32042    31894    48911    34919    24490    15647    14524    10890    11238    10529    20160    23315    27216    41542    32510    27400    19763    9798    10766    8373    5768    9157    6963    5942    6052
4506    6048    3770    5298    7504    4158    11095    5903    6347    7519    14322    23322    35661    38634    39599    24178    14463    11934    8658    9964    9309    23422    27684    25334    38707    39589    22781    23474    9735    10576    6835    4651    6240    5810    4262    7966
7034    4061    4886    5288    2728    5102    10535    7895    11751    12523    19440    25713    38265    39725    31822    16041    21680    13315    5820    7029    7101    12829    19138    32077    39349    39908    27306    14850    10538    9485    6428    6595    8698    8233    7675    5783
4481    6550    7444    5400    7879    6220    3954    7946    11853    9767    13261    23209    37092    51281    31234    26022    11798    7906    9718    10926    12503    18719    24834    37053    45685    29772    36007    16891    12919    7121    8303    9967    6774    7536    3423    5391
5159    4416    3122    3422    6965    3175    5809    6416    6450    10398    13276    22602    41577    30381    31474    26987    16887    14039    10581    7589    7101    11923    16212    37687    35453    33100    29952    23012    11003    5195    9648    7559    6228    4284    3158    8138
5832    6158    4464    4011    3757    5358    4300    10920    9224    9783    15109    34182    38700    42946    46718    22933    12159    11284    5367    7119    8358    13070    19585    27541    50297    43515    24005    13099    12661    7319    5039    5555    5398    10409    5779    6636
7413    4344    3914    2302    5159    5220    7814    12869    8296    8686    15870    30874    33089    44688    29181    18941    13928    11532    12775    11812    6525    13599    18951    29153    40987    41322    31384    10509    7608    5040    4861    6636    3831    4730    10636    10216
9124    5868    2658    10581    6687    3002    6263    10228    8979    9366    16498    28728    27798    47278    26813    21248    17764    7166    5103    12510    8793    14733    21759    20195    36893    43843    29676    20391    7714    9662    4543    6894    6256    5762    4985    4936
5081    4698    7778    4712    7008    8332    9475    11337    10770    9385    11214    34450    33392    33574    26378    13252    10765    9663    9228    8181    10019    11825    23137    34275    42415    39219    21873    16121    12488    6096    6871    9894    7930    5766    6530    5083
3482    2757    5324    5941    5949    3753    5281    6641    8205    13463    7379    35206    44022    46691    38858    18711    16067    9276    7431    10514    14016    13634    25329    24765    39951    34401    22836    12987    7176    6791    6555    4601    7429    6887    4723    4369
5387    7019    5322    6612    5002    5073    8184    7494    11062    10949    18854    20537    37461    44226    30979    13866    14164    14317    14801    9786    8927    8929    17096    36809    45346    47049    21609    19004    9122    5596    6031    8792    2871    7822    12858    11542
6469    3613    3627    3346    5781    5500    3440    7304    9537    7389    11204    24830    45057    46530    37200    17051    10375    6916    10089    9924    9642    14451    19424    40204    48587    39365    31792    20557    9499    7321    5546    3219    4952    4794    4614    4501
10425    6305    7450    7612    4814    3335    6579    4601    9913    7683    13938    19744    36499    48792    32131    21226    13041    10335    14080    7382    11207    7914    20466    34297    36130    43249    30977    17451    5328    5980    6353    5291    3848    7717    5011    6722
4608    7457    4274    4453    4590    6397    6847    7178    9116    5051    12619    22087    40610    37919    23441    16511    9405    5237    7218    7479    9648    12912    16611    35784    47991    44487    26024    13101    9818    10736    13495    8263    5921    3683    4963    5761
5686    4754    6371    9022    8425    5661    4213    5010    7593    9528    8947    16478    49216    37826    27012    21976    7833    9524    10795    16477    8948    12355    10798    37090    52351    39129    28996    14545    9881    10589    4312    7230    6893    5265    6849    8832
4464    4539    2934    3691    6060    4860    6474    8122    9970    6407    17750    30779    36864    37704    43185    13533    11251    6844    11339    7518    5981    7748    26463    33765    45946    40929    15372    13276    9932    7334    9303    5524    2993    4831    4707    5479
5996    3967    3807    4732    5788    4164    4113    8481    9833    11743    14415    16066    35195    37072    38845    22357    10208    4653    8798    7648    14991    12957    19859    31173    43936    40693    27922    17514    8516    10395    8483    4093    7939    5595    7248    5446
6297    8086    3872    6664    6044    6473    5322    5732    8722    5976    11310    22996    30452    39094    31256    25785    10327    8263    7457    10404    12972    9949    23571    35195    52161    44218    40537    7372    6407    5312    7754    6066    10223    6078    4843    4654
4232    3553    3724    3496    4902    11479    6936    8486    8881    8137    13130    24916    46340    49078    33225    25843    9317    6531    8819    14644    12376    15429    17008    37398    34950    31345    24367    8967    8605    11110    7913    5763    9321    10164    6336    4746
5022    4736    3243    5147    4821    5424    7770    6375    10715    11092    15120    30891    42560    52492    23372    25324    9328    12735    7980    8767    8916    14144    20874    31113    40047    47564    22104    8975    8758    13042    8382    7138    6550    5246    4393    4490
3708    5271    5441    3742    4862    3459    5881    8337    8337    9981    12808    18863    48194    50276    33755    20550    10271    9336    11153    14203    14232    13450    19091    32477    42331    41603    31372    21423    9602    4535    6830    8751    5307    6615    5079    4962
