4592    13888    20795    25325    16735    9958
8306    8741    16408    15360    21623    19562
8519    10520    13183    22519    16901    12910
11419    15117    15953    19323    16188    11807
12550    14218    16192    9059    10987    13255
15225    18770    19311    8136    11981    12078
8330    14050    8259    19462    11158    11549
11808    11259    14521    7757    5980    6049
11010    8403    7260    9255    7497    9330
5289    4483    4189    4347    6518    3589
4751    3168    3425    3108    3438    4370
5069    4754    6705    3764    6200    6900
5842    15210    7870    9191    8504    6908
10163    13669    15661    11476    14633    9730
10146    11069    12079    9839    9797    11350
10825    17953    16053    13882    9997    14323
9504    17370    16087    14817    22546    15050
8824    13171    17394    22422    17309    16252
7768    8998    15601    20054    21280    12939
6141    9878    13751    25335    16265    16683
8144    19726    21161    21793    16157    19678
