4051    8337    24282    32099    19015    3509
3560    6565    23462    32083    17856    6474
4908    7489    25196    24935    17746    4278
5661    9111    25965    18386    24165    6519
3281    10934    27996    20599    9212    4239
5418    10416    20255    25764    19478    4170
4807    11440    17474    19935    13104    6048
3772    10020    17721    11857    7280    6724
5526    6626    11370    16485    7138    5610
2314    4325    5421    6158    6777    3420
2242    2802    5845    3948    4189    3234
2885    5164    8485    7213    4719    4926
4025    8680    11322    14203    7606    7689
5890    17243    24125    13821    7963    6290
5049    11359    18754    16881    6305    5932
4922    9984    22392    24507    16945    4283
7643    15948    33252    21339    13507    3685
4529    13613    26948    27798    16344    6140
2691    5365    22797    26125    22452    7210
6627    17758    27292    22786    9037    4553
5691    14422    31958    31683    17761    5144
