18621.666666666664    29875.666666666668    65598.33333333334    83559.66666666664    77316.33333333333    41789.666666666664
17065.333333333332    29998.999999999996    61715.333333333336    82705.0    81475.00000000001    40386.66666666666
15352.333333333334    25989.333333333332    53766.333333333336    70364.0    80488.33333333334    50900.0
13421.000000000002    20463.666666666664    47802.00000000001    80386.33333333333    80900.0    47657.0
18163.333333333332    18431.666666666668    53905.333333333336    76121.33333333334    77391.0    53096.99999999999
15832.666666666668    21284.666666666668    50350.333333333336    79277.0    77703.66666666667    46813.33333333333
16437.0    23324.333333333336    52156.33333333333    76558.66666666667    76912.0    44620.666666666664
16507.333333333336    19316.666666666668    48777.0    87577.33333333333    75457.99999999999    45184.0
15517.333333333336    28681.999999999996    64852.666666666664    97431.33333333334    73866.33333333334    36721.0
19090.0    31029.666666666664    65096.666666666664    84032.66666666664    76678.00000000001    34639.666666666664
17027.999999999996    22435.33333333333    42472.66666666667    68122.33333333333    63997.99999999999    43183.0
18825.333333333336    26046.666666666664    50468.333333333336    79905.33333333333    72074.66666666667    42243.33333333334
21580.33333333333    27987.666666666664    55341.66666666666    66837.66666666667    65011.00000000001    39175.333333333336
21131.333333333336    26866.666666666668    51005.66666666667    70726.0    62545.333333333336    36479.00000000001
18047.666666666668    23692.333333333336    45053.0    64705.666666666664    62378.33333333333    33128.666666666664
14246.0    20864.666666666664    37266.99999999999    62203.666666666664    51039.66666666667    30278.333333333336
16193.333333333334    24513.0    37450.666666666664    60751.333333333336    57115.66666666666    32762.0
19168.0    22034.333333333332    43598.66666666667    64793.00000000001    69842.0    38748.33333333333
17733.666666666668    22484.666666666664    46725.33333333333    71691.33333333333    69155.33333333333    44078.66666666667
17840.333333333332    18210.666666666664    51753.333333333336    71310.33333333333    69093.0    38646.666666666664
18995.33333333333    21217.333333333332    47641.333333333336    67050.33333333334    75512.0    44068.66666666667
15310.999999999998    21956.666666666664    45818.66666666667    77787.66666666667    72901.0    43763.0
17068.333333333336    24875.0    54406.0    90187.66666666669    79159.66666666666    44496.00000000001
17769.0    22749.0    52760.99999999999    79582.99999999999    76811.33333333334    46943.333333333336
16466.666666666664    18021.333333333336    46093.66666666667    68315.66666666667    70987.0    46977.66666666667
16226.666666666664    17821.666666666664    51991.33333333334    73190.0    76176.33333333333    44966.66666666667
16226.333333333332    21407.666666666668    54037.333333333336    76478.33333333334    71000.33333333333    49683.0
21475.666666666668    33374.33333333333    67977.66666666667    81431.00000000001    78381.99999999999    36387.66666666668
15527.666666666664    33268.66666666668    64618.333333333336    84795.33333333334    75953.33333333331    38516.00000000001
16560.666666666668    27927.666666666664    65475.666666666664    80387.99999999999    70719.66666666669    38965.99999999999
24507.333333333332    30821.666666666664    69995.0    85274.33333333331    74644.66666666666    38039.00000000001
