11425.666666666666    24731.666666666668    40301.666666666664    56636.33333333333    53403.0    36484.66666666667    21545.666666666668    10071.0    8858.666666666666    8322.666666666668    7262.0    8264.666666666668    6199.333333333334    5670.333333333334    4300.0    4081.0000000000005    4288.0    4915.0
12065.333333333334    18700.333333333332    31183.333333333332    36668.0    35500.0    22956.666666666664    16861.0    8701.333333333334    10974.666666666666    8967.0    6571.0    9807.666666666666    9639.0    15544.0    20335.333333333336    20042.0    15726.000000000002    13103.666666666666
3520.6666666666665    3955.0    4851.0    3366.333333333333    5071.333333333332    4420.0    7029.333333333334    5944.0    9094.333333333334    7824.0    10238.666666666666    10652.0    18233.0    34732.66666666667    46440.666666666664    50447.666666666664    40341.0    30698.666666666668
4816.666666666666    4196.666666666666    3483.6666666666665    5382.333333333333    4775.333333333333    4649.0    3715.0000000000005    4994.0    5612.333333333333    5117.666666666667    6862.666666666667    13903.333333333332    20511.0    34117.333333333336    43808.666666666664    50236.666666666664    42171.0    32276.666666666664
4616.0    3063.6666666666665    4078.6666666666665    4370.0    4786.333333333334    3738.0    4608.666666666666    5612.0    7761.0    5030.333333333333    9880.0    13431.333333333332    22170.666666666664    36240.0    46255.333333333336    43659.66666666667    39703.0    38105.0
4066.9999999999995    4067.0    3406.666666666667    3985.666666666667    4061.666666666667    4227.0    4799.333333333333    5155.0    7054.666666666667    7570.999999999999    7486.666666666666    12763.666666666666    24906.333333333336    40343.333333333336    38910.66666666667    43431.0    39501.33333333333    35523.666666666664
4638.333333333333    3609.0    3614.0    3282.333333333333    4882.333333333333    4792.666666666667    4263.0    6875.333333333333    6083.333333333333    7128.0    10558.0    18101.666666666664    27246.0    33389.333333333336    44550.666666666664    38935.00000000001    33727.0    34333.0
3213.0    3336.0    4268.666666666666    4614.333333333334    3871.0000000000005    3908.3333333333335    6892.333333333332    5307.333333333333    6765.0    7553.333333333334    12454.666666666668    18434.0    30936.999999999996    39219.333333333336    35963.666666666664    35299.33333333333    37336.0    33447.0
27298.333333333336    32419.666666666664    30346.333333333336    34183.333333333336    37900.333333333336    31470.333333333332    29680.0    22366.333333333336    14884.0    12944.333333333334    7835.333333333332    5696.666666666667    5794.0    6608.666666666666    5468.000000000001    4127.0    3429.3333333333335    4618.666666666667
27889.333333333336    29423.333333333336    30311.333333333336    33390.33333333333    24549.666666666668    29033.0    26732.333333333332    26642.666666666668    22259.000000000004    13000.666666666666    8078.333333333333    6067.333333333334    5793.333333333334    7270.333333333333    5885.333333333333    4428.333333333333    4929.666666666667    4882.333333333334
3858.3333333333335    5206.666666666667    6237.333333333334    6421.333333333333    7026.0    8521.333333333334    7122.333333333333    8870.333333333332    12552.333333333334    16021.333333333336    24366.666666666668    21014.999999999996    19355.666666666664    20184.000000000004    25986.666666666668    25437.333333333332    21485.666666666668    17571.0
12313.333333333332    14822.999999999998    18438.333333333332    18713.333333333332    15752.0    19328.333333333332    14619.333333333334    16708.0    20440.0    20931.0    21380.000000000004    17165.0    14839.666666666666    10389.333333333334    11405.666666666668    14986.000000000002    15155.666666666668    12175.666666666668
18274.666666666668    15695.0    19051.666666666668    23330.000000000004    24679.0    20584.333333333336    17223.333333333336    18414.666666666664    15732.333333333334    14227.0    17184.333333333332    13964.666666666666    15791.999999999998    11651.0    8331.333333333332    8364.0    6180.666666666668    7253.666666666667
17081.333333333332    14516.999999999998    19378.666666666668    23711.0    19454.333333333336    21979.666666666668    14139.333333333332    12594.666666666666    15731.666666666668    14388.666666666666    15918.999999999998    14848.0    13558.333333333334    16704.666666666668    10927.000000000002    11574.666666666668    6851.666666666667    5394.333333333333
15402.999999999998    16139.666666666666    17037.0    16106.0    16858.666666666668    15237.333333333334    14797.666666666666    10343.666666666666    12228.0    13695.0    11767.0    11268.999999999998    10203.333333333332    13718.0    13522.333333333334    15496.0    12648.666666666668    10535.333333333334
10425.0    14296.0    12971.333333333332    17578.0    14815.999999999998    13020.333333333332    12794.333333333332    12054.0    9626.333333333334    10734.0    9740.333333333332    12577.0    7900.000000000001    9462.333333333334    10845.666666666666    8634.666666666666    13809.666666666666    14614.333333333334
13081.000000000002    12226.333333333332    12629.333333333332    14704.0    14448.000000000002    12806.333333333332    11303.0    9521.333333333334    10413.333333333334    11657.666666666666    8329.0    10470.666666666666    11463.333333333334    10603.0    18742.999999999996    19252.666666666668    14591.333333333332    12542.666666666666
3132.6666666666665    3970.0    4228.333333333333    3380.6666666666665    3669.3333333333335    5286.666666666667    8235.666666666666    7793.666666666667    11456.333333333332    19032.0    21785.666666666668    21903.666666666664    22503.333333333332    22048.333333333332    28877.333333333336    24235.333333333336    27521.333333333336    19123.999999999996
3661.0    4505.333333333333    5995.0    4936.0    3852.3333333333335    4634.333333333334    6691.333333333333    5763.0    8338.0    10702.0    14470.333333333332    22951.666666666668    27745.666666666668    27146.999999999996    30463.000000000004    31899.0    26623.333333333332    31490.666666666664
5136.333333333334    3538.0    3945.666666666667    2720.6666666666665    4354.333333333333    4757.666666666667    6355.000000000001    5728.333333333333    7435.0    8384.0    13638.0    17843.333333333336    27514.666666666668    30703.999999999996    32003.66666666667    32029.33333333333    31095.333333333332    29671.0
4264.0    4029.333333333333    5623.0    4294.333333333333    3453.333333333333    6758.333333333333    4746.666666666667    5355.333333333333    10174.333333333334    7757.333333333334    8655.666666666668    18000.333333333332    23498.333333333336    36741.0    31995.333333333332    37551.666666666664    31022.666666666664    30563.999999999996
4764.0    4149.666666666666    4389.666666666667    3672.3333333333335    3382.333333333333    5564.0    4987.666666666667    6072.666666666667    9017.333333333332    6258.0    10937.0    14048.333333333334    20260.999999999996    37837.0    35152.666666666664    41417.99999999999    36042.333333333336    29584.0
13857.333333333334    21530.666666666664    25552.666666666668    27408.333333333336    27535.666666666668    24384.333333333336    16649.666666666668    11063.666666666666    11503.0    9736.0    6685.666666666667    8508.666666666668    11461.333333333334    17533.0    19663.333333333336    24504.333333333332    18747.0    13868.000000000002
3565.0    3172.6666666666665    4522.0    4549.666666666666    3871.6666666666665    5663.333333333333    5797.666666666666    4664.666666666666    6120.333333333333    6679.0    10072.333333333334    11544.000000000002    21951.666666666664    37910.33333333333    48310.666666666664    46382.33333333333    42148.0    29691.333333333336
3615.333333333333    2568.0    4247.666666666667    3983.0    4778.0    4442.666666666667    4988.666666666667    5056.0    6367.666666666666    6990.0    8371.0    11431.333333333334    15949.000000000002    31383.666666666664    38851.666666666664    44464.66666666667    39116.0    30257.666666666664
5380.0    4034.666666666667    4964.333333333334    4805.333333333333    3796.0000000000005    5924.666666666666    5458.999999999999    5085.999999999999    5213.666666666667    6492.666666666667    8663.333333333334    10866.0    17480.0    33448.0    47891.0    51047.33333333333    34886.666666666664    24934.0
3644.6666666666665    3610.666666666667    4972.0    3567.3333333333335    3455.666666666667    3982.333333333333    4222.0    5768.333333333333    5469.666666666667    7018.333333333333    8964.0    10874.666666666666    22262.666666666668    32143.000000000004    49947.33333333333    51123.333333333336    43538.666666666664    24268.333333333332
12166.666666666668    27523.000000000004    47877.333333333336    57822.0    47321.0    31316.0    19248.666666666668    15055.333333333332    11034.0    7166.333333333333    7808.333333333333    6280.333333333334    5655.333333333333    4129.0    4781.333333333333    4841.0    4079.333333333333    4923.333333333333
11810.666666666666    25370.666666666664    49461.666666666664    49126.33333333333    52391.333333333336    35011.333333333336    22454.999999999996    10489.666666666666    7770.0    7408.0    6120.0    7928.0    5338.333333333333    4052.0    4366.333333333334    5214.333333333333    5040.666666666666    3325.0
10637.666666666668    21885.0    43569.66666666667    58492.0    51464.33333333333    34499.333333333336    15262.0    8961.333333333334    6887.333333333333    5120.666666666666    6751.0    6238.333333333334    5353.0    6052.0    4549.333333333333    4726.333333333333    4038.666666666667    5549.666666666667
12602.333333333332    24641.0    43585.666666666664    59045.33333333333    54050.33333333333    39622.333333333336    16093.333333333334    10874.999999999998    7685.333333333333    7933.0    7616.333333333333    7315.666666666667    7589.333333333333    4220.0    5597.333333333333    4510.333333333333    6213.999999999999    4085.3333333333335
