16970    26783    49217    59345    43527    24673
14354    28065    42375    58927    37377    17164
18472    30848    47772    60054    38166    27606
17205    28651    41920    54640    34051    21244
10349    30401    37087    53566    40627    20951
14819    25901    50485    52951    27310    25480
15849    28378    52591    63446    43698    25727
25913    26463    60885    58132    39691    20716
18713    20852    30039    33921    26286    18381
12659    16484    32165    25990    21456    14353
13943    20193    28595    29329    19039    17525
12653    23782    39448    48704    48847    20151
18284    31169    49583    56995    40720    20829
15940    31145    46347    49655    43227    23824
13011    34729    42153    59250    42628    22095
20310    38888    51460    72381    44087    21987
19720    30509    69594    78798    49787    21298
18548    40822    61854    72908    48352    29048
17717    37073    64065    77985    45583    23044
15231    42224    68015    79020    47552    21928
20491    37394    76892    79600    53972    22969
