4537    3806    4128    6966    5464    6926    6088    11255    15134    14248    17687    20266    25071    31210    28539    19190
4311    2513    3264    4146    8722    8447    7645    9362    16921    21966    19297    17207    16902    22178    17975    17406
3655    7018    8678    9828    5528    7074    8739    15053    19288    27809    19708    20868    14107    19406    18358    17801
3078    5984    5212    5251    8786    10693    13349    18290    18703    14778    17252    13838    13548    15090    15749    18110
8202    6323    8657    7650    9097    17676    15668    13289    15864    15831    9451    14872    9203    11424    14282    15492
4431    6636    6906    12028    15940    17443    18698    12913    13720    14970    10953    13506    16605    9563    11676    10958
8522    10426    18347    17752    17818    14149    16985    17880    13980    9543    14980    11110    15377    15880    13471    13469
16528    16498    17433    16891    17830    12700    13261    12471    10491    16375    12514    9880    14051    15317    16285    13275
13756    7584    6486    8491    12292    11413    8753    9461    7183    7852    12325    12816    10504    5436    7338    6502
6700    6837    5731    7130    11851    6306    6472    8835    9318    6714    6740    9838    5314    9388    6962    8971
11428    6833    11006    10265    7606    7511    7260    4257    6460    8696    7026    9635    9290    8216    5526    7609
5252    3501    3354    3330    4634    7527    8773    9056    16690    18615    17631    18314    23279    18739    22998    11892
7006    9031    12365    7650    11782    20112    15251    16570    18452    18697    15765    15057    11686    10165    13129    14862
6048    5926    3613    7943    5944    7794    15585    22779    18154    20987    20182    18166    12059    11811    17719    15428
16590    16429    13163    20450    18908    19248    12288    19659    14527    15093    11235    8464    9964    4348    8653    4847
26899    29234    18842    16823    19807    22946    27245    16363    13984    11869    14193    7793    5435    6752    5210    5718
31022    34782    29687    26100    22289    23989    33296    20899    6997    8969    7974    6922    4898    4623    4097    3162
30292    29615    31450    28414    22997    22762    27806    17930    13062    13925    7882    5266    5594    4342    4781    5414
30614    33493    31028    25401    31390    30517    18918    13421    8864    7353    8314    6860    6388    4076    5413    3417
23279    33144    33765    30197    28351    28402    28537    14498    11387    10122    6023    4846    6040    4622    7245    3512
25210    34845    38134    29056    37962    29628    27672    23502    8039    3859    7626    6899    4475    5170    6536    2705
