29094    19936    38387    79929    96298    75251    39139    33928
34684    29231    43945    84259    100906    64282    39619    25849
36101    33185    51037    78904    89467    73058    36208    41989
43757    28437    41707    90421    103458    71543    31123    31436
29927    24933    37947    76354    113211    82568    42857    26065
21397    33438    53847    88764    90711    61246    33060    37321
30379    28233    50457    107602    105244    55229    28617    27806
32823    32876    51778    96391    96947    62536    28161    27585
31947    25155    61513    91103    76534    60283    26477    32021
33116    35808    34787    94370    102791    61563    29349    30405
35358    26744    31333    102841    86543    63769    32202    25031
37325    28908    37613    90963    86015    59424    26607    31349
30377    27034    38625    67288    86669    47065    31072    28985
27029    21129    36276    58157    88480    63717    28224    31480
29549    24175    39343    79122    83301    68904    38923    37666
45430    35824    47255    80733    100174    76478    32549    28086
32282    30495    37020    80464    94138    63105    25539    32203
26780    29587    32931    95795    103721    58987    28764    30074
29610    27450    37444    88219    116543    85104    35097    33440
36658    27899    37471    88024    97676    80440    28561    28460
29989    30675    49220    98701    110771    61635    31616    27716
31088    30286    42939    70102    83369    85521    30684    25742
45018    30523    48912    86718    129332    54871    24581    33711
30114    24511    49923    88153    112225    72306    32573    38847
32081    24121    52028    94261    116263    85252    33750    29440
33043    18643    27783    78562    72054    60702    41549    30646
26909    26349    42720    93632    105553    63445    24261    29319
26853    20114    45690    90868    89750    56377    29264    34141
41730    33208    52174    89499    91350    51601    24652    35925
41249    38125    55461    78797    89162    75708    27008    31037
39164    38211    57844    88484    104524    57294    31287    26641
