5709    3939    6009    5478    4300    8102    9833    9733    10751    6244    11775    11236    25078    21400    45086    59726    67648    43077    39531    17307
7244    6615    4888    4342    4387    11717    4572    9765    8609    7574    15904    10776    13995    33682    49305    51069    60073    58248    29837    30173
4412    6551    10528    5733    12690    11239    18724    15734    44755    65871    71541    53081    27264    17683    20885    19960    7127    8661    7806    9704
3216    7124    4270    5956    8078    6153    8289    6694    13407    5280    12895    11886    23339    40649    50570    57146    54490    43100    46021    33319
5930    6178    6374    6199    5614    6839    6312    7602    9814    11159    13981    9562    27739    30408    49981    54019    48126    45706    50268    32051
14419    29818    49827    33457    43841    48465    33981    31579    26882    13674    15282    10795    12832    5576    8558    9021    8096    6721    7820    9140
19926    31532    45231    40442    45047    43027    40187    38438    24522    22524    17518    15080    9301    6694    5031    5198    7209    3558    5503    7599
20303    26205    29314    52974    58246    43452    45033    31844    22604    17266    9812    13843    12592    11458    6324    6732    4753    6033    4514    5795
27430    17671    30263    51388    65440    51715    33945    19912    18875    22115    8628    12466    6188    5293    5140    8613    4885    5354    3728    5984
7089    5427    5436    6317    6684    6584    9767    12102    11976    14942    17211    34223    41810    35025    33490    44651    32517    27715    36738    32485
7941    8469    6144    14935    35371    15986    15008    10819    9081    8984    11695    18062    10745    10987    25483    43552    62650    46229    24082    17598
19118    16605    23087    34961    58423    50614    27907    19563    21728    21814    20099    13135    11999    14567    8325    10150    5083    7260    7720    6046
21150    13987    10991    15617    13674    15868    21241    23943    16940    22210    21462    17262    25195    21331    21279    12863    20241    9596    14088    18177
6250    8584    10441    15762    14635    19063    17217    20671    16867    15797    24531    18337    15355    11258    16199    23627    35541    26580    19276    18501
6569    10543    6803    7779    11421    6699    6007    15578    13361    9238    12636    15044    19268    14817    37231    61995    62984    35518    25445    22047
18703    16223    25776    45417    73656    62869    28173    17262    27502    23271    14497    5631    10013    7212    11260    14204    15846    11820    7052    10142
24848    22358    27264    22755    22578    19235    28940    24844    29362    30528    27059    25138    22105    14425    14151    9037    6723    5571    10936    7389
3880    5611    3740    6594    10436    9471    9761    9831    11127    18586    20505    36629    39768    29038    23861    32378    34105    33757    27715    39846
5846    5181    6220    10157    6697    6309    9635    8449    17973    8720    15777    28044    37976    40827    43643    49206    34935    36910    43144    37258
5196    4340    3782    3558    4238    5868    5669    9025    7497    7430    7809    14832    28924    32276    47256    61615    47949    50658    39515    37752
22456    22744    41561    52541    44968    50934    47933    30467    26258    22119    10799    12175    4190    7590    8078    6706    8228    8529    7266    4781
4626    3870    5217    8912    5680    5554    6766    9062    9092    8773    7834    17599    19097    30742    46117    59107    59905    33953    32047    25778
16983    30474    39165    51133    47013    50119    47404    38939    28282    16849    21052    15417    7314    4229    7306    6277    6421    6243    6915    6131
12496    24368    40742    59511    53705    43671    52707    35654    27937    18041    14730    11712    6316    7574    6809    10741    3747    6347    6895    4949
6777    11062    13908    10938    19850    17608    10348    10931    9611    14024    19292    14489    15038    25096    46956    50761    61084    51178    40794    17451
4183    9222    6405    3280    5747    6206    8250    12397    10707    7108    11253    13862    9994    12897    32809    57696    66265    40319    23557    20825
4562    5648    4519    4288    5204    6988    9408    8611    11862    8006    7934    9462    11600    30646    43246    60390    55075    62895    37715    24129
17028    26004    28717    56131    56986    55630    31311    21996    17997    15695    9756    6280    5502    8388    8342    3057    7104    5366    4871    6896
11816    23141    35806    55513    55572    52931    44171    22403    22175    21028    13406    7212    3450    4606    8847    6096    8100    9095    6384    8387
21484    20108    29005    60581    66793    67917    34598    28719    25399    18394    8796    9898    5241    5173    6543    5078    7788    6090    4710    4232
10904    22470    40005    55801    65580    47970    43983    32901    18785    19926    11536    11748    7473    7601    5828    7432    6806    9004    10346    7350
