16661.333333333336    42216.666666666664    62299.999999999985    68258.33333333336    33800.0    17571.666666666664
16817.0    32389.666666666664    62063.33333333333    65675.33333333333    38063.0    18165.666666666668
14861.666666666666    33650.333333333336    65999.33333333333    69356.66666666667    32307.666666666664    18713.333333333336
18059.333333333332    41429.333333333336    64542.00000000001    67976.66666666666    37076.33333333333    18215.333333333332
17555.333333333332    34549.0    67450.66666666667    64054.333333333336    32923.0    20121.333333333336
18178.333333333332    32447.666666666664    64689.333333333336    67622.66666666666    41801.333333333336    16791.666666666668
19259.666666666668    36961.333333333336    67402.33333333333    65187.333333333336    36693.0    23480.666666666664
23418.333333333332    43032.0    66308.33333333333    64662.333333333336    31179.66666666667    19471.333333333336
17482.333333333332    31587.333333333336    52853.66666666667    55724.333333333336    32765.666666666668    18124.0
18545.333333333332    30506.333333333332    59971.333333333336    58164.0    35633.66666666667    17281.333333333336
16900.333333333336    28765.666666666668    50074.666666666664    57022.666666666664    30695.333333333332    19625.666666666668
18730.666666666668    31738.333333333332    55373.33333333334    60870.66666666667    33081.0    19585.666666666668
18106.000000000004    33724.666666666664    51895.99999999999    53566.333333333336    28801.666666666668    18495.333333333332
18202.666666666664    25954.0    47811.33333333333    53088.666666666664    36825.99999999999    18092.666666666668
18345.333333333332    27428.66666666667    55863.00000000001    46161.66666666667    33436.666666666664    20856.0
17252.666666666668    31519.333333333336    46520.00000000001    50432.666666666664    26728.666666666668    19090.33333333333
15337.0    27399.666666666664    37913.00000000001    44015.99999999999    26437.666666666668    18069.999999999996
17895.000000000004    31632.333333333336    46749.33333333333    47238.33333333333    25598.999999999996    18804.0
20653.333333333336    41466.66666666667    57711.99999999999    52464.666666666664    31389.666666666668    17667.666666666668
21916.666666666664    38159.99999999999    59847.33333333332    56017.99999999999    28126.33333333334    16573.666666666668
22575.000000000004    40790.66666666667    77799.33333333334    66107.0    30399.666666666664    19666.333333333332
20480.000000000007    45938.66666666667    65729.66666666667    53950.99999999999    27650.000000000004    20055.0
20453.666666666664    49966.666666666664    64967.666666666664    60114.33333333336    25348.666666666668    16352.333333333334
21576.666666666668    41514.66666666667    66580.33333333334    61164.33333333333    27955.333333333332    18453.333333333332
16258.666666666668    36381.333333333336    59412.66666666667    58388.66666666667    40335.333333333336    21639.000000000004
16856.666666666664    33134.333333333336    59576.33333333333    63171.333333333336    34426.666666666664    20167.0
13814.333333333332    32550.666666666664    59759.0    63371.333333333336    42222.0    19874.666666666668
14627.666666666668    29548.333333333336    59828.33333333333    64686.99999999999    40939.33333333333    18671.333333333332
21235.999999999996    41171.66666666667    67890.0    50794.333333333336    33053.0    16709.33333333333
17643.333333333332    34794.0    59750.333333333336    62563.666666666664    41097.99999999999    20939.666666666668
18785.0    38541.0    63661.00000000001    56230.0    37572.99999999999    18022.333333333332
