10174.666666666666    13398.333333333332    20973.333333333332    27265.333333333336    30219.666666666668    19253.0    8165.999999999999    8834.333333333334    6573.666666666667    6954.999999999999    6165.666666666667    6520.666666666667    7128.666666666667    11110.333333333332    19036.333333333336    18642.666666666668    13133.666666666668    7256.666666666666
3500.666666666667    5372.333333333333    2585.3333333333335    4075.3333333333335    4170.333333333333    4045.333333333333    3745.6666666666665    5262.999999999999    4351.0    5929.666666666667    8327.0    11866.0    12951.666666666666    24663.333333333336    40896.66666666667    40609.666666666664    32077.333333333332    18743.666666666668
3978.0    4136.333333333333    6598.666666666667    10295.333333333334    8632.0    6175.333333333333    3759.333333333334    4324.666666666667    6088.666666666667    6514.333333333334    5337.333333333333    9372.333333333334    16089.333333333332    23945.333333333332    32272.333333333332    37123.33333333333    29233.999999999996    21012.333333333332
10038.666666666666    10333.333333333332    10710.666666666668    14007.666666666666    11280.333333333332    10403.333333333334    8756.666666666666    7043.666666666667    9470.666666666668    5654.666666666667    6705.0    7231.333333333334    11619.333333333336    22060.0    29475.333333333332    27689.0    25915.333333333336    18904.0
6827.666666666667    8400.333333333332    10566.333333333334    16548.333333333332    14387.666666666666    13868.333333333334    9558.333333333332    8535.0    6718.666666666667    8305.333333333332    7323.000000000001    7281.666666666667    13813.0    21088.0    19087.999999999996    22635.666666666668    24210.000000000004    17498.333333333332
2767.333333333333    3193.0    3844.3333333333335    3789.0    4750.0    3898.0    4521.666666666667    5307.333333333334    6388.333333333334    6070.333333333334    9780.333333333334    11666.333333333334    18015.0    30223.000000000004    33871.66666666667    36192.333333333336    33083.33333333333    24169.666666666668
4249.333333333333    4423.333333333334    4505.0    6151.666666666666    3590.6666666666665    5163.0    5189.0    5991.0    5929.0    6845.333333333333    7756.0    12249.333333333334    21780.666666666668    30696.666666666668    34728.0    33424.333333333336    29312.666666666668    26999.333333333332
20122.333333333332    21722.666666666664    27324.666666666668    26333.666666666668    29999.666666666668    27761.333333333336    22544.666666666668    16538.0    10075.0    7445.0    5766.999999999999    5153.333333333333    5273.333333333333    5572.333333333333    5268.0    4129.333333333333    3937.6666666666665    3104.0
3682.333333333333    3779.0000000000005    2489.6666666666665    3647.6666666666665    3446.666666666667    3859.333333333333    4298.333333333334    8164.666666666668    5307.0    8092.999999999999    11147.333333333332    15242.0    20148.666666666668    20888.333333333332    20081.0    31104.666666666668    19450.666666666668    23707.0
3413.3333333333335    3505.6666666666665    2902.6666666666665    4549.333333333334    4267.0    4362.0    4657.333333333333    4617.666666666667    5536.0    8802.666666666666    14380.333333333332    21161.666666666668    19045.333333333336    20864.333333333336    26798.0    24929.666666666664    24279.333333333332    22029.666666666664
4267.666666666667    2785.333333333333    4518.333333333333    4471.666666666667    3393.0    7260.666666666667    5639.666666666667    4665.0    5874.0    10240.333333333332    18171.333333333332    15119.666666666666    16106.0    17839.333333333332    23543.0    23376.666666666668    18014.333333333332    17798.333333333332
3429.0    3244.333333333333    4518.333333333333    3436.0    5237.666666666666    3739.6666666666665    4972.666666666667    8158.666666666666    13486.333333333332    14308.666666666666    19129.000000000004    17584.333333333336    16015.333333333334    20470.666666666668    19498.999999999996    25266.000000000004    15015.000000000002    21869.0
4727.333333333333    4497.666666666667    4240.666666666667    5324.666666666667    6206.0    6078.0    7917.666666666666    11013.666666666668    13168.0    14771.333333333332    14858.666666666668    12520.666666666666    11882.333333333334    17389.666666666668    17696.333333333332    20507.333333333336    17215.666666666668    14574.333333333332
4488.333333333333    6661.0    4758.333333333333    6269.333333333334    9228.0    12370.666666666666    13642.999999999998    11326.333333333332    12167.333333333334    11015.333333333334    11281.333333333334    11509.333333333334    9724.666666666666    9450.0    21175.666666666664    18271.0    15693.0    10942.666666666666
4324.0    5302.0    7558.0    11558.0    14069.666666666666    11450.333333333332    12474.0    9448.333333333332    12190.666666666666    12419.666666666666    14219.333333333334    11009.0    10815.0    11059.666666666666    16910.666666666668    16608.666666666664    11475.666666666668    9198.666666666666
9168.666666666666    12859.333333333332    10148.0    10206.000000000002    9116.0    8004.333333333333    11770.0    8262.333333333334    9326.666666666666    10667.0    9926.333333333332    7403.333333333334    8120.666666666667    10723.0    18406.666666666668    14397.0    12392.666666666668    10645.666666666668
6992.666666666666    5052.666666666666    6622.333333333333    6104.333333333332    7311.666666666667    6419.666666666666    7349.666666666667    7289.333333333333    7205.666666666666    7685.333333333333    9512.333333333334    10375.000000000002    10680.333333333334    9654.666666666666    17586.666666666668    17010.999999999996    13068.999999999998    13251.0
9811.0    10026.666666666666    11973.0    17842.333333333336    14412.333333333336    9316.333333333334    6670.333333333334    9507.333333333334    13016.666666666666    11204.333333333334    10113.333333333334    9863.666666666668    10046.666666666666    8462.0    10801.666666666668    8655.999999999998    8159.333333333334    8035.0
18298.666666666664    13850.0    21707.000000000004    24401.666666666668    20389.000000000004    19545.666666666668    15128.0    16529.333333333336    16541.0    11327.666666666666    8881.0    4817.666666666667    6659.333333333333    5461.0    5464.666666666667    3256.6666666666665    4067.0    5028.666666666667
17961.0    21641.666666666664    21257.666666666668    21289.666666666664    22806.333333333332    22232.666666666668    20707.666666666668    16450.0    11800.333333333332    8742.666666666668    5781.0    4782.666666666666    4177.333333333333    4613.333333333333    4683.0    3371.666666666667    4768.666666666666    3574.6666666666665
21544.0    23178.0    31414.333333333336    30693.666666666668    27910.333333333336    23178.0    25590.666666666668    15983.666666666666    13186.666666666668    6721.666666666667    6927.666666666667    5862.0    6957.666666666667    4371.0    4393.333333333334    2737.3333333333335    3066.6666666666665    3621.3333333333335
20251.333333333332    22270.666666666664    23801.333333333332    27309.666666666668    27816.666666666664    25188.0    20757.0    14228.000000000002    8316.666666666666    7401.0    5400.999999999999    5520.666666666666    3489.0    5028.0    4211.0    5630.0    3170.0    4014.3333333333335
12384.666666666666    22650.666666666668    26308.666666666668    35700.666666666664    28252.333333333336    25668.666666666664    21336.0    12010.999999999998    7793.333333333333    9396.333333333334    5822.666666666666    7145.333333333333    4362.0    4424.666666666666    4065.0000000000005    4052.0    2812.6666666666665    3016.666666666667
13746.000000000002    20766.000000000004    28182.333333333332    37234.0    34726.666666666664    24332.666666666668    20512.666666666668    9515.0    8418.0    7711.0    6319.333333333333    3830.6666666666665    4203.333333333333    3193.6666666666665    4070.666666666667    3362.333333333334    3314.666666666667    3805.666666666667
2805.0    3610.0    3584.0    4012.3333333333335    5141.333333333333    3945.0    5392.666666666666    4064.0    5947.666666666666    7452.999999999999    7451.0    9529.0    13141.333333333334    26867.333333333332    40893.333333333336    34991.0    32755.333333333332    20832.333333333332
5223.0    3235.333333333333    3454.333333333333    3682.333333333333    4160.666666666667    5172.000000000001    4835.0    5659.666666666667    4773.333333333333    5942.333333333333    9658.0    8933.0    13252.333333333332    23510.0    36935.66666666667    30995.000000000004    31204.666666666668    26705.666666666664
5212.666666666667    3112.3333333333335    4429.666666666667    4399.333333333333    4590.333333333334    3671.0    4497.333333333333    4115.666666666667    5847.333333333333    6305.666666666667    6690.666666666666    8964.0    12481.0    21842.333333333332    36722.333333333336    41902.99999999999    34202.0    22605.333333333332
3689.666666666667    4048.6666666666665    4586.666666666667    3905.0    3573.6666666666665    3665.3333333333335    5217.0    4433.666666666666    5527.333333333334    6041.666666666667    7008.333333333333    11137.666666666666    12103.0    23972.0    38282.00000000001    41935.666666666664    31640.0    17534.666666666664
9141.666666666666    19119.333333333332    34823.0    33609.66666666667    33090.0    28126.666666666668    12459.666666666668    7651.666666666666    9055.333333333332    6607.0    7405.666666666666    5312.333333333334    4818.666666666667    5420.666666666667    4523.0    3428.0    3178.333333333333    3083.6666666666665
6049.666666666667    9314.0    14056.666666666666    19173.333333333336    18656.999999999996    10787.333333333334    6889.0    5620.666666666667    7695.666666666667    5976.666666666667    8041.0    7950.0    8280.666666666666    19346.333333333332    27268.666666666668    26143.666666666668    22893.333333333336    12645.333333333334
7258.0    12132.666666666666    21919.333333333332    27418.999999999996    29781.333333333332    17691.999999999996    9615.666666666666    7275.333333333333    8886.333333333334    6236.000000000001    5614.666666666666    5591.666666666666    7156.666666666667    8383.333333333334    17388.666666666668    17686.666666666664    12473.666666666666    10301.333333333334
