event_number,event_time_[s],diss_exposure_time_[s],diss_succes,diss_power_[muW],diss_wavelength_[nm],pp_divider,ratio_dark_ion_events,use_data,reason
1,1692954140.3900023,5,0,7000,500,10,1.0,1,none
1,1692954140.3900023,1,0,7000,500,10,1.0,1,none
1,1692954140.3900023,30,1,7000,500,10,0.0,1,none
2,1692955087.2497067,1,0,7000,500,10,1.0,1,none
2,1692955087.2497067,10,0,7000,500,10,1.0,1,none
2,1692955087.2497067,5,0,7000,500,10,1.0,1,none
2,1692955087.2497067,10,0,7000,500,10,1.0,1,none
2,1692955087.2497067,60,1,7000,500,10,0.0,1,none
3,1692955568.8112493,10,0,7000,500,10,1.0,1,none
3,1692955568.8112493,60,1,7000,500,10,0.0,1,none
4,1692956004.2423644,60,0,7000,500,10,1.0,0,2_dark
5,1692957050.4984038,5,0,7000,500,10,1.0,1,none
5,1692957050.4984038,60,0,7000,500,10,1.0,1,none
5,1692957050.4984038,1,0,7000,500,10,1.0,1,none
5,1692957050.4984038,1,0,7000,500,10,1.0,1,none
5,1692957050.4984038,60,1,7000,500,10,0.0,1,none
6,1692958259.6178,30,0,7000,500,10,1.0,1,none
6,1692958259.6178,5,0,7000,500,10,1.0,1,none
6,1692958259.6178,60,0,7000,500,10,1.0,1,none
6,1692958259.6178,10,0,7000,500,10,1.0,1,none
6,1692958259.6178,1,0,7000,500,10,1.0,1,none
6,1692958259.6178,1,0,7000,500,10,1.0,0,2_dark
7,1692958860.4063165,1,0,7000,500,10,1.0,1,none
7,1692958860.4063165,5,0,7000,500,10,1.0,1,none
7,1692958860.4063165,60,0,7000,500,10,1.0,1,none
7,1692958860.4063165,1,0,7000,500,10,1.0,1,none
7,1692958860.4063165,10,0,7000,500,10,1.0,1,none
7,1692958860.4063165,10,0,7000,500,10,1.0,0,2_dark
8,1692959874.6190135,30,0,7000,500,10,1.0,1,none
8,1692959874.6190135,5,0,7000,500,10,1.0,1,none
8,1692959874.6190135,1,0,7000,500,10,1.0,1,none
8,1692959874.6190135,30,0,7000,500,10,1.0,0,2_dark
9,1692960706.844325,5,0,7000,500,10,1.0,1,none
9,1692960706.844325,30,1,7000,500,10,0.0,1,none
10,1692961115.269015,60,1,7000,500,10,0.0,1,none
11,1692961390.6025288,5,0,7000,500,10,1.0,1,none
11,1692961390.6025288,1,0,7000,500,10,1.0,1,none
11,1692961390.6025288,60,0,7000,500,10,1.0,1,none
11,1692961390.6025288,5,0,7000,500,10,1.0,1,none
11,1692961390.6025288,10,0,7000,500,10,1.0,1,none
11,1692961390.6025288,1,0,7000,500,10,1.0,1,none
11,1692961390.6025288,10,0,7000,500,10,1.0,1,none
11,1692961390.6025288,30,1,7000,500,10,0.0,1,none
12,1692961758.3146675,60,1,7000,500,10,0.0,1,none
13,1692962154.8095398,5,0,7000,500,10,1.0,1,none
13,1692962154.8095398,60,0,7000,500,10,1.0,1,none
13,1692962154.8095398,5,0,7000,500,10,1.0,1,none
13,1692962154.8095398,10,0,7000,500,10,1.0,1,none
13,1692962154.8095398,1,0,7000,500,10,1.0,1,none
13,1692962154.8095398,5,0,7000,500,10,1.0,1,none
13,1692962154.8095398,30,0,7000,500,10,1.0,0,2_dark
14,1692962805.9269428,5,0,7000,500,10,1.0,1,none
14,1692962805.9269428,30,0,7000,500,10,1.0,1,none
14,1692962805.9269428,10,0,7000,500,10,1.0,1,none
14,1692962805.9269428,1,0,7000,500,10,1.0,1,none
14,1692962805.9269428,5,0,7000,500,10,1.0,1,none
14,1692962805.9269428,1,0,7000,500,10,1.0,1,none
14,1692962805.9269428,5,0,7000,500,10,1.0,1,none
14,1692962805.9269428,5,0,7000,500,10,1.0,1,none
14,1692962805.9269428,60,1,7000,500,10,0.0,1,none
15,1692963234.5843124,5,1,7000,500,10,0.0,1,none
16,1692963686.2315352,10,0,7000,500,10,1.0,1,none
16,1692963686.2315352,60,0,7000,500,10,1.0,1,none
16,1692963686.2315352,5,0,7000,500,10,1.0,1,none
16,1692963686.2315352,10,0,7000,500,10,1.0,1,none
16,1692963686.2315352,10,0,7000,500,10,1.0,1,none
16,1692963686.2315352,5,0,7000,500,10,1.0,1,none
16,1692963686.2315352,30,0,7000,500,10,1.0,1,none
16,1692963686.2315352,1,0,7000,500,10,1.0,1,none
16,1692963686.2315352,1,0,7000,500,10,1.0,1,none
16,1692963686.2315352,60,1,7000,500,10,0.0,1,none
17,1692964221.3441951,10,0,7000,500,10,1.0,1,none
17,1692964221.3441951,10,1,7000,500,10,0.0,1,none
18,1692964595.0688403,30,1,7000,500,10,0.0,1,none
19,1692965031.7905245,1,0,7000,500,10,1.0,1,none
19,1692965031.7905245,30,0,7000,500,10,0.0,1,empty
20,1692965665.340099,1,0,7000,500,10,1.0,1,none
20,1692965665.340099,5,0,7000,500,10,1.0,1,none
20,1692965665.340099,10,0,7000,500,10,1.0,1,none
20,1692965665.340099,10,0,7000,500,10,1.0,1,none
20,1692965665.340099,5,0,7000,500,10,1.0,1,none
20,1692965665.340099,5,0,7000,500,10,1.0,1,none
20,1692965665.340099,60,1,7000,500,10,0.0,1,none
21,1692966327.9468849,30,1,7000,500,10,0.0,1,none
22,1692966626.8780396,60,0,7000,500,10,1.0,1,none
22,1692966626.8780396,1,0,7000,500,10,1.0,1,none
22,1692966626.8780396,60,1,7000,500,10,0.0,1,none
23,1692969214.2797358,10,0,7000,500,10,1.0,1,none
23,1692969214.2797358,30,0,7000,500,10,1.0,1,none
23,1692969214.2797358,1,0,7000,500,10,1.0,1,none
23,1692969214.2797358,10,0,7000,500,10,1.0,0,2_dark
24,1692970927.9588416,30,1,7000,500,10,0.0,1,none
25,1692971678.337644,10,0,7000,500,10,1.0,1,none
25,1692971678.337644,60,1,7000,500,10,0.0,1,none
26,1692972013.0625312,5,0,7000,500,10,1.0,1,none
26,1692972013.0625312,60,1,7000,500,10,0.0,1,none
27,1692972481.4764142,5,0,7000,500,10,1.0,1,none
27,1692972481.4764142,1,0,7000,500,10,1.0,1,none
27,1692972481.4764142,5,0,7000,500,10,1.0,1,none
27,1692972481.4764142,60,1,7000,500,10,0.0,1,none
28,1692973541.588309,1,0,7000,500,10,1.0,1,none
28,1692973541.588309,30,0,7000,500,10,1.0,1,none
28,1692973541.588309,1,0,7000,500,10,1.0,1,none
28,1692973541.588309,1,0,7000,500,10,1.0,1,none
28,1692973541.588309,30,0,7000,500,10,1.0,1,none
28,1692973541.588309,5,0,7000,500,10,1.0,1,none
28,1692973541.588309,60,1,7000,500,10,0.0,1,none
