10951    14101    25065    26857    29613    9886
12121    13126    20419    32228    26570    14379
9749    12901    26342    27384    30766    22139
9496    16055    31014    40265    21810    16858
11928    11259    28357    27556    28622    11425
11474    16154    19214    29925    21663    13654
9616    8185    16542    27852    22190    14114
10116    9536    21132    29696    22405    15256
7000    8990    11257    26400    22123    18939
10612    10821    19012    22519    21518    14746
6705    9464    15540    26931    24733    13302
10792    13543    18970    26909    18581    13265
9194    9242    15115    24229    22939    16813
12741    11347    18002    26367    20881    11442
11940    11238    14783    22588    31385    15710
10573    11868    12564    21962    24914    16504
6555    10076    14063    20058    19095    13068
9591    8789    16664    24175    16263    12139
10957    13332    24193    18495    22409    14740
7681    9991    23203    23875    15877    16696
9555    10181    18401    26162    26763    17277
8428    13520    16443    25081    17412    17986
8920    9292    14540    22958    23602    17456
10324    10620    21051    26916    23556    13829
8797    11220    17606    29921    19006    17583
11350    8085    20003    32494    29362    14871
