7871    15597    20736    22389    11202    4771    4931    5679    3161    3358    2993    2345    2804    2633    3574    2429
14919    13097    14022    13058    9093    14429    8132    7931    4658    2815    2753    2615    2290    3858    1916    3257
16861    10583    15115    13084    12722    12461    8247    4696    5597    4285    6597    5591    2459    3583    3257    4143
19301    16804    9081    14128    12159    17799    9359    7722    7052    2753    4102    3208    2680    2945    3356    3049
7995    13283    10621    9563    12195    12809    10453    6468    5451    5882    5051    3384    4316    3385    2782    5509
9423    13782    10023    10615    7213    13098    9693    8958    4199    3410    2471    4056    2285    3115    5131    4612
4682    2600    2523    3501    3257    2167    2891    5534    7954    7948    7602    11205    9728    8764    7423    10720
2171    2920    2079    2807    3566    2304    3599    3999    7038    10363    12385    13946    13244    9857    9137    8726
4039    2526    1954    3835    3944    2630    3841    7131    10842    6066    9109    7288    8879    8223    6594    7808
3670    3773    4446    3080    5108    3906    5013    8700    8664    8016    8455    5766    8685    9045    8883    4018
2878    3618    2446    2972    2201    4328    10434    6975    5326    9229    5914    9434    7240    7360    8171    8149
2345    2335    2517    2693    6456    7479    5767    6717    9023    10215    7331    6884    8778    6012    6474    11034
7388    6147    7228    6177    7144    4109    7846    7653    5283    4255    8173    6845    8492    4840    3122    2830
8402    3851    9072    3039    8261    5066    6393    5597    4438    7569    4858    10814    7185    5221    5790    5224
8132    5816    6734    5977    7760    4145    6000    7445    11057    5080    6600    6998    10798    5953    4637    4512
4817    5841    4071    7412    4346    3698    4700    7227    6257    6044    4265    3194    9324    8787    11032    7370
4693    3590    5846    6967    7870    7067    3087    3882    4582    5731    5581    6209    3920    4697    4617    4576
4104    7041    5231    5942    5373    4845    5940    5787    3304    5491    7110    3798    7350    3886    6195    6224
8582    4795    5380    8023    7248    6753    7809    7518    6370    6197    5952    9671    3696    5659    3668    6805
5428    8183    2757    3592    6226    5543    5904    4361    8245    9105    6297    8341    4404    7193    3931    7813
4536    3226    3133    4923    3473    4532    8231    7805    10615    6711    8102    8394    7585    6335    13191    7547
2820    2379    3038    4650    3165    4437    3686    6538    8553    7873    6688    8066    8224    9691    9935    9127
1723    2994    2732    3539    4522    3915    3157    5055    4969    10080    7234    10209    8372    9588    11299    7380
3145    4118    2475    2014    4004    2558    2993    4757    8244    6181    12914    12938    8021    13871    8835    9228
2501    2665    3639    3590    2644    3104    3602    4820    5592    7056    9054    13495    9645    11329    10364    11033
5621    2254    2822    1981    3240    3186    5311    5104    5856    6440    6375    13806    17782    8752    14579    13056
