20924.666666666668    19559.333333333336    31312.333333333336    66055.33333333333    62376.0    41539.33333333333
19969.666666666668    17901.666666666668    30705.333333333336    58176.666666666664    67062.33333333333    37340.666666666664
19243.999999999996    22772.333333333332    41152.66666666668    74003.66666666667    59431.666666666664    33206.666666666664
22804.999999999996    17813.000000000004    46160.33333333332    69339.66666666667    65167.00000000001    35102.0
20814.666666666668    26009.666666666664    45324.0    72122.99999999999    58547.0    30706.66666666667
20694.66666666667    23847.66666666666    45300.66666666666    72501.33333333334    60222.666666666664    31336.0
21581.666666666668    19176.333333333332    42663.666666666664    67209.0    65325.99999999999    30347.666666666657
23634.333333333332    21121.0    42730.0    69087.33333333333    63560.666666666664    26356.666666666668
19610.333333333332    18323.333333333336    40135.66666666667    66685.33333333334    59648.0    36732.666666666664
18820.000000000004    17807.666666666668    31687.333333333336    54526.33333333333    58650.0    32781.0
22311.333333333336    15226.333333333336    36416.99999999999    60218.66666666668    56676.666666666664    26430.333333333336
17932.66666666666    19245.0    36812.0    59573.33333333333    55513.33333333333    29633.666666666668
18215.333333333332    17209.33333333333    30355.999999999996    48145.33333333334    55706.66666666666    29327.000000000004
17824.333333333336    17281.0    34735.666666666664    56067.0    49719.33333333333    29982.333333333332
16168.333333333332    18865.333333333332    28489.333333333336    52828.66666666667    42601.0    31334.333333333332
17797.666666666668    17484.333333333336    31738.333333333336    48844.666666666664    43752.0    27459.000000000004
14089.333333333334    18034.333333333336    28387.33333333333    48334.0    40779.66666666667    26906.666666666668
15907.333333333334    16937.666666666668    21851.666666666668    34637.0    35282.666666666664    20479.000000000004
21475.333333333332    17020.666666666664    28096.333333333332    51916.0    51504.66666666667    32744.666666666664
17072.666666666668    18575.666666666668    43193.66666666666    58003.99999999999    57542.00000000001    29028.66666666666
18457.999999999996    20660.0    35813.99999999999    66329.0    54224.333333333336    28544.0
18281.66666666667    20868.0    41806.999999999985    63649.333333333336    57763.000000000015    30132.999999999996
19658.666666666668    22892.33333333333    37938.0    64820.66666666667    48967.33333333335    24173.999999999996
19530.999999999996    20605.666666666675    45750.999999999985    71806.0    59298.99999999999    29849.666666666664
18759.333333333332    19842.666666666668    43628.999999999985    67724.0    64054.66666666667    31841.666666666668
17544.0    21146.333333333332    41076.33333333333    66724.99999999999    60019.0    30325.666666666664
20571.000000000004    22205.33333333333    45102.0    68097.66666666666    57321.66666666668    31497.0
18970.333333333332    20003.0    36874.00000000001    64004.0    53922.0    35894.0
21742.33333333333    18714.666666666668    39615.666666666664    65988.66666666667    61374.999999999985    27992.0
20121.0    18385.333333333332    40251.33333333333    67124.33333333334    57368.333333333336    30307.0
21390.000000000004    19256.0    42277.0    67419.33333333334    57319.33333333334    29860.33333333333
