4532.333333333333    3595.9999999999995    4889.0    4895.666666666667    4115.333333333334    6120.333333333332    4586.0    5422.666666666667    5893.999999999999    6080.666666666666    6088.333333333332    11693.333333333334    15280.666666666666    31690.666666666668    37261.666666666664    42539.66666666667    31328.666666666668    15751.999999999998
2802.3333333333335    3560.666666666667    5159.333333333334    4215.333333333334    4069.6666666666665    5253.0    3544.0    6087.333333333334    5211.666666666667    5765.333333333333    6882.333333333334    8916.333333333332    16276.666666666666    24266.666666666664    34219.333333333336    39890.0    35100.0    19936.333333333332
10019.000000000002    23802.0    34535.333333333336    41188.666666666664    32922.0    26994.333333333336    16651.666666666664    9669.666666666668    8167.333333333334    6834.333333333334    5922.666666666666    5535.0    4660.666666666667    4820.666666666666    5472.0    4204.0    4581.0    3830.666666666667
13563.666666666668    26605.0    40070.666666666664    40462.33333333333    36072.33333333333    24755.333333333332    12480.666666666668    9121.666666666666    7964.666666666667    8080.0    6010.0    6007.999999999999    5850.666666666666    4004.333333333333    2932.6666666666665    4637.0    3514.333333333333    4253.666666666666
15849.0    24860.333333333332    30835.33333333333    43940.666666666664    34276.333333333336    23652.333333333336    13306.0    10012.333333333332    8066.333333333333    8362.666666666668    6278.0    6614.666666666666    4412.333333333334    7034.333333333334    3840.666666666666    4818.333333333334    3284.6666666666665    4080.6666666666674
16499.666666666668    23859.0    34178.333333333336    35524.0    36687.666666666664    29987.0    16858.0    13327.666666666664    8365.0    5966.333333333333    5330.333333333333    3045.0    5774.666666666667    3164.3333333333335    3880.6666666666665    3247.0000000000005    3740.6666666666665    4467.666666666666
16336.666666666668    25479.666666666668    31254.333333333336    30275.666666666668    31280.0    23341.000000000004    23374.666666666664    12946.0    7465.333333333334    6244.666666666667    5632.333333333333    6844.333333333333    4623.666666666667    5014.666666666666    4021.3333333333335    4585.0    4348.0    3237.0
19781.0    20851.333333333336    30111.333333333332    30080.666666666668    29956.666666666668    26256.999999999996    17632.999999999996    13658.666666666668    9361.0    6458.666666666667    7296.666666666666    5330.666666666666    7847.0    4399.666666666667    4532.0    4037.0    3859.6666666666665    5038.0
12499.333333333332    15348.999999999998    23620.0    22822.0    20011.333333333336    17652.999999999996    15524.333333333334    11610.0    8014.333333333333    6361.333333333333    9458.0    9781.666666666666    12707.666666666666    10147.333333333334    11091.000000000002    10255.0    12872.999999999998    11356.999999999998
4024.6666666666665    3377.0    2970.6666666666665    4700.333333333334    4254.0    3245.3333333333335    4774.666666666666    6361.666666666667    6518.0    8671.666666666668    12696.0    16652.0    20468.0    21462.333333333332    22585.333333333336    23763.0    26478.999999999996    21268.666666666668
18811.333333333336    18390.333333333336    18163.0    23141.333333333336    23866.333333333332    18273.333333333336    14912.000000000002    19185.666666666668    15218.0    10419.0    5751.666666666667    5673.333333333333    4266.0    5561.333333333334    3721.666666666667    3385.0    4146.333333333334    4394.666666666666
9726.333333333332    10401.666666666666    16339.333333333332    19258.0    17577.333333333332    11890.000000000002    13058.666666666666    11081.0    15340.0    16378.666666666666    13751.333333333334    12275.0    8353.666666666668    9635.0    8051.666666666667    7978.666666666668    8522.666666666668    9091.0
3850.6666666666665    3761.3333333333335    3277.6666666666665    5689.666666666667    4555.0    4747.0    9968.999999999998    11713.666666666666    16630.333333333332    13838.0    13148.666666666666    11879.333333333332    11723.0    14653.666666666666    19044.666666666668    19092.333333333332    18549.666666666668    12836.0
3613.6666666666665    4734.666666666666    4513.666666666667    5959.000000000001    8741.666666666668    12454.000000000002    15515.333333333334    11114.333333333334    11353.0    10734.666666666668    11131.0    12392.666666666666    9740.333333333332    15608.0    18178.666666666668    17390.666666666668    18176.333333333332    14258.0
4877.333333333332    6164.0    6889.0    11952.000000000002    11369.666666666666    9648.666666666666    11026.666666666666    7797.333333333333    11629.0    9511.333333333334    7699.666666666666    11098.333333333334    10646.333333333334    12118.0    17110.666666666668    20347.333333333332    11956.333333333332    8445.333333333332
8532.0    9024.999999999998    12813.999999999998    10610.333333333334    11746.666666666666    8470.0    8972.0    8195.333333333334    9845.666666666666    8909.333333333334    8428.666666666668    8713.666666666666    9615.333333333332    10146.0    14660.666666666664    15364.0    11912.666666666666    11114.666666666666
8816.333333333334    9584.333333333332    16235.333333333332    17619.0    13954.333333333332    8274.0    8131.666666666667    9105.333333333332    11936.666666666666    9442.0    7560.0    9938.0    7667.0    8763.0    8170.333333333334    6971.0    6376.666666666667    7986.333333333334
7116.666666666667    10162.666666666666    11210.666666666666    15211.0    12764.333333333334    10712.666666666668    6206.999999999999    6124.666666666666    6724.0    6624.333333333334    7104.000000000001    7051.0    7862.666666666666    6351.666666666667    4983.666666666667    5522.666666666667    7601.0    5760.666666666667
3361.3333333333335    3314.666666666667    4212.0    4368.0    3525.6666666666665    3725.0    7469.333333333333    4365.0    7280.666666666666    12886.333333333334    15716.999999999998    18713.666666666664    13893.000000000002    17494.333333333332    22285.999999999996    21959.333333333332    20242.666666666668    17943.666666666664
16362.333333333334    21714.333333333332    21310.333333333332    23924.666666666664    21779.333333333332    20238.0    19186.0    21568.999999999996    10701.333333333332    9391.666666666666    4942.0    5998.0    5273.0    4418.333333333334    4955.666666666666    3645.3333333333335    3717.666666666667    4289.666666666667
18873.0    18026.666666666664    23405.000000000004    25047.666666666668    21481.0    27552.0    20096.333333333332    15970.0    9101.0    7147.0    6357.666666666667    5044.0    4156.0    5395.333333333333    4415.333333333333    2821.0    4720.666666666667    4419.666666666666
15185.0    21400.0    31130.333333333332    28931.333333333332    27843.0    22697.0    20943.0    12074.666666666668    7494.666666666666    6476.666666666667    6253.0    5877.0    4543.333333333333    5089.333333333333    4427.0    3448.3333333333335    4814.0    3874.333333333333
16424.666666666668    22471.0    24596.333333333336    34051.33333333333    26065.33333333333    20217.333333333332    16717.0    8724.0    7162.666666666667    7610.0    6724.0    4261.333333333334    4484.0    2794.0    4145.0    3753.666666666667    4409.333333333333    3840.0000000000005
17276.333333333336    24802.666666666668    32886.0    29754.666666666668    33441.0    26200.0    17488.666666666668    11102.333333333334    9654.666666666666    7299.000000000001    5948.0    5681.666666666667    4322.333333333334    5447.666666666666    3599.666666666667    3755.666666666667    3980.3333333333335    4201.666666666666
17162.333333333332    21058.0    36173.33333333333    31212.333333333336    30976.999999999996    25889.666666666664    20206.666666666664    10703.666666666666    8257.666666666668    6340.0    6536.0    5803.666666666666    4495.666666666666    5024.666666666667    3422.6666666666665    3349.0    5724.666666666667    3514.333333333333
11239.0    23691.666666666668    32575.666666666668    38183.333333333336    31306.666666666668    24559.333333333332    15188.666666666668    9145.0    9362.666666666668    7360.666666666666    4161.666666666667    5658.666666666666    4133.0    4725.666666666667    3645.3333333333335    4595.0    3556.333333333333    3748.0000000000005
10631.0    21556.0    36899.666666666664    40795.666666666664    33674.333333333336    24679.666666666664    15058.666666666666    13550.666666666668    8179.0    6770.666666666667    5614.333333333333    4107.666666666666    3894.3333333333335    3193.0    3702.0    4333.333333333334    3899.6666666666665    4255.0
4641.666666666666    3534.0    4904.000000000001    4691.0    3922.3333333333335    4300.666666666667    3177.6666666666665    4596.333333333334    5231.666666666667    7536.333333333334    7349.333333333333    12379.333333333332    13175.666666666668    26301.666666666668    39286.66666666667    38721.0    27988.000000000004    17930.0
10664.000000000002    19913.333333333332    30966.000000000004    39802.666666666664    35779.0    25087.333333333332    11580.0    9814.333333333334    8241.333333333332    8330.666666666668    4564.333333333334    5132.0    3819.3333333333335    3944.0    3965.666666666667    4627.666666666667    4095.0    5101.666666666667
10367.0    21030.0    31675.000000000004    44501.666666666664    35818.666666666664    20192.333333333332    9779.666666666668    10361.999999999998    7092.666666666666    6316.666666666666    6074.333333333333    4937.0    3838.3333333333335    4962.333333333333    4477.0    3527.333333333333    4973.999999999999    3631.333333333333
8926.333333333334    16929.0    33366.66666666667    45898.666666666664    39286.0    21203.333333333332    11068.666666666668    10316.333333333332    8523.333333333332    7156.666666666667    4817.333333333333    4215.666666666666    4658.333333333333    4618.333333333333    3338.6666666666665    4258.666666666667    3704.666666666667    5235.333333333333
