42960    106447    159663    137618    84025    50368
44270    83630    126656    115566    83422    54922
43664    96847    132043    129025    81621    39876
39584    84040    128354    125711    81071    51261
46543    95927    145428    161065    94041    41509
44569    91501    165160    141938    88247    39167
46896    98008    152278    142270    80450    48254
42392    83959    131467    157149    84983    44677
43707    85285    164729    157662    77686    47324
46826    92327    177837    154401    84335    54243
38969    89389    140869    137083    113849    61770
37645    45420    52704    61349    41120    30373
46326    82463    147347    148286    100059    47013
35057    92199    133792    149333    87167    50202
47449    85768    127948    135252    87861    36571
40708    87343    146467    121463    89713    63260
34214    111065    139146    142922    88083    48008
41378    98640    133695    143146    91037    48650
40751    89980    131221    152460    87193    46604
54167    86278    160245    127009    104508    51974
46213    89867    127399    131660    95640    52712
