5160    8499    3816    4625    5288    5019    7566    6674    11805    16682    26680    34893    56286    42162    25524    8467    10889    7753    14311    10126    20092    26478    30116    44286    38118    29960    14799    10231    8974    8559    7335    7148    5697    6032    6362    4669
4808    6621    4366    5048    8867    6647    5624    8930    12355    20058    22541    29767    30570    24186    24064    20828    6734    7612    10351    6991    17698    23585    25660    33899    27118    34170    13259    11313    7288    5716    12313    5642    4697    4797    5766    8577
2157    4114    6412    5347    7407    5429    6402    9803    11538    22969    22713    30860    36538    31499    22161    21512    6546    8807    11303    12668    17420    24622    26847    36663    32311    22344    19900    14440    6033    8025    4125    4436    5448    5217    2925    6135
2431    6161    4285    5344    6367    12412    9949    12418    15631    18617    27401    25293    27749    20024    22179    13950    14419    10521    10235    14190    20505    24319    25604    29537    20614    24538    19754    9391    9220    4169    12062    5484    5743    6235    8910    4360
5970    3637    6169    3277    6303    8550    5178    9203    15146    21206    22218    32173    27965    35456    31444    23107    20786    17804    14577    18720    21668    27147    26357    20460    31233    30092    22677    22696    8779    8507    7766    4920    5021    7042    7732    3527
4851    5458    4244    5078    8010    11132    9307    17036    16837    16278    29660    22178    27064    30010    25080    25701    15095    18126    8991    28179    27822    27054    24808    19801    22749    20338    21467    21101    12267    11620    11357    4626    6856    2573    4140    3688
4968    6314    5448    4560    9023    6185    10518    17511    18957    23364    24826    23169    12420    22514    23762    29787    18567    31997    18348    23879    18044    21417    23673    14083    17945    20317    22744    19167    19265    16971    8115    7560    7407    2825    5834    6672
3568    4578    7209    9321    5211    12392    18404    18359    16555    17665    16399    14517    15992    15749    21017    22066    21502    27755    30600    25564    24154    15982    14800    21049    21273    17678    18285    14886    12694    18478    12138    8478    6652    5458    3581    4618
3289    5093    5782    7471    14322    18343    15211    16623    12941    24706    10769    16408    18894    15459    19026    24461    22990    36759    31262    33571    22141    19487    12821    23128    20122    13991    11469    18456    20621    9511    16731    9582    6850    4269    8283    5551
3715    10281    12832    14142    15808    14885    18992    14452    22730    14273    22845    16085    15737    20473    22438    30191    21073    26405    27884    31445    26324    17451    16802    13773    14129    16092    14907    11381    18880    21293    15792    18085    7764    9770    5292    5548
9725    12907    15504    11472    15200    16616    18606    17960    20148    9040    20951    12794    22338    19910    23101    21527    12702    27897    20398    16553    21550    23367    16419    17622    15767    12355    15539    11990    13912    13684    11857    12526    12156    15756    11621    10459
9749    5195    9204    5301    6157    10849    6845    5892    6650    8571    5455    6265    6890    8175    10140    8901    8267    7061    8410    9993    4656    7575    8523    6288    6274    5838    5138    9541    7522    6444    4994    7311    8187    9959    8691    7700
10354    16042    13706    16027    12796    17175    15895    23248    15742    22728    20058    18522    18508    15197    15831    15362    16554    13576    18960    16373    17293    9955    16073    14049    21580    19637    18149    15504    21800    18000    11723    10795    12647    10099    14145    7391
10206    12327    15715    17570    12615    12150    9191    15227    16111    11031    16254    11815    15922    22577    21078    19289    20973    15501    19605    18426    22720    23492    23598    17325    12001    14246    13265    10722    7769    18701    12752    9277    15109    12472    11426    9292
5300    7405    13819    7562    12958    10005    14738    12228    8046    15438    16842    20579    17099    18625    13647    20373    22992    20797    24724    25540    19133    22354    18796    9515    15291    17505    13969    15641    12786    11105    13858    13615    9955    8361    7644    2604
6105    10694    6488    7664    8973    10265    16927    21185    17541    13280    13469    16185    12065    18093    19653    27353    27816    18810    31767    28808    20862    17737    13840    16921    14267    13384    20009    18365    14334    19643    8865    10888    6551    4471    5538    10138
4412    6667    6529    7807    5468    14705    14198    20557    17252    21271    16877    17632    22978    17370    17621    19306    17237    22323    23024    30183    22787    23976    17087    21054    20638    18127    15545    22597    19964    14444    9452    13361    6189    5961    4182    4657
9549    5352    7229    5221    6094    5784    9534    11358    31230    21498    24933    26365    23309    23782    24147    25882    22299    15571    16817    12382    27862    28415    17977    20644    19258    21299    17602    19298    11466    8813    8007    4658    3623    7048    6611    5629
4900    5930    4744    5559    6174    7495    8103    12245    19059    24286    22677    31587    24690    21805    24971    16447    19191    8930    10284    12274    26609    34076    29992    24122    22551    24872    21072    20478    14195    6919    5259    5515    5267    4680    5651    5600
4462    4959    7562    6705    8728    5838    8024    11417    17537    23688    25458    21834    24139    37204    33804    23940    22751    10372    12278    12727    25251    22777    31902    30396    31103    24430    27286    12581    9076    7262    7073    5022    5398    4277    10459    6461
6373    3588    7048    9250    7615    9760    9234    8818    12954    17924    25743    26556    46443    29636    21621    16815    9926    9744    6101    9853    14625    20459    30236    31098    32350    36350    22695    6822    10886    5722    8009    6493    7293    5290    3937    6224
