20291    42725    42331    46188
21090    42626    49013    46781
24187    54526    56713    39041
22675    33547    48869    39388
26686    46792    46494    41629
19505    32794    44674    33969
19515    39043    38648    26207
20039    23256    38718    31975
15734    22127    25465    22350
12053    28063    26706    15984
24934    33483    41467    36620
21920    40642    45131    40859
22737    38483    59580    43542
21119    46775    50478    33114
16050    38414    59844    36873
27824    53534    50681    46018
22889    50339    59879    37762
31625    57161    58501    43458
28570    51061    75339    38197
33485    52431    68759    44799
36870    70259    62125    37383
