3178    1650    3652    3900    5018    7080    11666    12811    14717    11138    21637    21896    20049    13143
3657    2488    3111    6945    7528    4771    8072    14265    22015    17511    17346    14533    18429    18839
16727    15504    13080    16036    14489    12564    19564    18791    15146    12960    6986    4150    5359    3111
13873    10647    11728    8507    9629    8308    15409    10722    15466    11940    13703    5756    4753    4038
14891    8197    11247    13913    14077    10511    12515    14830    9706    12120    9778    15743    8464    5609
10677    9374    5701    10256    11414    6304    8454    12760    8182    10004    9674    9211    13244    5687
6667    9269    9817    8296    12081    8041    10349    5826    6290    6101    9217    10996    6212    14251
8070    10419    9213    7738    6534    8379    4047    8458    11471    5673    6431    9252    6758    11545
8102    7783    6183    5419    5382    6783    7788    6160    4000    5591    4038    5464    4637    8346
2579    9576    5397    6737    6336    5024    7332    6729    6435    6242    4567    4720    6436    4696
8518    13325    7605    8863    11321    9360    11011    12926    10045    13388    6649    7237    9422    6834
5242    8529    9586    7563    11109    10116    13065    13267    13754    15384    13623    12413    8259    6642
9648    6160    9423    6436    11002    14394    8090    16764    20194    17138    12961    9930    9279    12923
12028    9974    12293    13802    11554    14265    13873    20151    13004    10311    7672    3915    4533    4111
3669    2175    1955    4575    4746    8589    8915    8256    22605    19717    20719    15003    14658    15599
24327    19688    12300    13299    19757    23978    15417    18597    9587    7297    4824    3373    3119    2494
24040    18575    19333    21092    15271    16762    17903    12162    8119    5472    2679    4257    2163    3041
18385    20933    11344    21073    18673    31699    20658    11874    7455    7626    6998    7262    2749    4016
27520    25465    25203    28334    16635    14678    18446    6328    9079    6039    4458    3840    2636    4506
24738    25057    36205    28768    26988    14997    7537    4541    6287    4784    8343    6215    3189    1825
30101    26323    37848    23532    23939    18336    9610    7684    7567    4524    5621    2184    2251    7117
