8036    4705    8045    9221    8936    5333    8923    8935    15914    9449    13385    30647    40902    56878    32353    22441    7271    6069    11263    9290    9509    7258    21288    39219    45956    46432    19938    19667    6382    5758    4848    9811    9977    6327    5087    9489
6664    4503    5140    5961    3578    5717    6500    9755    9640    16109    15599    38872    36053    31451    34930    22912    16745    19709    13172    14778    20499    26278    35405    37230    38827    35379    25202    12555    10649    13510    6485    6646    4178    8166    4652    4384
5483    4740    5079    3879    5246    7702    10058    9227    9230    19628    29616    32165    32410    37627    39388    35458    14738    16644    9562    11288    13912    22045    25280    37786    24891    36555    37161    22784    9831    15876    7723    5851    6969    5086    5163    5879
3849    3696    3821    5634    6084    9788    9666    9985    7209    15391    27977    30257    26060    30717    35333    21679    22623    12539    11846    10587    15971    25853    26326    31998    25139    27085    30994    20873    15750    10876    6821    9699    3014    4983    5349    5354
4471    3656    3919    5882    7561    8119    7824    10404    13234    17857    31200    23502    27065    25015    23579    30606    25592    19719    11905    14366    17839    31713    23329    32447    25359    27565    17746    27073    22507    17577    5928    6947    5488    4820    4090    6557
9263    3365    6297    11604    8324    3256    8365    14807    17683    26344    19339    22414    23323    23172    30060    29152    31560    19885    12889    16139    20977    25627    24647    23402    30370    20073    23087    33641    16233    19943    9507    5040    4595    11826    5949    5584
4695    6085    5878    4654    6956    9357    9758    14935    15539    27675    21804    19467    17443    19994    21293    30373    26514    32436    23034    28925    27948    20455    29682    20848    25793    24022    22994    20885    17224    13011    16375    8205    7509    7917    4364    7810
3565    6324    4695    7162    5859    11140    18163    18837    24437    19410    15704    16032    17222    23057    12128    15906    25750    21739    40358    36863    25972    17302    17158    18849    13564    14389    17117    16688    18121    19282    14452    10303    14044    6672    5643    4068
9231    6639    6644    10915    13873    14487    19353    15669    25060    12744    14972    17587    14114    12686    16055    21426    33522    29480    28780    27576    28991    27500    23234    17443    20379    13003    21516    18197    13610    10661    15630    14738    15964    9595    12722    7608
23885    20500    18009    15822    13797    16594    16410    13655    14590    19271    21736    25465    19651    21898    16267    26273    22932    25169    26990    25870    25014    26946    19218    15714    19032    23978    22422    21760    14983    10996    12589    10588    17016    8857    14525    11948
7319    8390    11598    11780    13359    8144    11604    14678    13000    17619    9458    8793    13252    14240    9227    13778    13877    12626    11344    10692    10610    7864    10582    12367    12212    8778    11903    9873    11655    11874    11078    10264    14776    9497    8699    6556
10157    10732    13303    14427    16675    12221    10206    11761    15514    16783    9260    18345    14933    23058    22735    27372    24426    21078    29023    22117    27462    22976    26167    24130    13924    18723    12613    11483    14025    16055    14149    14640    14508    10352    17058    12305
5689    4140    5077    15686    17552    15290    22271    14398    17870    17584    15366    16171    16425    14475    23791    21211    18704    23417    36430    34328    23638    21473    20140    18690    14853    16943    19717    16902    22324    14003    19233    21915    7156    10985    5437    5695
4445    7038    3658    4203    5289    5912    12807    22127    18890    14333    20339    19550    12921    19612    18009    18924    16174    22540    21271    20310    25243    19449    17701    21598    14876    20991    15983    13150    15927    16004    12970    10601    8263    8662    2963    10762
7252    3241    3017    10460    6378    6210    9468    14295    11918    23548    24890    20573    32657    25045    23466    32227    30715    17105    19802    17237    23793    17965    18844    19376    24005    18842    21949    33254    18702    13183    10937    7076    4151    5181    5156    7634
4283    3551    5184    8247    5390    7142    9474    7016    22273    20479    24219    27788    34708    25276    33457    22615    22640    12242    13444    12637    12600    28379    25004    19540    21045    18196    24870    20502    14426    11372    3534    4396    6000    6857    4501    3125
2140    4814    5586    3637    7997    5672    5904    10704    7571    11610    23573    26123    20667    39024    28296    20300    21728    11528    9315    12392    18437    19278    25288    20399    27018    29620    25074    16409    17423    12556    8379    5882    7332    5834    3078    4904
4756    6997    5300    5064    8453    5290    5534    6584    9468    15602    27005    27710    30883    31879    37170    23568    16672    9923    12007    9447    12011    24995    33364    37549    35863    33565    29602    21228    17668    8738    5457    5671    5887    5624    4692    3557
4205    3607    4842    2942    6859    5674    9600    8398    7454    19667    21910    25672    30684    33552    37775    28807    17418    15488    12955    6637    8970    14077    37189    31724    39986    25247    22519    17999    14553    13110    8138    5665    8376    4886    4274    5038
2669    4540    5137    5265    7305    3585    7450    9407    9282    15783    24042    34802    35719    36518    35120    18059    18113    6633    7944    14710    12680    16578    32125    29650    35066    36078    24891    17687    5834    7715    5428    5259    6354    3856    5139    5994
5856    6169    3494    5391    6786    7848    3328    6859    8364    17856    25322    34359    38701    41620    23092    23921    13158    12287    10939    9679    17960    20066    30733    40873    41893    30927    30371    21564    8684    8920    6456    3649    7512    3436    3221    3054
