51105    84818    158840    144723    103020    42436
55111    90297    153196    157111    98668    53450
48701    87581    142725    167358    116533    59062
37705    82128    137953    156635    109896    46509
36950    85189    149750    151728    121008    47836
42648    91195    152309    158364    118053    55173
44219    84411    167414    161408    104207    60198
42511    85002    146832    163221    87780    52629
43700    83429    161910    162229    106595    63741
36391    116072    170952    169711    127482    59762
34403    51433    88820    108734    77422    42554
41022    95928    143775    170375    112449    51147
39341    71305    177769    159688    109000    57876
38839    80622    114263    141608    100587    47576
53838    90340    138265    150537    111602    44970
46682    72060    134551    150128    100934    42057
37910    75240    126719    139162    97379    49082
37915    80075    147208    163023    114221    42341
32495    84676    131656    151393    114411    51266
44470    73438    136546    139909    105202    52852
43224    69453    145138    166252    108998    51283
