45296    118382    139492    157245    112948    56779
45880    98648    178196    174380    121107    55771
38833    83618    172818    170894    111307    61912
45021    112521    179008    185305    113228    56508
46902    105237    180390    158529    109997    68216
56544    103314    171522    169663    130047    56456
51126    113693    178119    196674    125568    44702
47951    113754    204055    207757    139048    44816
47310    107087    181677    201277    128976    77006
62951    129092    207031    190273    124656    53593
40584    51156    88693    90141    56476    43738
44302    118648    173110    194886    130031    72860
56347    111511    195049    214312    124436    55704
50500    101321    186492    177171    129758    62800
48892    104934    159231    190364    136813    62000
60271    90927    172790    172986    125607    49948
41539    93654    182412    201917    133497    61504
45365    105569    177314    177998    127393    73337
47517    89337    149988    176096    120820    64420
47898    107939    157667    169546    125768    67200
48522    108502    155164    194016    118637    44942
