6270    2766    3720    7869    10119    6002    5749    6494    8293    12737    14409    31661    60339    38837    40538    20718    13318    11444    8453    11242    12827    12075    23123    53186    54456    50711    28745    12390    6681    8402    7697    4807    8399    7710    12836    5119
3673    6891    6374    10691    6605    11441    7388    6938    10277    15164    30327    30505    39593    39275    37954    32656    21058    9844    12608    15017    11382    19453    35776    44542    34503    48092    39427    22342    15041    12342    4564    6575    5622    5793    8200    6049
7351    6996    8864    4694    7413    5370    6073    7428    11052    21727    30834    36729    31351    39035    35168    31232    13596    14989    11119    9777    13985    21912    34354    37420    33790    35443    36980    18924    20788    5506    6262    6158    8066    10890    3032    5074
5479    4353    2998    7181    4866    7242    11221    13042    13371    26345    30833    38877    35603    36800    45698    37600    29368    16436    6965    14353    15079    20720    37299    39711    33470    32674    32194    26159    17092    10075    7968    5614    9312    6475    4531    4587
5041    7277    8732    3077    6676    8492    8874    7178    15546    19883    26751    38368    43818    30883    30366    30786    25232    21898    12646    13986    21575    25545    26367    38129    24848    31925    26029    28223    24059    12774    9008    10355    7734    6051    7415    3724
8847    3858    4918    6789    8943    8722    10478    8112    11758    21352    26839    37677    29699    30686    23377    33655    31901    21369    19493    19288    21879    43447    30442    30826    27962    20978    27469    27229    25553    13477    13319    3689    12665    7986    9776    3088
2975    4859    6505    6724    10418    7183    9311    11569    21064    40520    28857    30648    22133    24628    25948    35021    25581    26852    20191    22853    25843    35996    28622    26349    22822    20491    31961    28421    30003    28762    15470    6984    8628    5436    5376    4878
8574    4475    5998    7747    12126    13400    19334    24072    37224    26730    20365    24199    26107    27589    28381    22695    27068    31834    44493    34743    35174    28457    19167    27246    24240    27533    15052    19503    26016    24315    20620    12794    12101    6462    4741    6806
4412    6312    9834    9542    23837    20592    22946    29014    17250    15301    13492    17289    21587    27408    26989    32671    32832    47012    37206    25900    30354    21172    19663    17928    25694    12810    22681    17314    19994    24731    13655    18245    28225    11792    11031    6618
19555    21981    18605    18680    16859    22320    18385    16157    16351    16117    24624    17408    20133    22613    27095    34854    33056    26381    22177    31776    24457    24202    24596    25482    16558    35003    15803    17643    16020    20983    15648    13868    15232    19837    19709    17428
8123    15420    7782    12812    8799    7371    6868    9871    9145    14078    8579    8366    12842    12226    11537    8430    10337    9372    11826    11065    8666    12941    11594    9041    10337    15023    10236    7902    7723    13240    10370    15708    8985    6613    7785    9775
6455    7312    18223    15850    18680    23372    14662    12919    17173    12023    11640    22131    14657    21261    29026    37138    32247    34844    31969    22979    28662    35898    25117    17702    20740    20326    17646    23414    20234    11213    19350    14489    17258    28926    15183    13118
5073    4960    6787    7480    8797    14324    24144    26483    30313    23119    20227    21912    20289    24879    33104    24915    34591    32975    39698    49925    35433    22406    22923    18648    23231    20556    12918    22495    23349    28011    22144    20219    11707    9053    6605    3666
4640    5519    3673    9615    8246    6938    9379    23803    25343    28499    25268    27124    22540    29778    21823    22082    25288    34412    40492    28608    30933    25311    26842    19489    28572    19805    21193    28756    23797    23404    23584    13157    5259    3074    5446    6350
5176    5811    7246    6101    8286    6966    6544    14339    19496    33024    29816    31624    30249    24755    23671    27804    28334    28317    30426    31686    24897    30392    31542    20169    24341    16612    29717    35922    19647    16964    15978    7331    6294    6719    10204    5834
2424    6817    3578    10903    5295    9302    6611    13140    13955    24993    35112    30369    33522    26606    38252    25799    22281    25177    12078    14531    13986    22406    35096    28292    34964    29766    33699    38187    19109    16167    5125    7406    7264    7002    5284    8031
10333    4342    5651    6615    8252    5379    6295    9936    13429    21223    35047    31252    37428    34141    38827    34818    21449    12243    11962    12938    23498    29402    40580    39674    40225    34549    31647    32619    16915    13862    11000    13486    6807    7908    6162    4629
6464    4145    5729    5842    5983    7075    7191    8346    19198    16086    24553    40006    41505    35406    35173    28086    31667    20478    9419    17800    20518    31765    39922    32544    37992    39923    33128    35612    12883    10374    5882    7129    6768    8842    7671    5871
3597    8137    5466    3486    4928    6021    5310    13308    8263    17484    30375    28428    51466    39985    42031    29508    23042    12475    8909    14782    12252    22765    27591    35517    42243    33312    30742    22788    14092    5732    8072    6167    8290    7304    7061    7249
5913    5725    7885    8820    6537    8466    9098    10987    8273    21820    31709    53757    46348    38933    38259    28435    19614    13217    10836    8725    11553    12516    32033    34967    50320    40029    32475    20456    13619    7943    6111    8368    6275    4311    6555    5130
3562    3641    6806    4803    4294    8689    10759    6757    9356    10714    28218    39621    47397    45011    33560    31210    20801    7894    9975    12130    17302    24378    35505    38479    41727    40753    32502    27439    13441    8136    8698    6682    8049    10558    5860    5076
