16576.0    28326.333333333332    66712.33333333334    81179.66666666667    73493.66666666667    41632.33333333333
15922.000000000004    22831.000000000004    48630.666666666664    77818.33333333333    75106.33333333333    46120.00000000001
17960.0    29396.333333333336    65322.666666666664    88377.66666666666    76699.33333333334    39328.333333333336
21082.666666666664    35152.666666666664    64454.666666666664    88480.33333333333    77120.33333333331    43743.99999999999
18947.000000000004    31864.333333333336    66912.33333333333    92426.66666666667    73460.99999999999    37867.666666666664
19371.0    25535.66666666666    61966.000000000015    92031.66666666667    75686.0    43650.00000000001
18523.0    31684.999999999996    63544.333333333336    92079.66666666664    82690.33333333336    34594.33333333333
16682.666666666668    28360.66666666666    64199.33333333334    91463.66666666666    83305.33333333334    43725.99999999999
19199.333333333336    27966.000000000004    63331.333333333336    87795.66666666667    74720.33333333334    43623.66666666667
17762.666666666668    26086.33333333333    50389.33333333335    78980.0    75872.33333333331    51020.33333333333
17580.0    22169.333333333336    45701.00000000001    66592.33333333333    72670.33333333333    42100.66666666667
21601.0    27901.66666666667    56824.33333333333    82531.66666666667    62999.99999999999    41516.0
18243.000000000004    25653.999999999996    57489.000000000015    77122.33333333334    65494.33333333333    38429.33333333333
17919.33333333333    23541.666666666664    52070.666666666664    66464.00000000001    64771.0    41934.0
18431.333333333336    23843.999999999996    48043.0    66941.66666666666    60334.00000000001    39600.66666666667
15801.333333333332    23601.999999999996    39657.33333333332    64570.66666666667    64968.333333333336    38145.333333333336
18805.666666666668    25710.0    43293.66666666668    72656.66666666666    67848.99999999999    46334.0
21057.333333333332    25956.000000000004    63322.333333333336    74440.33333333334    73989.33333333334    41229.66666666666
18019.333333333336    22985.0    43288.33333333332    68566.33333333334    67787.0    49022.666666666664
19938.666666666664    22223.666666666664    46233.333333333336    78553.0    73884.0    43074.33333333333
21385.333333333336    25119.33333333333    58920.0    74048.33333333333    84631.0    43202.33333333333
17838.0    33870.666666666664    68370.0    86392.0    79510.0    49077.33333333335
14606.666666666666    23166.000000000004    49034.00000000001    87985.33333333334    71976.0    48470.666666666664
14596.333333333334    22696.0    50224.33333333333    82794.66666666667    76439.66666666666    47770.666666666664
16178.666666666664    24219.333333333332    51868.666666666664    72549.66666666666    78248.33333333334    49168.0
21895.0    32911.66666666667    54628.33333333333    85733.0    78186.0    43168.333333333336
19264.666666666668    33431.66666666667    58965.66666666665    82355.99999999999    79879.33333333333    47469.66666666667
17682.0    24158.0    48255.0    79102.33333333334    79495.0    43736.333333333336
16402.0    20204.333333333336    52901.666666666664    74173.33333333333    79420.66666666667    51955.0
20074.999999999996    25336.999999999996    57898.66666666668    84788.66666666666    74623.66666666667    46214.0
16175.333333333332    20654.000000000004    49751.33333333332    75719.66666666667    78159.33333333334    48735.666666666664
