13956.333333333334    24093.666666666664    43261.66666666667    51512.666666666664    50817.66666666667    33002.333333333336    19090.0    11419.333333333332    6612.666666666667    10083.333333333334    8607.666666666666    6672.666666666667    4867.333333333334    4585.333333333333    5235.333333333333    5409.666666666667    5410.333333333334    3282.333333333333
5951.666666666666    7857.000000000001    13820.666666666668    15255.0    13568.333333333334    11880.0    6885.666666666667    6315.0    6505.333333333334    7197.333333333333    5715.0    9068.333333333334    15319.0    27385.333333333336    37187.333333333336    40143.33333333333    33412.0    22961.999999999996
16172.000000000002    25766.333333333332    45005.33333333333    51614.333333333336    47185.0    35753.0    22129.0    11071.333333333336    7233.0    8570.666666666668    7051.333333333333    8751.0    4588.333333333334    4446.0    4225.666666666667    6819.333333333334    4993.666666666666    5709.0
19823.333333333332    33147.0    42517.333333333336    50230.666666666664    48732.0    39389.0    23178.333333333336    14344.666666666666    9085.0    8855.0    7202.666666666666    5877.333333333333    4470.0    5341.666666666667    4278.666666666666    5701.666666666667    4035.333333333333    3825.0
19812.666666666668    32901.0    39828.333333333336    46549.0    41858.333333333336    38098.333333333336    26698.666666666668    15662.0    9181.666666666668    5634.0    6146.333333333333    8826.666666666668    5591.000000000001    4895.0    4866.333333333333    4166.333333333333    6017.666666666668    4745.666666666667
17976.333333333336    35759.0    38817.0    42685.33333333333    41456.666666666664    40830.333333333336    26125.666666666668    14957.999999999998    10953.333333333332    7668.000000000001    7248.0    5634.0    5635.666666666666    5010.0    4326.333333333333    5539.333333333333    4149.666666666667    3467.6666666666665
24652.666666666668    33838.0    39182.99999999999    38977.33333333333    39903.0    36695.0    30601.333333333336    17848.333333333332    10571.666666666666    6380.0    8256.0    6993.333333333333    6144.666666666667    4951.0    4413.0    4595.666666666667    4864.666666666667    4248.0
27282.666666666668    36047.33333333333    37649.0    36926.00000000001    36741.00000000001    33689.666666666664    33976.666666666664    23101.333333333332    12620.666666666666    10123.333333333334    5843.333333333333    6343.0    4561.666666666666    4440.666666666667    4164.0    5107.0    4449.333333333334    4671.0
26779.333333333332    27498.000000000004    32775.66666666667    33528.66666666667    33827.0    32635.999999999996    30198.666666666664    21922.333333333332    17426.0    12510.666666666668    7226.666666666666    7204.333333333334    6907.666666666667    7208.0    3891.3333333333335    4245.0    4799.666666666667    6051.333333333333
21009.666666666668    17560.666666666664    21369.0    24096.0    22720.333333333332    19443.666666666668    17523.333333333336    20786.0    16155.333333333332    14641.0    12685.333333333334    12979.333333333334    12530.333333333334    13065.666666666666    14491.0    11889.0    13019.999999999998    14145.333333333334
4605.333333333333    3692.3333333333335    3967.333333333333    5373.666666666667    6018.0    6237.0    7110.333333333333    6808.666666666667    10610.333333333334    21343.666666666668    24820.666666666664    26149.666666666668    20880.666666666668    23030.333333333332    23183.666666666668    25834.666666666668    24795.333333333332    22352.0
22910.666666666668    22069.333333333332    23735.000000000004    22161.666666666664    18087.333333333336    18161.0    14919.000000000002    18766.666666666668    16656.333333333336    23181.0    18399.666666666668    13120.0    8191.333333333333    9147.333333333332    13647.333333333332    10699.0    12886.333333333334    6635.666666666666
18720.0    18620.0    19745.333333333332    25112.33333333333    24683.333333333332    23432.0    14610.0    14491.0    14703.333333333334    18874.666666666664    19407.999999999996    17233.333333333332    17258.0    8743.666666666666    7237.333333333334    8049.000000000001    6284.000000000001    5226.666666666667
14448.333333333332    16867.666666666668    19910.666666666668    21199.999999999996    23295.0    17423.333333333332    13932.666666666666    12430.666666666668    14230.0    15711.666666666666    11667.333333333334    11849.0    16813.0    15041.333333333334    15127.333333333332    12955.333333333334    8899.0    4898.333333333334
15604.666666666668    15172.333333333332    14971.0    19986.333333333336    21042.333333333332    15357.333333333332    15750.000000000002    11709.0    13091.333333333334    11966.999999999998    13605.333333333334    12439.666666666666    10418.0    13490.999999999998    15692.666666666668    13805.0    11540.0    11551.666666666668
13766.666666666666    13528.666666666666    19804.333333333332    23032.666666666668    18960.333333333332    17411.333333333332    13895.0    15010.333333333336    12647.666666666666    10656.0    11028.333333333334    11258.333333333332    7939.666666666667    10661.0    12533.0    12124.0    11288.0    11199.666666666666
17250.666666666668    13922.000000000002    15935.333333333332    22056.0    19053.0    16965.333333333336    11415.999999999998    14392.0    15724.0    17454.0    14263.0    12700.666666666666    14225.666666666666    14693.999999999998    12627.0    14160.333333333332    11481.0    16329.000000000002
26198.000000000004    22918.666666666664    27325.0    27546.333333333332    29555.0    19506.0    22219.666666666668    21547.0    21366.333333333332    21093.999999999996    16935.333333333336    9690.333333333332    6621.333333333334    7148.000000000001    5566.0    5006.000000000001    4561.333333333333    5190.666666666666
3182.333333333333    5277.333333333333    4537.333333333333    4291.666666666666    3849.333333333333    4794.333333333334    5023.0    7518.666666666666    7755.333333333333    11189.333333333334    21362.666666666668    25871.0    25556.0    29732.0    27787.333333333332    29718.666666666668    27819.0    24403.333333333332
3714.9999999999995    3366.3333333333335    3945.3333333333335    4023.0000000000005    4066.3333333333335    5303.666666666666    7872.333333333334    6935.333333333334    6863.0    8330.666666666666    12481.333333333334    23395.333333333332    27438.0    32691.333333333332    34819.0    31606.000000000004    34756.66666666667    32298.333333333332
7872.666666666667    14902.333333333334    15295.666666666666    14287.333333333332    17380.333333333332    15169.666666666668    12847.0    10657.333333333334    8478.0    7127.666666666666    10998.000000000002    13489.0    17854.666666666668    27849.333333333336    30280.333333333336    30379.0    28819.333333333332    23618.666666666668
16778.0    24190.333333333332    34803.0    36410.333333333336    36014.33333333333    31828.333333333332    25028.333333333332    17903.333333333336    10154.0    9493.666666666668    7097.0    9644.666666666666    12255.0    11283.666666666668    16347.666666666666    12507.0    11314.333333333334    12005.0
4579.333333333333    3489.333333333334    3352.3333333333335    5769.0    4787.0    3642.6666666666665    5475.333333333334    6994.0    6291.0    8609.666666666666    10431.0    16741.666666666668    25897.666666666668    30726.0    41165.333333333336    42788.666666666664    39253.333333333336    35245.33333333333
4233.666666666667    4072.666666666666    4642.333333333333    3401.333333333333    4047.0000000000005    4242.333333333334    5221.333333333334    5998.0    6969.333333333333    6630.666666666667    8689.0    11863.0    23856.666666666668    37037.0    44221.0    44329.333333333336    45047.66666666667    30019.333333333332
5698.0    3517.3333333333335    4256.333333333334    4960.0    4112.666666666667    5265.333333333334    6109.666666666667    4728.333333333333    7895.999999999999    6022.666666666667    7432.333333333334    10820.666666666666    21231.333333333336    29236.333333333336    44312.0    52484.99999999999    43651.0    30497.666666666668
17132.333333333332    29501.666666666668    42524.66666666667    53581.666666666664    49307.333333333336    34061.33333333333    19404.333333333332    9978.333333333332    11499.666666666666    6751.0    8122.666666666667    5448.666666666666    4747.333333333333    5235.333333333333    4848.666666666666    4105.333333333333    5153.333333333333    5118.666666666667
14208.333333333336    23909.0    40458.333333333336    54393.333333333336    52656.0    43070.666666666664    22557.666666666668    10867.000000000002    8693.0    9632.666666666666    6450.333333333334    7723.000000000001    5569.666666666667    4804.0    3345.3333333333335    3909.6666666666665    4130.666666666666    4988.333333333334
5558.0    7747.666666666667    11520.666666666666    17799.666666666664    17711.666666666668    14423.333333333334    8145.666666666667    8319.666666666666    6520.0    7675.333333333333    8475.333333333332    7873.0    12552.666666666668    27922.333333333336    38057.33333333333    37172.33333333333    32685.666666666668    22268.333333333336
7689.666666666666    11409.333333333332    15243.000000000002    19933.666666666664    21923.333333333332    16083.333333333334    9844.0    6401.0    6435.333333333333    7812.333333333334    9279.0    10946.666666666666    16582.0    18577.666666666668    28331.666666666668    36875.0    31844.999999999996    19845.0
12962.0    21402.333333333332    40181.0    52834.666666666664    57097.666666666664    32871.333333333336    18077.0    10513.0    9516.333333333332    10223.333333333332    8179.666666666667    6826.0    5491.333333333333    6795.333333333333    4806.333333333333    3893.6666666666665    3600.0    3665.9999999999995
7180.666666666667    9325.333333333334    17503.333333333332    18110.0    18490.666666666668    11334.0    9019.333333333334    6997.999999999999    6737.333333333334    7771.333333333334    8649.0    6637.333333333333    14963.333333333334    22927.666666666664    30663.999999999996    38530.0    35822.666666666664    18531.333333333336
