10773.666666666666    18236.333333333336    28235.999999999996    40462.0    38309.333333333336    29592.333333333332    14769.0    10387.333333333334    7744.666666666666    8559.666666666666    6629.666666666667    3619.666666666666    4403.666666666667    4857.333333333334    4223.333333333333    3893.666666666667    5035.0    3967.333333333333
10722.666666666668    18437.666666666668    29134.333333333336    41411.333333333336    34225.0    26772.0    18449.333333333336    10096.666666666666    8033.000000000001    7739.666666666666    7314.333333333333    4560.333333333333    5001.333333333334    5385.333333333333    4864.333333333333    4689.333333333333    4001.333333333333    3684.6666666666665
9231.0    19748.333333333332    30251.0    33924.666666666664    30463.333333333332    24345.0    14124.333333333332    9038.666666666666    7895.333333333332    6560.0    6438.999999999999    5634.0    6012.666666666667    7113.0    5517.666666666667    4869.333333333333    6184.333333333334    5268.666666666667
3736.6666666666665    3757.333333333333    3245.333333333333    4267.0    4077.0    4795.666666666666    5453.333333333333    4008.3333333333335    6616.0    7446.333333333333    6648.666666666666    9183.666666666668    16407.666666666664    25447.000000000004    34941.66666666667    39230.333333333336    35759.666666666664    24536.0
5950.0    2794.9999999999995    4278.333333333333    3611.9999999999995    3938.666666666667    4206.666666666667    4281.666666666667    3781.0    6436.333333333333    6120.666666666667    9813.999999999998    9506.666666666666    20214.333333333332    28596.666666666668    43364.0    34990.333333333336    29756.333333333332    20041.333333333332
4524.333333333333    3781.0    5156.666666666667    3391.6666666666665    2831.666666666667    3955.6666666666665    5191.666666666666    6996.0    6493.666666666667    6616.666666666666    7513.666666666667    11912.333333333332    20723.0    24058.666666666668    32530.333333333332    39345.0    34925.666666666664    22203.666666666668
3184.3333333333335    4289.0    3508.3333333333335    4093.6666666666665    4682.666666666667    4773.666666666667    4756.333333333334    3953.0    5685.333333333333    6934.666666666666    7459.666666666667    10721.0    16573.666666666668    26587.0    34896.666666666664    31824.0    28239.0    23106.333333333336
3504.6666666666665    3841.666666666667    3615.0    3077.6666666666665    4612.666666666667    3684.666666666667    3360.0    6086.0    6729.666666666667    6162.333333333333    9129.666666666666    13813.666666666668    18834.333333333336    29830.0    35441.666666666664    34495.333333333336    26830.333333333336    25093.0
4272.333333333334    3340.6666666666665    3855.3333333333335    5157.333333333333    4580.333333333334    3325.666666666667    5154.666666666667    6136.666666666667    5201.666666666666    5521.666666666667    11679.333333333334    12360.333333333332    18090.333333333336    24891.333333333332    26091.666666666668    28576.666666666668    23738.0    26005.666666666668
3552.3333333333335    3528.0000000000005    2851.6666666666665    4662.666666666667    3337.333333333333    4100.333333333334    3942.3333333333335    5545.0    6287.0    6688.333333333333    12071.666666666668    21661.0    21861.000000000004    17184.666666666668    27299.333333333332    23367.333333333332    26027.0    21650.333333333332
9356.0    9467.666666666666    13078.0    9052.333333333334    9407.0    7772.666666666667    12865.333333333334    9285.333333333332    10199.333333333334    13096.666666666666    12074.666666666666    13628.0    13486.333333333334    13693.0    18938.0    17744.333333333336    16182.333333333334    13664.000000000002
16779.0    13147.0    16748.0    20793.0    21022.333333333336    15458.333333333332    18522.666666666664    14770.0    19110.666666666664    15442.666666666666    10109.333333333334    6340.999999999999    4950.666666666667    4897.666666666666    6307.333333333333    4489.0    4574.0    4255.0
14248.000000000002    13767.333333333332    16288.333333333334    25327.333333333332    17566.333333333336    15837.999999999998    13826.333333333332    15288.999999999998    13978.333333333334    13790.666666666666    15532.0    10575.666666666668    12770.0    6361.666666666667    4959.666666666667    7818.666666666666    5565.333333333332    4743.333333333334
12535.666666666666    13223.666666666666    19141.333333333332    15937.666666666666    20033.666666666664    12507.666666666666    9349.999999999998    11911.000000000002    12154.666666666666    9859.333333333334    11352.666666666666    12965.0    11013.666666666668    10532.333333333334    7709.333333333333    6154.333333333334    4483.0    4973.999999999999
9966.333333333334    11565.666666666666    14228.999999999998    16447.666666666668    15708.666666666666    11204.333333333332    7606.000000000001    10281.666666666668    9088.666666666668    8336.666666666668    8970.0    7471.333333333334    9646.0    10449.0    12143.666666666666    12621.666666666666    6625.666666666667    7461.666666666666
8311.0    7940.333333333334    15037.333333333334    13416.666666666668    14899.333333333334    12475.333333333334    6894.0    9588.0    8171.0    10409.0    7198.0    7464.666666666666    7992.666666666666    7937.000000000001    8313.0    9014.333333333334    10063.333333333334    7868.0
9829.0    6318.333333333333    15276.666666666666    17963.666666666668    16924.0    10150.666666666666    9613.666666666668    7922.0    8739.666666666666    7528.333333333334    6683.333333333333    8079.0    5687.333333333334    9582.000000000002    5697.0    7436.0    6190.666666666666    8675.0
9879.333333333334    10813.666666666666    9719.666666666666    9082.333333333334    10552.333333333334    7893.999999999999    7433.666666666667    8111.666666666666    7860.666666666667    7626.0    8683.666666666668    7653.333333333334    8671.0    12202.666666666668    13201.0    15132.666666666666    13483.666666666668    7736.0
3105.666666666667    3355.0000000000005    4274.333333333333    4940.666666666666    4873.0    3282.333333333334    6102.999999999999    5159.000000000001    8191.999999999999    13992.0    18550.333333333332    23285.999999999996    16265.0    18782.333333333332    19508.333333333332    22477.0    20520.0    18955.666666666664
3067.6666666666665    3548.3333333333335    4488.666666666667    4235.0    3947.3333333333335    3969.333333333333    4451.666666666667    6061.0    5376.333333333333    8206.666666666666    15317.333333333332    18113.333333333332    18492.0    22772.333333333336    24710.333333333336    24988.0    25452.0    23244.0
4009.6666666666665    2690.0    4517.666666666667    4183.333333333333    5232.333333333333    4648.666666666666    4350.666666666666    5337.666666666666    6721.333333333334    5809.333333333334    9365.0    16526.333333333332    21308.333333333332    24414.000000000004    26113.0    23694.0    22048.666666666668    24964.666666666664
2591.666666666667    4130.0    3505.6666666666665    3623.666666666667    3315.666666666667    3945.666666666667    3365.6666666666665    5070.999999999999    6041.666666666667    6471.999999999999    5602.0    13955.333333333334    19023.333333333336    29891.000000000004    27209.333333333332    31054.333333333336    30138.333333333336    23311.666666666668
13810.333333333332    25234.666666666668    28917.000000000004    30591.666666666668    31693.333333333332    21683.0    17359.666666666664    11193.666666666666    10901.333333333334    6876.666666666667    7534.666666666667    4891.666666666667    5131.0    5959.0    4371.0    5495.333333333334    4138.0    3153.333333333333
5922.333333333333    10408.666666666666    14736.0    16398.0    20126.333333333332    12931.666666666668    11031.333333333332    6362.333333333334    7962.0    6639.0    6152.333333333333    9554.333333333332    13738.000000000002    19289.0    19194.666666666664    16396.666666666668    16740.666666666664    20269.0
7934.333333333333    17121.333333333332    19394.333333333332    23408.666666666664    22693.0    21423.000000000004    14975.666666666666    6132.999999999999    6355.0    8877.0    8171.333333333333    6769.666666666666    6400.666666666667    7717.666666666667    13861.666666666666    17425.0    13480.0    8503.333333333332
15085.666666666664    21459.666666666668    33953.33333333333    41156.666666666664    36746.333333333336    20740.999999999996    15076.000000000002    11324.333333333332    8534.666666666666    10157.0    7423.333333333333    6363.0    4593.666666666667    3602.3333333333335    4029.6666666666665    5268.999999999999    5276.666666666667    3723.3333333333335
10521.666666666666    16535.0    30882.0    36690.33333333333    39023.0    26806.000000000004    18516.0    8697.333333333334    8915.0    9349.333333333332    6194.666666666667    4674.333333333334    4012.3333333333335    4603.0    3832.3333333333335    5638.666666666666    5243.333333333334    4414.333333333333
9748.333333333332    19916.0    33958.33333333333    43594.0    39396.666666666664    24047.666666666668    13577.333333333334    12441.0    10759.666666666668    7460.0    7026.0    6254.999999999999    4418.0    3988.333333333333    4996.666666666667    4189.666666666667    5704.333333333333    4490.333333333334
10562.0    15694.666666666668    35449.333333333336    41739.66666666667    37113.33333333333    30137.333333333336    14423.666666666666    8812.666666666666    8433.666666666666    6205.333333333333    5600.666666666667    7842.0    2952.6666666666665    3836.6666666666665    4538.333333333334    4711.333333333334    3911.3333333333335    4169.666666666667
9385.666666666666    13972.0    27709.333333333332    41480.99999999999    41418.66666666667    32434.999999999996    14651.999999999998    10922.666666666666    6862.666666666668    8091.333333333332    6525.999999999999    5390.999999999999    4819.666666666666    4767.333333333333    4931.666666666666    4010.0000000000005    4356.0    4097.333333333334
2782.6666666666665    2643.0    3582.666666666667    3855.3333333333335    4765.666666666667    5226.666666666667    5116.0    5529.0    4265.333333333333    5784.333333333333    6842.0    7380.666666666667    13264.666666666666    17213.333333333332    39329.0    43891.333333333336    35486.99999999999    22078.666666666668
