17531    14738    14788    13908
13410    10018    10636    6390
11002    5766    9903    10274
8359    12507    12745    10988
9114    6158    7118    14873
8546    6091    8260    8381
10687    7395    10875    10695
4043    8458    8316    8439
10111    7970    6262    5058
7987    5019    4439    6968
7935    6055    2919    2603
3061    2980    3388    3166
2285    3331    2126    1592
2275    3699    3018    3204
2640    1963    3580    1365
4378    5771    1638    2365
7107    7186    6052    2900
8613    5538    6543    4100
9815    5531    5014    7426
7783    6392    10173    10664
6687    7237    9924    9538
6734    10764    6795    15241
14401    12977    8705    7867
8050    10031    9386    7066
11009    13150    7653    9214
10332    18212    13455    11607
12422    13818    14123    17067
13787    11833    12299    13237
15992    18819    10334    11671
18338    14385    13328    14975
12065    14974    15825    13948
