9180    16495    24791    10499
9140    10574    11441    9299
7096    8840    14227    6782
4774    13948    14575    11302
4804    8737    10452    13270
3824    7620    10877    8957
9030    8531    13713    8378
5175    9145    7662    7274
4898    8091    12067    4345
4583    5896    5135    8799
2735    7052    5650    4075
2467    4176    4114    1838
2186    2395    1484    3269
2459    4844    3386    1507
2261    2912    2431    1944
2462    5139    4059    2492
3575    5593    9638    4439
5436    6444    7889    5025
5460    7291    9945    5090
6698    9852    11314    7148
4416    6999    16746    5225
4754    10379    16598    7803
7960    9778    19280    6932
5523    13041    9380    6589
10057    10941    12011    8017
7803    22818    15911    7074
7713    25359    13225    11133
8819    8146    20078    14113
9775    15867    15282    15892
10871    15617    18040    16498
8712    15980    22709    9411
