13860    48406    60258    42400
24998    49287    53739    35919
24012    44753    56487    35515
26514    48141    57086    31878
17197    43443    48450    37766
18583    34684    47216    27255
20203    39956    49274    34911
19970    31748    41657    26470
20316    32859    32508    26018
26517    29213    31105    21930
21038    32370    26863    21111
21318    55329    49539    34567
23656    41654    53828    33596
27634    49304    57870    43490
25899    46770    65532    39854
21099    38865    51917    38140
19667    48296    57473    35255
22075    42002    60621    34230
24854    53743    61393    33591
24821    52744    55117    30590
31533    53107    55955    42468
