2208    3405    2967    2937    5138    6309    9550    11833    15064    18429    22824    21458    20133    22669
19245    13325    16996    21863    20786    15626    15452    9297    7299    5132    3050    4291    6892    4689
13556    8647    11048    16388    10948    20247    17795    16830    15406    12786    5132    3887    3066    5031
11861    8492    12398    14576    17119    13408    14583    13045    17367    14695    8310    6199    6698    4868
9104    13551    10009    8340    9554    12286    9254    13913    13192    13278    12180    6364    8538    7293
7784    6138    8265    11427    9391    10518    7114    13347    8882    6369    15708    8758    5567    8470
8455    16951    15321    13493    10292    14311    14169    7727    8034    8971    4829    8387    8928    4476
10425    12307    11406    10676    8937    12205    9606    10126    6422    3109    8035    4531    6900    5160
19615    9212    11309    7758    5577    9433    6136    7792    6105    5721    7497    6517    3249    5780
13924    9676    8737    10038    11875    4323    6496    5128    6906    5841    10069    4662    4282    6808
5190    5985    5865    7943    7585    6628    9779    11279    10667    6940    6266    6324    4443    6488
8240    10413    9301    11710    11034    10598    16983    16524    18705    11274    10528    9587    6507    9349
2917    7053    7741    5753    12128    8891    12289    16721    14519    14367    9730    10985    15348    14292
4271    3198    5108    4565    6116    16977    19647    16050    24488    15700    17194    13894    15125    15965
3002    2413    2296    2931    5195    11862    14872    17684    20385    17029    22415    22527    23662    11782
3253    3314    3644    3556    3016    3248    6933    11264    20473    21705    24750    15850    15498    13517
2049    2096    5088    3636    4470    4034    5420    6459    17729    25309    25894    24520    15263    18724
2107    1802    3796    5089    4259    6486    4554    9368    14250    25216    21085    20791    18337    21788
24282    23753    22545    26515    23626    16660    9815    7227    3310    4020    2037    3192    2652    3947
28300    29640    23007    21329    20960    11115    6425    4312    3149    3455    3518    4403    1913    1746
31164    21799    26146    25550    20866    14191    10490    3806    4546    5459    4176    8038    4185    2647
