11796    11080    25506    43391    36939    21222
12032    9563    33029    39914    33579    18546
10461    13945    23777    41607    25482    17663
8902    7655    20300    27919    26382    15881
10061    17344    20645    35116    22937    13829
11676    14008    29062    36465    18036    13580
10282    14209    31851    35978    25034    12668
12561    14776    23723    31148    27143    14574
10349    13577    13817    22987    23592    11909
12334    10825    26432    29315    33903    15611
12508    11604    17000    25130    23639    18328
13309    12494    22086    33957    28639    15532
10952    11441    19580    24906    20782    13191
10360    12779    22310    30523    19508    14565
8891    12709    22341    24377    21702    11825
10671    11286    20441    22040    18703    16821
8960    11309    15702    23124    18402    14723
9483    10795    18315    18019    12870    10325
12768    11521    16118    20879    26199    14820
12474    16041    22996    33181    21866    15216
10107    15574    23351    30606    18974    11659
10118    16689    23819    31689    30258    16405
8134    12549    19749    26466    22373    14312
9124    14975    27901    29270    25678    13853
9801    15821    27035    36116    25677    12021
12856    16449    28782    22579    29062    15090
