3134    2923    4283    3914    5296    4223    3114    3688    5299    6291    4320    7238    19931    29208    28211    18861
2733    3565    3356    2867    2778    3555    3504    4223    6478    12472    17820    19717    17678    17501    13381    15035
3571    3285    4100    4025    5405    5109    6081    3680    5077    12141    8951    17750    12781    16777    11084    13118
3622    2994    3452    4030    4759    2574    3559    3627    5164    5751    9429    11668    10331    11176    14176    10727
3534    3475    8540    2961    3186    3638    5693    4485    4125    7920    12761    13815    11134    12746    10244    11675
15624    13617    13175    13496    9657    13083    8591    6678    6895    5527    3813    2498    2783    2263    2875    2252
12848    12294    11256    9736    15803    13070    11382    12324    4333    4539    5985    2661    3954    3539    2559    3739
2775    3057    4832    4115    3578    4727    6543    5793    7196    10826    12559    12420    12989    8518    11756    12241
6827    5926    6652    2596    4432    3759    8451    4573    4851    6508    6627    8447    8489    6358    5261    6474
5503    4063    4659    4461    4509    4475    8732    8196    12867    13206    10255    10479    7771    9025    11414    8805
3347    3609    4177    3171    4550    8892    6153    7691    8379    7400    12362    7360    6331    7208    9215    8364
7765    8421    13909    6175    6642    6825    10892    11255    7849    8593    7542    4160    8069    5167    5954    6799
1886    2564    3178    6911    7867    12532    7054    4547    3772    5136    11086    6418    6549    4632    9787    6933
10288    6966    9453    6698    4899    4133    7721    6751    3553    4360    6151    9434    9024    8328    7334    4952
6398    9628    6673    3637    5350    5437    6477    7040    4684    6273    9431    4460    8539    5109    7297    5412
3968    6006    7443    8319    7727    6563    4068    7885    6778    3980    3852    6242    6744    6276    7150    6961
4439    3819    4033    3597    5709    4637    6935    7617    7227    5063    2846    9176    7658    8053    7898    3513
4978    6324    4628    5179    3418    5963    2869    4845    5380    5967    7130    4953    4988    3159    5620    4406
5671    3013    8124    5939    8539    5555    7951    5394    6301    6834    7942    7408    4903    8218    5667    4846
5925    6328    3303    3218    4231    8278    5888    4855    10233    9349    9740    9152    12659    10341    6298    11976
9257    6717    6511    8722    5960    7182    8479    11062    16777    7906    3876    5975    2568    3584    3806    1889
5852    3799    5698    7961    6511    7034    4508    9475    10884    9340    10301    10365    6595    12644    5422    12589
3406    3934    2990    3315    4223    3706    6156    3841    9572    10078    9641    10163    10018    11415    7658    3467
11725    12432    9574    12931    7618    12443    12098    9761    6698    3865    3348    4018    3032    4249    3554    3455
18454    13477    10860    13489    11607    16572    7552    5713    4659    4776    3461    2687    2268    3100    2954    4842
11911    16411    9215    14501    13803    11523    11398    7869    4710    2490    4476    3430    2957    2573    3922    3629
