22717.333333333336    20890.333333333332    40308.33333333334    67340.0    58784.99999999999    41992.33333333333
19039.000000000004    20241.666666666668    39512.666666666664    62161.0    62796.333333333336    34601.666666666664
24525.999999999996    19184.333333333332    37428.333333333336    68127.0    73768.99999999999    39156.666666666664
21619.333333333332    21652.33333333333    40603.66666666667    72447.66666666667    74425.0    34781.666666666664
26036.333333333343    21455.333333333332    40377.66666666667    63578.99999999999    64940.33333333333    35639.66666666667
19016.0    20725.666666666668    33382.66666666667    61365.66666666667    62525.99999999999    38948.666666666664
20252.0    16795.666666666668    37122.0    54295.66666666666    58644.333333333336    34289.33333333333
16945.666666666668    20091.666666666664    41578.0    71328.66666666666    66677.33333333333    36875.00000000001
18028.666666666668    18888.666666666668    41697.666666666664    70231.33333333334    65154.333333333314    37721.0
23352.000000000004    17342.666666666668    39958.00000000001    60624.0    55541.99999999999    32670.000000000004
18153.33333333333    20864.0    35262.333333333336    58544.33333333333    56361.66666666667    32782.333333333336
20435.333333333336    22553.0    34897.666666666664    56264.00000000001    57603.000000000015    31225.333333333336
22391.999999999996    18431.666666666668    32364.000000000004    55430.0    54941.0    32648.999999999996
17343.0    18681.666666666668    31625.33333333334    54465.333333333336    46391.0    33729.333333333336
17037.666666666668    18043.666666666668    28080.0    48628.666666666664    51600.333333333336    25105.000000000004
19426.0    21623.66666666666    28130.333333333332    39553.66666666667    40331.333333333336    24095.333333333336
15606.666666666664    13882.999999999998    26230.999999999996    37338.33333333333    41763.333333333336    28176.0
26279.333333333336    23469.999999999996    34994.33333333334    61643.000000000015    53438.66666666666    34877.0
23247.333333333332    16870.333333333336    27493.000000000004    52818.666666666664    49292.666666666664    35759.333333333336
19960.333333333332    17063.333333333332    27573.333333333332    52789.66666666667    58114.666666666664    31889.666666666668
16038.000000000002    18571.666666666668    25077.666666666664    55065.99999999999    68328.33333333334    40532.666666666664
24131.000000000007    20518.66666666667    29906.666666666668    67336.33333333333    62556.99999999999    37342.99999999999
20466.666666666668    17531.333333333332    31967.33333333333    58206.66666666667    58305.33333333333    35460.333333333336
19382.333333333336    18468.333333333336    30295.000000000004    52019.00000000001    63422.0    40193.99999999999
16581.333333333332    14327.999999999998    33209.0    58121.333333333336    65232.0    35923.666666666664
17670.0    16829.666666666668    27094.333333333336    55459.333333333336    63382.99999999999    34072.0
20699.999999999996    21689.666666666668    46676.333333333336    60167.33333333332    60543.33333333333    31574.66666666666
25094.66666666667    25846.333333333336    44320.66666666667    67092.99999999999    60340.666666666664    32550.666666666668
21723.333333333332    19524.333333333332    30750.666666666668    54523.666666666664    65030.00000000001    43457.66666666667
19624.0    17331.333333333332    29736.666666666668    54461.0    64491.33333333333    36471.666666666664
19335.333333333332    17695.0    29002.666666666664    60137.666666666664    63462.0    39180.66666666667
