8330.333333333332    16698.0    23700.0    35973.33333333333    38429.0    37172.66666666667    20104.666666666664    11445.666666666666    8756.333333333332    7713.999999999999    7266.0    6468.0    3760.0    4631.333333333334    5163.666666666667    5445.999999999999    5469.0    5505.333333333334
6134.000000000001    14380.000000000002    17092.333333333332    24582.000000000004    21440.0    23108.666666666664    14325.999999999998    12265.333333333334    9961.666666666666    5186.333333333333    8697.666666666666    6043.333333333333    6153.666666666667    6617.333333333334    13939.666666666668    17680.666666666668    17594.333333333332    13149.333333333332
9134.666666666666    13316.0    28644.666666666668    41492.0    40935.33333333333    35561.0    18670.666666666668    13209.666666666666    10506.333333333334    7561.333333333334    7242.999999999999    5294.666666666667    5057.000000000001    4563.666666666667    4529.333333333334    4369.0    5377.333333333333    6725.666666666666
9748.666666666666    17349.666666666664    30038.333333333332    33202.0    36230.0    34362.33333333333    25954.333333333332    19384.666666666668    9642.333333333332    9682.666666666666    6788.0    7084.333333333333    4813.666666666666    4024.0    4001.333333333333    5197.000000000001    3175.666666666667    4850.666666666667
9578.333333333334    17489.666666666668    26565.000000000004    32133.333333333336    33487.0    32865.666666666664    24270.333333333332    14770.666666666666    7253.666666666666    9551.0    7507.666666666666    8112.666666666668    5188.0    4501.666666666667    4701.666666666666    6222.000000000001    4623.666666666667    3206.3333333333335
5819.0    10479.0    13439.333333333332    11482.0    11554.666666666666    15622.0    13407.666666666668    10355.333333333334    7117.666666666667    6273.666666666667    6921.666666666667    9479.666666666666    11506.0    16060.333333333332    21671.333333333332    24595.666666666664    23451.333333333336    16728.333333333336
3113.6666666666665    2536.3333333333335    4396.333333333334    4310.333333333334    3830.6666666666665    3796.9999999999995    4811.333333333333    5495.666666666667    5883.333333333333    6955.333333333334    6054.000000000001    12414.666666666666    15987.666666666668    23362.666666666664    28992.0    27198.333333333332    31560.666666666668    30699.0
10465.0    17551.666666666668    19865.333333333332    21480.333333333332    16261.999999999998    16892.333333333336    20011.0    17610.000000000004    10996.000000000002    7971.666666666667    7538.333333333332    6617.333333333333    6264.0    9166.0    16510.333333333336    18337.666666666668    16202.666666666668    13754.666666666668
15481.666666666666    16116.0    20538.0    16847.999999999996    12409.666666666666    15459.666666666666    17155.333333333336    19697.333333333332    17877.333333333332    9999.0    8901.333333333334    6645.666666666667    7700.333333333333    8838.0    13425.666666666666    17010.333333333332    16113.000000000002    11505.333333333334
16326.666666666666    18528.666666666668    17820.333333333332    19902.0    28166.666666666668    20503.666666666668    19016.666666666668    19587.333333333332    14209.333333333332    14391.333333333334    9305.333333333334    5907.0    5588.0    4566.666666666666    3601.0    3511.3333333333335    3572.0    4984.666666666667
15268.666666666666    17064.0    17319.0    17613.0    21393.333333333332    16614.0    14205.666666666668    15810.666666666666    15769.0    15576.999999999998    14401.333333333334    11396.666666666666    7200.0    5631.333333333334    4313.0    5069.666666666666    3510.6666666666665    3810.9999999999995
10585.666666666668    12828.666666666666    14926.333333333334    22288.0    24707.000000000004    17391.333333333332    13640.666666666668    14435.333333333334    13003.333333333332    12543.0    15594.333333333334    14359.666666666666    8722.0    6257.0    5905.666666666667    6328.333333333333    5310.333333333333    4151.666666666667
11806.000000000002    8444.333333333334    11275.0    13717.0    18332.666666666668    14266.333333333334    18525.0    15737.999999999998    12778.333333333334    14854.666666666666    10185.666666666666    10676.0    11628.333333333332    9686.666666666668    10311.333333333334    8844.0    7990.666666666666    7147.666666666667
11340.666666666666    10829.666666666666    11946.666666666666    20066.666666666668    22065.333333333332    15655.333333333332    13815.0    11232.999999999998    8463.0    10384.0    8869.0    8178.333333333335    7768.666666666667    7994.333333333333    9485.333333333334    9393.0    8599.666666666668    6147.999999999999
10713.666666666668    6976.999999999999    13521.666666666666    16624.333333333332    16010.666666666668    13374.666666666668    11736.333333333334    9677.333333333334    10230.0    7246.0    8643.666666666666    8555.0    7558.333333333333    7832.0    6912.999999999999    10819.0    11260.999999999998    10801.666666666668
8207.666666666666    8002.999999999999    10093.333333333332    13632.333333333334    16150.666666666666    12858.0    9419.666666666666    7119.333333333333    11178.0    8507.666666666666    8062.000000000001    6404.666666666666    8423.333333333334    7485.666666666666    10376.333333333334    7376.666666666667    8461.0    11401.0
8695.0    7707.666666666666    11139.666666666668    15990.333333333332    17422.0    13877.333333333334    10843.333333333334    8987.0    7815.0    5850.666666666667    9215.666666666666    6070.666666666667    6412.0    5039.666666666666    6562.333333333334    6230.0    7440.333333333333    7699.666666666666
17761.0    13798.333333333336    16472.999999999996    20968.666666666668    26952.0    16515.0    17148.0    18064.333333333332    18431.666666666668    16044.333333333334    11793.333333333334    8041.333333333333    6780.666666666667    5310.333333333333    5247.333333333333    4882.333333333333    5090.333333333333    5400.333333333333
6681.666666666667    8269.333333333334    7829.0    13794.0    11897.666666666666    11654.666666666668    9730.0    7439.666666666667    8461.333333333334    10851.666666666668    9127.666666666666    11997.666666666666    13444.0    14971.333333333332    15806.666666666664    13979.666666666666    14512.333333333334    15033.000000000002
3724.6666666666665    3147.6666666666665    3427.0    4215.333333333334    3377.666666666667    4540.666666666666    4000.6666666666665    5064.000000000001    6039.666666666666    5230.666666666666    8199.666666666666    9866.666666666666    19098.0    24959.666666666668    25324.666666666668    25916.666666666668    28263.000000000004    22994.666666666668
2981.666666666667    3091.6666666666665    3177.6666666666665    3871.3333333333335    3846.6666666666665    4250.0    5109.0    6332.333333333334    5423.0    5734.666666666667    6617.666666666667    10230.666666666666    18443.333333333332    27708.000000000004    31200.666666666664    26829.333333333332    30403.333333333336    28363.333333333332
8017.666666666667    10995.333333333334    11369.0    12200.333333333332    12196.0    11730.0    14422.333333333332    7687.666666666667    6916.666666666667    8225.666666666666    7585.333333333333    8372.333333333332    13117.333333333334    18029.0    24124.333333333332    25352.0    20927.000000000004    20524.666666666668
3189.6666666666665    3852.0000000000005    4642.333333333334    3709.333333333333    3261.666666666667    2954.3333333333335    3923.0    4809.333333333333    5402.0    6318.666666666667    6445.666666666667    7775.666666666667    12973.666666666666    20089.666666666668    33843.333333333336    34926.0    34905.0    28916.333333333332
2919.0    4855.333333333334    3597.0    5179.0    4453.666666666667    4613.0    4991.333333333334    5074.0    4657.999999999999    7301.333333333333    6414.333333333334    8215.0    11356.666666666666    19593.666666666664    32233.000000000004    37357.333333333336    33884.33333333333    27084.666666666668
3233.0    4415.666666666667    3478.666666666666    3573.6666666666665    3595.333333333333    3475.666666666667    3466.3333333333335    4117.666666666666    4857.666666666667    5056.0    7673.0    9678.0    13180.0    20578.666666666668    33115.0    36182.0    37516.0    26203.000000000004
3744.6666666666665    4139.666666666666    3066.9999999999995    4329.333333333333    3886.666666666667    3187.0    4125.0    4103.333333333334    6389.0    5525.666666666666    5624.0    8463.0    11124.333333333334    19189.666666666664    25639.333333333336    39443.33333333333    37271.0    25256.333333333332
8949.999999999998    13088.999999999998    24055.333333333332    37003.666666666664    41659.0    29529.333333333332    22283.666666666668    9515.0    9116.333333333334    8885.666666666668    7545.333333333334    5490.999999999999    3784.0    3605.6666666666665    3962.0    3580.666666666667    4051.333333333333    5244.333333333333
9040.0    13748.333333333332    24546.0    39710.0    42971.666666666664    31686.000000000004    21878.666666666664    14326.0    9078.666666666668    8406.0    7373.333333333332    5714.000000000001    4641.0    3912.0    4955.333333333333    4665.666666666666    4263.0    4330.333333333333
3700.6666666666665    3718.0    3153.0    4774.0    4359.666666666666    3568.6666666666665    5352.333333333334    5303.0    5873.0    6692.333333333333    7219.999999999999    6926.0    9963.666666666666    16893.0    37095.66666666667    44735.0    38453.0    27228.666666666668
3772.3333333333335    4559.333333333333    4119.0    4680.333333333333    4183.666666666667    3146.333333333333    5307.0    5282.666666666667    4369.333333333333    5685.666666666667    7785.0    9929.333333333332    8563.666666666666    15019.666666666668    36342.666666666664    42429.333333333336    34845.333333333336    22095.333333333332
3959.6666666666665    3548.0    4073.333333333333    3857.0000000000005    4785.333333333334    5143.333333333333    4122.333333333333    4786.666666666666    5458.0    5509.666666666666    6218.333333333334    7843.333333333334    8894.666666666668    16137.333333333334    31295.0    43708.666666666664    40067.333333333336    29405.333333333332
