27686    20970    35828    88751    99160    78663    32299    33219
34521    32167    44403    77475    95065    79701    28742    26446
30033    28697    36924    94643    106871    72513    34375    25248
30851    28036    36777    71786    103825    85892    32761    28666
22141    40097    65236    108662    110476    66530    23191    28639
26724    26531    43852    86176    104634    72026    33182    30124
36072    26174    32981    83526    105301    79003    37484    32673
33576    27453    49072    81568    78838    59552    28944    31901
32265    31450    44504    96172    97987    50966    34125    31788
36177    29184    66129    68691    75391    64207    30427    32251
29196    32402    51273    95687    95589    57657    26648    36226
27493    23319    35892    77194    82978    47991    33361    26409
36430    31758    35964    77540    77829    46475    29426    36138
25755    29968    38494    70232    85433    49212    23908    25967
37955    43709    49320    69767    76993    57385    30914    35193
27301    18510    21560    45375    46499    37934    17287    25245
20616    23463    35995    52876    42614    39947    14869    20289
36984    28259    55665    85102    81374    53994    26440    24815
37483    28120    55375    90231    91049    74244    32437    37844
32094    29555    46702    79078    79538    60262    28962    40316
33846    30352    60237    91816    92122    59446    29911    32884
32319    22784    49497    102407    105253    76479    29528    31223
34172    31197    46114    80775    98888    56829    31100    28424
26468    30747    47440    98597    91609    73221    34423    37588
38028    27241    58747    81597    91894    61491    24556    26817
29903    32067    56592    81718    92945    67388    33499    35161
35284    35863    57906    92083    91258    56890    33748    37609
38231    26743    53485    97494    91002    79792    32750    31089
33985    34890    47166    90028    88861    69962    30818    29762
32200    23708    58897    100571    90282    68589    30142    37525
24193    30619    28263    68372    83834    63890    31768    35251
