2565    5818    5793    8840    4695    5107    9280    10274    10607    6509    8317    7125    9431    33533    47394    57592    53482    56984    46116    27114
7567    4741    4561    6728    4307    6841    6326    8960    10556    9995    8425    15236    15511    26403    46770    53437    57889    52570    39697    32000
4742    4654    8253    6151    6984    5100    8972    8023    6942    11603    9031    13065    14991    26801    58796    51783    55710    54553    37335    35815
5440    5270    5008    2852    8150    5791    4681    6480    10392    7959    13559    12187    15097    33155    37366    54577    52242    58500    52248    27640
15759    25182    44221    52433    43561    40035    51494    48777    41804    16326    17474    11270    8535    8860    7690    6236    6439    6562    7996    4318
5298    5893    4919    4313    6605    7139    5490    10544    9480    8496    9263    19031    25643    36421    40461    46741    50682    54082    50316    22432
8091    2894    8114    7001    6430    7267    4855    7991    12653    11178    9813    14843    26123    34566    54102    53298    45138    39992    38089    40776
14623    15411    20390    44192    63071    64958    35424    26096    18315    13981    11168    8354    6028    7851    7194    5547    5988    5183    7500    9630
31602    40683    42923    28749    28806    36536    28690    29553    33347    32636    18700    10767    8011    8003    8866    4435    4940    5359    8017    8634
15563    14662    18545    43317    63740    68797    24179    29358    21865    19016    14114    11589    9037    5597    11078    9367    4527    5569    6584    5953
24626    25778    25365    28842    53326    57198    33404    25349    15023    24098    19007    19574    13470    8134    8448    14019    8025    4560    8863    7569
7798    4959    6652    6618    7438    8615    10535    17490    21185    26287    33195    22082    19800    23530    26492    22757    24405    18576    21346    24877
19762    19629    17831    22693    24900    21645    15455    20742    24259    14283    19421    17408    20234    23940    22460    19607    14859    10376    13348    8708
18526    16648    17446    21088    31239    32761    20580    16233    15009    19896    14517    15702    10241    9305    18369    18185    17510    20324    9344    6046
14217    22917    14301    33030    67255    79926    45426    19655    15727    15076    11274    8819    6145    5519    5270    4233    8939    9812    5488    8207
16334    16432    9442    13419    13219    7795    11415    11140    11512    9980    10018    10719    12841    16370    13491    8168    12481    10835    14538    9562
10673    17705    15281    12729    13429    11239    9858    15752    10934    12136    12359    14484    11651    7475    15482    13507    10509    11962    13142    10362
36806    38328    33365    21047    38442    21355    23748    26845    21589    25683    27884    14769    15059    11339    7075    4684    8067    5078    5281    6189
27448    23671    19624    50432    67821    55911    40860    20087    21889    17387    21366    11637    17247    9098    5170    8204    7419    7115    9791    4606
11194    19090    17854    33454    63204    68965    48622    19067    22406    17630    15653    11701    7097    3549    6736    7068    6162    7477    4340    5238
17802    19654    39400    43709    37651    44542    40153    46373    40667    14231    19265    12051    6243    8938    5157    6442    7028    9479    5184    6645
18580    24690    38203    53371    57085    50785    48881    42297    24118    15106    17742    10997    8000    9114    5938    6151    3443    6436    3543    5010
14578    15555    31926    46840    48228    42502    48170    42585    25772    13552    15271    8503    7343    7464    6539    6026    5801    4804    9635    6405
13900    18068    38197    46760    55777    59833    42453    39526    29421    15925    13150    8268    9307    8242    6678    6058    7654    5307    9445    6124
10070    16549    29559    48848    60041    54613    40380    30135    25058    17563    12487    9634    8053    8149    4954    6823    6957    6789    6656    7053
19290    24706    18678    40829    63921    70272    42118    20378    24781    15828    19255    9377    7521    5364    7777    9603    7428    4701    6956    10490
17495    15433    26757    46447    55248    67453    54702    26166    24251    19468    17405    6900    6178    8388    10933    8685    9356    7641    4119    7616
17581    13699    25914    50750    62960    65179    55978    33795    23142    21013    11292    13366    7786    6472    5161    6838    5916    7073    9875    6796
15372    17086    22850    41919    64244    63642    45396    28384    23333    17764    22356    7586    8405    5361    8538    5586    7920    6342    7564    5824
14448    20976    31220    50930    60009    54779    49951    37171    21677    19496    14206    16247    7548    7829    4044    5927    6247    6249    6198    6762
4040    6314    6423    3667    6350    8644    5734    5947    12713    5724    8538    13257    17076    19405    30160    48947    65994    45412    25756    26089
