2065    6150    2125    6284    3795    8608    7626    8453    12980    19936    24752    31818    26029    26513    17119    15018    12352    11303    11504    10831    12323    20432    31830    28065    37475    21739    15801    10703    7109    8378    2318    5930    3506    3480
2741    4360    3918    2116    6297    9867    4935    5336    11607    17397    30952    38495    25653    27050    19788    16740    14145    14412    8711    9791    12465    21779    24172    31782    29104    28407    26959    10543    11819    3915    5123    5673    5268    1919
2325    3995    3494    4753    5805    5640    6118    7631    15301    17176    24630    23417    27805    35677    20127    17527    13557    7829    4442    7913    22774    22758    21114    29898    31655    30575    17315    17477    10504    5222    1623    3835    5083    2890
3154    1636    2300    6491    3798    3850    3668    7683    12484    28838    24625    22642    20767    24483    26092    14812    7379    7874    7676    8897    17524    32543    33456    18770    23522    27184    17795    14816    7714    3958    6063    4992    7223    3046
3116    2032    2801    3882    5237    9296    6387    6414    17350    23116    23838    25689    18317    22493    26896    19140    16740    9887    12130    13549    14902    18371    27402    24059    23481    20776    23746    10173    6085    5857    4936    4257    4306    4802
8647    4173    5002    5984    3336    9532    12592    12361    14469    21075    26289    20965    21849    21501    22083    22745    15901    12531    15379    15535    18725    25377    30245    16783    19132    15528    23413    12441    12631    4905    5777    5660    8133    3572
2714    3597    2666    5864    3225    8555    7478    12703    17215    20193    20776    20320    18530    15206    20534    25845    16821    14865    17262    13945    16486    15550    22319    16993    17662    20853    19323    18950    14356    6894    4706    6080    5647    3211
4634    4813    2362    4139    6259    5725    8533    9877    18099    18523    14627    22465    25019    19260    23137    19801    21457    20415    18023    22583    24553    22202    17307    14524    22999    15838    16299    23621    9493    14683    7111    2446    4257    5453
2345    6490    3253    9225    9587    13580    12262    13077    19494    21664    11440    12757    10338    9704    11686    22353    24393    34830    25866    25536    12772    14299    12768    16471    8214    11143    5219    17014    10562    10236    13096    11944    8140    7004
6650    5354    9569    13999    9676    10031    10558    10623    9284    8453    8434    8727    12125    24017    28474    15091    14869    18985    17961    15083    11992    27143    15839    15943    11515    8990    9476    9598    7857    12985    14532    11048    9833    13336
5499    7910    9857    8982    7884    8289    10703    7166    17527    14414    18424    14460    12926    13040    14022    14709    13194    13277    12552    15970    11268    20490    12536    13674    17812    12303    17345    13743    11985    11464    7945    9029    7324    6526
9029    8360    8440    10400    5860    7239    6800    5697    8555    8790    6004    4799    6695    5373    8305    6498    8399    6927    6600    4260    6012    5316    3713    4654    3089    3634    3172    6690    4426    5745    4112    8055    5068    6850
9438    9634    6731    8551    7995    6185    12870    15330    15880    10751    16239    15165    15780    10254    12695    13782    12726    9980    5389    11061    9215    9396    9600    13264    8120    11319    11227    13307    10101    15584    10420    9077    6264    7048
5391    4741    6935    8921    7149    14655    16732    11807    11283    12699    10133    14645    7376    12250    16550    12587    9597    14901    12576    14780    9579    17884    12854    11741    11135    11119    8501    8595    13094    7782    10740    4893    14350    9655
5685    6674    9221    15901    10624    11666    9486    9748    15853    9357    10273    11762    17396    18914    10411    20265    17927    16387    17376    16003    19133    14970    15743    14717    13548    15239    14666    8931    10416    9847    10713    19166    4443    6699
4812    3967    3790    5280    10153    18936    12953    18003    10508    15959    9917    12136    13194    9547    9433    17173    22550    24022    23878    16885    17244    15832    14729    10711    12856    18323    13923    11263    16002    19217    14706    9765    6297    6664
1721    6250    5018    4237    5162    9804    10197    12222    18967    14133    17255    10755    17228    16637    19239    18828    23246    26305    20853    16747    18051    19457    16048    16018    15155    14688    20500    10412    17588    14286    12180    3509    3157    2689
2943    1986    3435    3440    2568    5963    6010    9982    22837    18109    16894    16301    20223    16071    23845    20279    17994    15002    10065    13729    19463    24757    22300    15353    17752    26248    21446    12835    11907    9244    3504    6309    3634    2409
2483    2203    2563    3837    2483    4585    3798    6622    15197    16354    21428    22483    18217    37374    11550    25538    13237    8889    8722    12756    18077    20764    24607    20787    26173    27112    12752    16715    7907    10533    2464    5085    3560    3643
3927    3317    3499    3265    4212    5128    4625    4028    10037    21702    28238    22579    27297    20556    23839    16865    13372    7163    5376    10086    17297    22450    14745    24732    18711    20331    19570    12075    9581    4697    5984    2568    3275    1720
4499    2561    10494    3064    4460    4230    3606    7036    9267    10986    35980    27799    18236    27950    24303    15863    11693    10511    9321    12854    14674    23238    20451    26601    28758    24947    29199    7656    8402    3215    5346    5848    3544    2034
