84761    140646    157909    91034
102446    134923    157523    98347
90676    159056    148420    79733
93561    141659    132590    89945
81545    157460    124706    97752
100065    141759    161424    91023
94887    135506    141040    85911
83635    154760    163890    88252
77528    137513    147705    96016
84375    136422    141434    75819
81662    116369    135079    81139
41787    70713    67592    33474
71357    116486    105941    76594
87273    125125    90592    74640
89558    128645    138839    82118
91956    138291    142801    77580
112458    135989    120379    89716
78927    140259    134346    91305
77379    134389    142705    86025
83428    122364    123171    87884
86377    127969    146589    97691
