20491    38959    55736    65561    37066    19135
16604    29452    47134    76767    47822    27748
16150    26524    47783    53125    32151    16172
16509    27647    47867    54307    48385    18602
16663    22734    50764    55360    44922    19922
17117    27319    46101    60398    45642    21468
11824    16080    34325    50060    37935    19719
14032    27465    46748    56681    28916    15642
15649    23953    32308    45596    34534    22290
21044    27962    39310    29142    32881    26861
23598    23779    43387    43633    45392    27867
12803    27304    36693    57366    39005    27462
17237    27934    41749    57282    57471    34121
17161    22183    43917    67830    42621    19557
18682    27973    39459    49280    40130    23952
18114    22084    44753    53785    48284    27499
22424    35746    64866    66913    39882    20646
25582    34197    55913    68011    46241    18543
18360    40043    51142    63756    43047    15846
16329    33793    73165    72987    43825    17477
18365    34118    59749    68685    43312    18705
