23221    23438    25903    24657    26914    25702    21062    12868    15043    8745    3755    5948    3650    6100    4860    5082
18763    23447    12447    26089    22761    17504    26109    23164    17708    22165    8495    5529    6582    3536    6583    4645
15882    18126    14174    10814    18103    13550    12622    14460    18746    14734    15190    6232    6201    4590    4815    3666
6780    7686    3884    7215    9826    14112    16976    21806    20545    12948    14075    14824    16800    14790    19138    11912
4462    8268    10045    10802    22972    17624    23989    11016    11978    14986    15069    10544    14308    10694    12151    11457
4670    7766    12369    15380    15664    18627    16906    16348    19525    15756    14401    10453    17210    7923    13207    11840
14510    11182    13291    9589    6258    10297    8714    7517    5933    7647    8699    16750    11157    11111    14669    12619
17091    14758    13766    19843    12122    10253    8573    14545    8595    8593    10876    8086    9293    9700    13600    9790
13103    13672    15596    12522    8745    14096    12748    8041    12177    7726    10391    6978    6006    10651    6998    14880
9192    11130    13526    11040    11707    12552    13998    11819    8992    12068    12763    11168    9856    9625    11438    6326
11422    9607    11452    10133    11189    13423    13899    16183    11378    16393    12086    12669    18581    11782    16671    10788
8078    7106    8083    9116    14746    15476    12201    14574    16016    18542    12532    12284    15055    11141    12809    12874
3459    4561    4866    5440    5056    7908    14923    16567    23816    26185    31061    20762    14217    24252    17411    15310
21555    16185    21427    12798    17165    13042    13387    18358    16088    16362    13339    8227    10305    4950    7114    2967
15858    19215    15014    17589    14320    16284    19909    20041    16974    5964    4885    9578    7471    4129    4213    8032
20762    19240    20204    21706    20555    14464    22532    19045    15822    5067    6268    4341    6364    7447    5094    5608
24913    25145    20621    28784    18325    30907    31195    15240    11549    7152    7974    5422    6172    8956    4553    3569
33688    21475    28432    24932    23642    30722    16571    12153    8954    11566    6294    9490    4391    5433    6722    4022
27805    26035    26374    27101    22275    21375    23138    9834    6379    7315    5152    7014    6482    6877    4025    5013
33240    35007    27865    29649    32164    24594    17947    11031    6554    7237    4062    7332    5664    6504    5902    2824
32199    31725    30463    22971    32393    19513    23033    6069    7656    9560    5604    4607    5653    4901    3603    2984
