43267    29845    31457    76147    89630    78840    42939    27414
22456    28483    41442    82494    101885    64293    33360    28363
29253    26368    42881    78978    86828    79932    36410    28361
40039    25478    30672    86313    97051    100988    33728    41299
35046    21273    45062    80263    122924    68372    42180    29317
34434    25514    37535    71291    105130    83319    33855    34050
34437    17471    32728    94038    104144    83911    35513    23986
28576    24936    34522    85249    110909    75691    35094    29585
35148    26694    44755    81730    107624    65563    32836    29276
34142    28319    41555    74474    81557    68363    43050    32745
38567    32315    44159    80357    85802    59162    23968    30901
23755    25461    32233    53849    85417    57701    31701    29908
23654    31804    39862    71376    73424    55774    23046    20350
28450    29181    49503    75398    87107    53752    22813    37725
30442    24121    29325    46737    56280    54022    21004    22742
30921    33470    45316    78300    85933    57414    34137    31600
22440    27601    40844    90317    86487    60022    25730    39805
35163    32844    41292    72168    97919    67836    24813    28087
33629    24797    46513    92576    103708    55372    37186    24198
41438    33354    54683    99106    110647    77480    25436    33199
41252    23759    46135    104976    111556    65544    17994    30054
36248    29685    54887    82244    77387    56582    26975    33071
31169    34792    49383    90199    106271    55379    36152    25817
28366    25197    43095    85612    98662    76054    37636    23614
33596    27063    51090    66743    95233    70819    31859    26230
32707    35858    42225    78401    89233    63146    31604    29639
33618    29719    51953    88333    93131    75829    31975    32804
36158    25961    33622    75542    78644    71980    27759    26484
39720    28279    31221    75753    97455    82763    30923    27898
39264    25529    37368    88756    93907    69329    39912    27980
39740    27685    35929    71571    89904    75850    42024    23232
