5572    3860    4866    7582    6975    5072    5819    12225    10741    15484    12900    10984    11983    25913    56669    52838    62408    41608    35383    30657
4229    7124    5496    8701    5027    5136    8488    10931    7744    8655    10955    9897    17386    28863    52133    58679    50258    42598    39759    20717
4529    3974    7508    9849    5068    11037    8254    8511    8012    8925    10504    11579    13528    30622    41464    44946    52714    51317    53390    23280
10230    5491    4545    5998    8071    7597    8243    6709    7219    10052    13252    14081    19807    35236    48693    65898    51352    50783    48971    33340
15769    23216    37150    39237    49990    29942    40509    28258    19237    11206    21475    12949    19120    17320    14643    13550    14954    12255    16272    7385
6310    4457    5283    5513    5749    6301    10203    9202    7921    11322    11074    11648    22795    37449    46661    40762    43132    55057    52556    31733
4355    4488    5297    4960    6275    7414    5442    5840    9702    8784    12899    20050    27679    39079    46408    36927    49929    44309    37774    48617
6539    5596    3732    9317    7528    5475    5380    11394    9901    8169    9500    18737    31530    33642    38679    49679    51514    37615    45821    34814
6508    4111    9622    7395    5331    5558    6039    7701    11185    13191    12252    30061    48216    43191    34596    33228    33322    39609    37822    34688
9154    5591    5120    5956    4391    5974    4353    11738    9047    11846    12892    26707    21801    24822    37661    59636    66920    37216    24845    18535
12976    13573    16264    56078    68672    58491    32887    22074    21430    17048    17395    6851    6530    7712    6985    5089    7549    6319    7343    3965
23215    21321    16283    16052    21163    17756    23580    27518    26830    24162    23920    21412    16840    13635    11167    7129    8969    8057    7232    3784
22164    18831    17318    14202    12914    14292    24007    17638    22624    24926    21108    24289    18082    23761    16031    10070    11423    5823    11282    8505
16734    13463    17877    30877    60497    34688    33081    16298    20786    12323    11865    13501    16814    17073    9863    15118    10859    10168    8291    13753
12221    16953    14473    17154    14033    16464    9878    17689    10979    14813    12663    9871    10408    15149    11831    9629    14991    17965    19691    17818
23356    16990    20474    52816    62701    60522    33140    20037    19239    12818    11311    7930    6793    5913    11163    5908    6903    7598    5710    5769
22965    30229    27569    20086    20628    41490    31417    37322    29099    25003    15222    14347    8493    15045    10539    12872    8359    8657    8870    5034
37106    29517    29355    32235    34902    27551    27532    32123    32895    27666    18519    12694    11328    7456    9589    7282    4629    7368    7047    3328
17175    30288    31422    40708    34701    39676    35914    46077    33304    18286    15711    10588    11802    6272    7493    6909    5742    6015    8614    11282
29707    36783    42651    42653    37134    52142    37189    52882    30436    21787    14380    10595    7910    8943    10135    8404    9356    7522    7438    7296
15643    28153    46093    51692    44693    56232    43446    33101    20973    14337    16209    8344    9215    8523    7839    7079    6323    3741    10186    9448
17538    15998    28629    60918    67339    55702    30216    16865    18780    14914    15761    9082    4692    7336    5610    6365    5569    5158    5297    5310
17178    20678    44475    46683    55001    46665    47722    31588    21766    19088    18300    9942    8626    6911    6123    6836    4415    5800    5274    6091
8923    5884    4093    4335    6575    8068    8605    11964    4722    8060    13569    13062    18800    31659    46709    46797    54573    54956    39256    27626
5976    5517    8245    5732    4589    5273    9278    9199    9756    8099    9989    17271    20768    17672    35704    60757    63566    54578    32232    18432
5780    5955    4826    10201    9471    6187    7113    7381    13848    9368    10681    12299    15064    20265    42273    61298    54771    45748    32207    28077
19517    17224    46139    54711    60732    41348    40055    31192    24916    15591    20146    14027    6181    9183    4294    10268    6687    5744    5322    4085
4233    5539    3949    5185    6444    5979    4880    9164    11935    7383    10904    16453    16261    13450    37442    61082    67797    42270    29366    16434
3237    6923    4581    7206    9398    6644    5210    6938    7368    5465    10549    13304    19162    21797    39904    59926    65246    56194    36809    28151
6629    6324    9258    4771    6149    4362    7611    9638    12425    7355    12942    18372    21681    19404    52808    61456    58676    54917    28774    18493
5542    7244    6208    7616    6570    7302    7232    9152    8379    9440    7337    12343    13124    20411    42944    64332    68290    43868    36111    22490
