21832    33122    74247    82328    59025    23879
25562    27657    73901    90875    69980    41797
20902    29142    67175    92350    73169    28663
23466    34919    75759    89567    68862    39714
20827    37608    60768    93434    82809    32502
26646    23037    67084    98167    65740    35452
24324    30410    85458    75875    74620    33089
27026    27551    89028    83231    81585    36655
27199    34250    74730    77693    61624    31201
23501    38624    79549    91313    48227    22365
15867    27178    40801    36872    35767    16693
10007    11047    9070    15227    9030    12211
19163    33549    69740    70868    61056    34215
13713    10140    9903    14607    13129    8470
25360    41881    72673    78664    53021    22447
22190    29117    52872    69055    52461    24106
23119    33805    82432    79282    65891    26081
19616    49261    79513    71264    63414    19747
26880    47502    99906    97516    47028    30763
35647    63635    101024    110689    62158    23095
26336    43678    107050    107003    64016    41385
28667    55191    81126    78302    61021    19956
34826    52547    105585    99891    63332    21185
31174    48496    80699    82624    61672    30675
27550    37104    84177    91852    74499    25558
23524    50981    85895    95726    68138    23524
33993    53069    88315    80576    69909    31229
32067    46833    88017    84039    63422    32017
24352    44097    93252    99192    74567    29193
25212    41678    79128    91476    64253    33215
20502    57828    93929    83000    54541    30382
