8942    11327    34382    60875    50913    27364    14008    7682    15390    10545    9547    8037    5156    5618    4284    5193    4187    10983
4033    6063    2901    4158    2558    4450    8503    10764    9101    10979    12474    13420    19062    35432    50739    55323    52848    26964
5034    5723    5032    7144    2670    5269    3528    6363    8892    12259    7748    9885    18671    29872    49031    52179    49916    32185
4273    3298    6880    4153    6751    6314    10161    4725    9299    8416    10586    13597    16737    33827    46679    48779    43438    54374
4005    5453    3853    4028    6123    2721    4082    7941    11873    13447    10527    11482    22200    34850    45932    54464    52424    32543
2444    4405    2416    2899    3570    4229    6903    6790    10877    11083    9163    11427    35878    42417    39720    40504    41426    39975
4411    3405    7990    5460    8203    5992    7521    7933    7862    4619    12391    15343    16025    23632    57754    61287    48394    25554
3269    3111    6029    5182    5222    5540    7278    7939    6260    13879    8875    18630    27303    22734    51586    59582    64797    27860
4035    3757    2813    7760    3756    5371    7884    10907    12851    10872    14432    30150    30271    34353    25110    37124    28896    36355
35218    29830    23156    20502    21219    22700    21129    18865    31208    26815    12406    8406    6659    6696    4399    3532    3499    7340
16373    11600    11264    11582    10444    11778    6826    9494    15549    15372    12350    7793    7506    7052    2903    3330    7633    4329
2013    1933    3097    6437    2454    3507    3530    2704    4067    4138    2348    7228    4001    3880    4776    2519    3849    4111
6837    7343    11212    8001    9001    18236    18692    21418    19587    22100    15503    18297    25196    15390    23016    15730    22512    10520
2103    3278    3707    3583    2183    2292    1752    5518    5944    6173    4903    3125    2911    3965    3731    4743    6661    3390
13032    12828    20761    22240    20221    17527    15542    9747    18292    14762    20632    15772    17225    11185    13850    18222    19065    13143
24100    18740    16536    15885    18175    14443    16127    10932    12354    10771    16637    9241    7558    11185    12840    9441    13932    10904
16836    21259    17870    15153    11598    12872    20630    18529    23631    25146    19692    21844    16922    18224    12001    15092    12890    10421
11015    10725    31316    62265    52140    38565    15638    14597    10478    17010    9002    3469    6952    5130    5136    4179    2835    2363
21966    31956    24234    40799    45947    33301    36529    21715    21975    15722    13524    8006    7794    9047    5556    4325    2960    4239
27098    43768    42258    40662    28659    49375    40046    37846    23350    18842    5854    6489    3814    9033    3058    6405    5030    4661
19114    39084    50754    54372    46568    38371    39085    31012    13558    8499    6633    9499    6376    5442    4534    4604    7208    4755
11952    11698    37290    64529    60317    37203    20043    11220    13366    10495    4665    5683    4001    5907    8641    6125    2854    8274
15783    37997    46973    52735    35833    57430    34994    18235    10690    14734    10057    7575    8789    4639    7454    4934    4030    4484
7307    8420    35365    65972    66735    39070    25260    14351    14794    7962    8176    5564    5232    11179    5716    2949    5581    5707
9106    25063    49483    54980    56209    35123    25863    11560    11621    7779    6863    5246    4911    4446    10946    5897    8956    6688
11208    20763    38140    54123    57616    43367    33810    17964    13554    7388    7072    7481    8264    5524    5721    6608    4927    4258
13870    11568    44293    61847    57299    47447    20490    15526    15138    14081    7683    6983    5650    8950    5654    4700    8070    7842
11768    23525    37450    58562    53931    47783    26199    17779    11100    7054    8581    4087    4428    5407    10347    6897    5739    5758
11294    20607    45117    61354    55536    57298    27818    17362    14292    9097    8191    5430    5469    5026    4744    8942    3318    3758
7942    3693    4415    3043    4432    4653    8621    7252    5138    11815    11204    7444    15015    37583    56043    63182    52640    30847
16135    18590    46415    52226    60802    44868    19555    17512    12706    10701    8093    6326    2492    5618    4418    6481    2795    4449
