17066.333333333336    21592.333333333332    54926.33333333333    77631.66666666667    78763.33333333334    51194.33333333333
16010.666666666666    19603.333333333336    41766.666666666664    75119.33333333333    83865.33333333333    49078.333333333336
19660.0    28606.333333333332    65047.33333333332    96474.66666666667    81260.33333333334    47883.333333333336
16803.333333333332    21157.0    47321.0    77774.0    79287.99999999999    46493.99999999999
15733.333333333334    19005.666666666664    42288.33333333333    73549.0    81493.66666666666    54846.333333333336
17761.66666666666    20249.33333333333    44874.33333333334    81646.66666666667    76580.33333333334    48606.333333333336
15426.666666666668    20348.333333333332    49365.66666666667    75342.66666666667    78476.66666666666    50310.666666666664
19306.666666666664    19099.000000000004    44691.66666666667    75921.33333333333    77033.66666666667    46267.66666666666
18878.333333333332    30681.666666666664    57220.333333333336    85411.66666666664    70927.33333333333    40067.33333333334
18276.666666666668    21739.0    39378.00000000001    68116.33333333333    67552.0    38159.666666666664
18076.333333333336    20858.333333333332    43642.66666666667    70839.66666666666    68465.0    44335.0
20796.333333333336    17663.000000000004    40828.66666666667    64066.99999999999    67429.0    45308.666666666664
17898.333333333332    24635.666666666657    55023.66666666668    68140.33333333334    61585.999999999985    39736.66666666666
16584.333333333332    23278.33333333333    43219.666666666664    68560.66666666666    65709.33333333331    40249.666666666664
17149.0    19972.666666666664    42648.33333333334    65047.0    65994.66666666667    44727.333333333336
17957.333333333336    21049.333333333332    40057.99999999999    57690.66666666666    58559.33333333334    34452.33333333333
21540.666666666664    23268.33333333334    49375.99999999999    75652.0    68442.66666666667    45491.00000000001
21850.333333333336    26669.000000000004    50606.999999999985    66507.66666666667    64955.333333333336    37475.333333333336
19375.000000000004    26679.333333333332    63905.000000000015    84804.66666666667    79691.66666666666    44760.33333333333
19118.666666666668    27485.999999999996    57868.66666666668    85104.66666666666    78734.33333333334    42337.33333333334
18442.333333333332    26135.000000000004    66562.0    86602.33333333333    82868.33333333336    44661.666666666664
17707.0    28207.333333333332    63217.99999999999    91031.66666666664    87805.33333333331    52508.33333333333
21534.666666666668    31612.0    68289.00000000001    96840.33333333333    82479.6666666667    44868.00000000001
15950.0    18997.666666666668    48930.0    79095.99999999999    79170.00000000001    50848.666666666664
18452.333333333336    21494.333333333336    41080.0    78087.66666666666    78903.0    54958.33333333334
17713.333333333332    24589.666666666664    53274.66666666667    85802.33333333331    79747.33333333334    52690.333333333336
19700.0    29057.333333333336    69534.33333333334    90347.66666666664    81481.33333333334    49219.666666666664
18462.666666666668    23904.0    62450.0    83682.66666666666    83143.99999999999    44188.0
20089.666666666668    30940.333333333336    61207.33333333333    87158.66666666667    84649.0    47335.33333333333
17849.0    30677.666666666668    60499.333333333336    89030.0    78495.99999999999    45454.666666666664
18952.666666666664    28375.666666666668    49913.666666666664    76761.66666666666    86953.33333333334    46286.666666666664
