3498.666666666667    4499.333333333333    3418.9999999999995    3718.3333333333335    4652.0    6487.666666666666    5686.666666666666    5925.666666666667    7457.333333333333    6406.000000000001    10852.666666666666    12848.666666666668    21119.666666666664    33621.333333333336    49880.666666666664    49378.99999999999    43451.33333333333    28270.333333333332
4402.666666666666    4445.0    3885.3333333333335    4093.0000000000005    4423.0    4097.666666666667    5039.333333333333    4687.0    5641.333333333333    7929.0    9481.0    10461.0    16912.666666666664    33053.33333333333    43422.0    53070.33333333333    42463.0    27937.0
13855.333333333334    32263.66666666667    38989.33333333333    49854.33333333333    45771.33333333333    34461.333333333336    25885.000000000004    14717.0    9907.333333333334    10240.0    9642.666666666668    7753.0    6812.666666666666    6432.666666666667    8045.0    7846.333333333333    8010.000000000001    8445.0
4904.0    3952.666666666667    4820.333333333333    4082.333333333334    4690.666666666666    4577.0    4122.333333333333    4167.0    5142.000000000001    8595.0    6989.0    13066.333333333334    19291.0    36918.00000000001    49005.66666666667    44583.66666666667    40480.33333333333    29450.000000000004
2847.666666666667    4892.666666666666    4034.333333333333    3889.3333333333335    4538.666666666667    3986.333333333333    4496.666666666666    5464.666666666667    6602.0    5814.333333333333    7795.333333333333    16383.333333333334    23899.666666666668    38132.33333333333    42419.33333333333    40485.0    36855.66666666667    34379.0
4455.666666666666    4131.0    3976.0    4039.6666666666665    5482.000000000001    4819.666666666667    4973.333333333333    6931.0    6689.0    6405.0    11017.333333333334    14949.333333333334    27464.000000000004    34611.666666666664    38631.33333333333    40715.333333333336    38788.0    31639.33333333333
4154.666666666667    5363.0    3703.0    3600.3333333333335    4186.666666666666    6203.000000000001    4474.0    4902.333333333333    6013.666666666667    10100.666666666666    12652.333333333332    19113.666666666668    27626.666666666668    36517.666666666664    38533.666666666664    37374.0    35278.666666666664    29472.666666666664
3928.0    4080.3333333333335    5074.333333333333    5972.666666666666    3579.0    4299.666666666666    4864.0    5097.333333333334    7144.0    9272.0    12672.666666666668    16395.666666666668    30772.000000000004    28218.0    37283.0    35308.0    36687.33333333333    31672.0
30828.333333333332    24771.0    33204.33333333333    34479.333333333336    33876.99999999999    31626.666666666668    26866.333333333336    21482.333333333332    14343.999999999998    9675.666666666668    7070.666666666667    5051.0    6378.666666666666    5121.666666666667    4992.666666666667    4263.333333333333    3927.666666666667    5226.0
3481.666666666667    4851.666666666667    4096.0    3191.0    4324.666666666667    6187.0    5490.333333333333    8104.0    5307.0    10517.666666666666    20950.666666666668    21783.666666666668    24469.666666666664    25855.666666666668    26721.0    26984.0    25492.333333333332    25413.666666666668
3320.3333333333335    4545.333333333333    3502.6666666666665    4779.0    6569.666666666666    7473.333333333334    7037.999999999999    6775.333333333333    11645.333333333334    17363.333333333336    19776.333333333332    22390.333333333336    19136.333333333332    23979.666666666668    27159.0    28581.333333333336    28016.666666666668    24165.0
4142.333333333333    4655.0    5862.0    5177.666666666667    6637.333333333333    6132.333333333334    8983.666666666668    12666.0    18401.0    23028.333333333332    23796.666666666664    16818.666666666664    21497.0    18571.666666666668    19069.666666666664    26154.000000000004    18234.0    16265.333333333334
19270.333333333332    19407.333333333336    20195.333333333336    19602.333333333332    21706.666666666668    20169.000000000004    15356.666666666666    14808.0    15238.333333333336    19803.333333333332    16669.666666666664    15412.000000000002    13029.333333333332    10953.666666666666    8010.333333333333    6331.0    6163.333333333334    4894.0
13067.333333333334    11885.666666666668    12945.333333333334    11373.666666666666    12767.333333333332    15432.666666666666    14016.333333333332    11974.333333333334    13814.000000000002    11390.666666666668    13306.666666666668    13132.0    16598.0    19015.666666666668    23463.0    20043.666666666668    14985.666666666668    8390.0
6022.0    8514.0    12975.666666666668    20062.666666666668    12875.666666666666    16823.666666666668    10934.666666666668    14157.0    13302.333333333334    17325.333333333336    13244.0    12391.0    12735.333333333336    13140.666666666668    15392.333333333334    21430.0    19239.666666666668    14973.000000000002
14729.333333333332    8492.0    15687.666666666666    19361.333333333332    21138.333333333336    15691.000000000002    12628.333333333332    11653.666666666666    11815.666666666668    10670.333333333334    10943.666666666666    11459.666666666666    9513.666666666668    9233.000000000002    10664.666666666666    10658.999999999998    10344.666666666666    15081.0
7757.0    9324.333333333332    13954.0    15260.666666666668    18715.666666666668    14303.666666666668    11902.666666666666    13658.333333333334    18084.333333333332    21271.333333333332    19787.666666666668    18196.333333333332    18953.666666666664    16222.999999999998    16581.666666666664    13859.666666666666    19574.0    16362.666666666668
21628.0    19680.333333333332    25436.666666666668    29147.000000000004    22367.0    20459.0    20345.333333333332    18531.666666666668    17788.333333333332    16665.333333333332    13210.666666666668    9956.666666666666    8552.666666666666    6480.666666666666    4545.333333333333    4861.666666666667    4676.0    3732.3333333333335
23346.333333333332    31745.333333333336    32249.000000000004    33792.666666666664    33191.333333333336    25556.666666666664    33600.666666666664    22582.666666666664    19344.666666666668    14274.0    8002.0    7088.666666666666    6978.0    6365.666666666667    5465.999999999999    6483.666666666667    4167.333333333333    4981.333333333334
24258.666666666668    32601.999999999996    32543.333333333336    32903.0    37501.0    32095.333333333332    29369.666666666668    22756.333333333332    12650.333333333332    9107.666666666666    6837.0    6509.333333333332    7799.666666666667    5203.999999999999    4099.333333333334    5055.666666666667    4568.0    4789.333333333333
20750.333333333332    31065.333333333332    36598.0    40721.666666666664    36933.0    35509.0    28936.333333333332    20222.333333333332    17174.0    9165.0    6262.000000000001    7998.333333333333    5495.333333333333    8859.333333333334    5764.333333333333    5242.333333333333    4062.333333333333    4512.666666666667
21071.0    35482.333333333336    45061.333333333336    44437.666666666664    42736.33333333333    39929.333333333336    32004.0    17618.333333333332    11880.333333333334    7761.666666666666    7265.0    5757.0    5348.333333333333    5509.666666666666    4996.0    4656.666666666667    4011.666666666667    4951.0
21395.666666666664    29620.333333333336    48776.0    47765.666666666664    50121.333333333336    40734.333333333336    24611.333333333332    15247.999999999998    10835.666666666668    7360.0    10006.333333333334    7180.666666666667    6389.666666666667    6483.333333333334    6056.666666666666    4089.666666666667    3519.6666666666665    5429.333333333333
5712.333333333333    3681.3333333333335    6053.333333333334    4359.666666666667    4067.666666666667    4951.666666666667    5698.0    3862.3333333333335    7992.999999999999    7034.666666666667    8907.0    13933.333333333334    19826.666666666664    38783.666666666664    44172.666666666664    44675.666666666664    45226.66666666667    24052.666666666668
4550.666666666667    4225.666666666666    5758.666666666667    3877.333333333333    4054.3333333333335    6705.0    5446.333333333334    5304.666666666667    6215.999999999999    8565.0    9140.666666666668    12565.666666666666    18731.333333333336    33122.0    43044.99999999999    48360.333333333336    42277.333333333336    31029.666666666664
9852.666666666666    18366.666666666664    25549.666666666664    36129.333333333336    33370.66666666667    26580.333333333332    17112.666666666668    10345.333333333332    7423.333333333333    7601.333333333334    6308.000000000001    9105.666666666668    8067.666666666667    18576.666666666664    21535.0    23795.333333333336    19849.333333333332    14248.0
11301.333333333334    28210.333333333332    46669.333333333336    54529.99999999999    53983.0    39007.0    24890.999999999996    9759.0    10965.666666666668    9155.333333333332    9897.333333333332    7765.0    7052.0    5466.333333333334    5433.999999999999    4281.0    4492.333333333334    6480.333333333333
11262.333333333332    23905.0    45144.66666666667    54262.333333333336    57327.99999999999    37295.00000000001    19645.0    9568.333333333334    8583.0    7642.999999999999    8057.999999999999    7553.666666666667    3995.333333333333    5166.666666666666    3703.6666666666665    4508.333333333333    3453.0    4756.0
11514.333333333334    23308.0    45914.33333333333    56465.0    53195.666666666664    43195.666666666664    23147.333333333332    11961.333333333332    10306.0    9266.333333333332    8359.333333333332    8468.333333333334    5278.666666666667    4421.333333333333    4595.333333333333    3713.333333333333    4320.666666666667    3949.333333333333
14380.0    26570.666666666664    49651.666666666664    57409.333333333336    53556.33333333333    34907.33333333333    18387.666666666668    9711.666666666666    7148.333333333333    7226.333333333333    6487.333333333333    6605.666666666666    5904.666666666667    5736.666666666666    5192.666666666667    3842.3333333333335    4097.666666666666    5190.333333333334
9319.666666666666    12373.666666666668    22196.333333333332    32199.000000000004    33801.333333333336    20129.666666666668    15391.999999999998    6960.0    10094.0    9752.666666666666    7250.0    8496.0    11336.666666666666    19546.666666666668    23549.666666666668    27019.999999999996    25543.333333333332    12283.0
