12446    22849    42547    53724    49883    24176
18194    30898    56109    60353    31572    20918
14195    21176    39964    52263    42296    20931
18088    16677    54201    55227    38599    21229
16034    21376    48060    59195    30487    18892
19027    24018    39618    51096    34847    15748
12063    20093    44339    53994    31176    16386
11409    14295    34243    30891    30232    15688
11119    19883    28389    30733    22558    15936
11927    14083    28640    31899    24214    12342
11845    12361    20380    21279    18570    11643
21916    24851    46056    54929    30541    25592
24422    27357    47382    40335    36667    21529
19684    18796    41858    54673    31718    15266
18495    20277    53956    54858    28617    16468
16603    26543    56007    44960    33530    21475
17614    29047    43240    68872    39546    20440
13431    29909    54457    53879    38550    20551
13613    31369    53516    63593    40755    19613
18204    25188    66086    70184    35512    22105
15763    41568    48642    72592    49469    25466
