3226    4101    4213    2938    4694    6804    2087    13261    12391    17232    19111    19929    24446    17608    27708    25876
21544    23119    17119    17989    17811    13839    25252    24183    21576    6611    4443    5423    2864    2618    5387    8266
3860    5770    4456    4059    6958    6403    9159    12643    18994    15078    20524    16913    18039    13491    18879    15599
2595    2826    4600    7951    6680    10618    20880    21106    17165    16967    15338    14300    17498    16287    17278    11932
17928    12818    15606    14942    13030    15524    11564    18326    13340    12032    17748    10839    6406    4463    5631    3847
14819    13482    8727    10990    9624    10938    11130    11122    11270    11001    13272    16148    14821    11434    8475    7101
10507    9872    11970    8333    13338    13408    11674    9808    9686    12665    13704    6890    13737    10514    12902    9043
11217    9131    6669    9230    6182    10826    7889    8526    5743    9835    7330    6137    9554    8869    10901    8719
9988    9732    8491    8322    4924    8971    11518    5995    7583    4929    4057    8123    7136    10099    9068    9682
5363    8754    5392    9452    8978    5877    7501    7437    7466    7551    9332    4840    8607    8609    8584    9362
6929    4726    5227    6112    7965    3887    7530    8447    6317    4564    10149    3808    4720    5540    5615    4542
6953    9154    10690    14423    12160    14237    14392    18787    16441    16890    9956    12020    9046    7434    15179    16123
21724    10075    13342    11621    10912    13084    15444    14429    14202    18854    14326    6932    9936    7798    7516    7497
13413    15857    10866    10243    16872    11468    17182    11790    13133    16046    11741    11499    6827    5564    5905    3589
15528    18636    17672    10963    15063    20327    17056    23579    12589    10665    7412    5515    4758    3049    5324    4535
17375    19347    21339    12678    24522    20330    13932    18923    15777    7708    5256    7426    3372    4747    3264    3122
23232    26183    20919    19073    18457    21692    19562    13157    9677    9800    6419    5800    9423    6085    4867    4413
19993    25064    21317    19846    23018    22117    18454    12710    9377    4727    7631    6997    4929    5306    3636    5655
26491    30522    22066    21744    25601    20840    20512    10934    6010    8084    6304    5572    3614    4633    5031    4501
33495    27998    23043    27951    30959    19463    16558    9791    9685    8573    6285    4138    4592    7134    4462    3152
30884    25798    29658    27382    37508    24275    14229    10021    11596    8207    7250    6631    3637    4925    7664    3835
