17000    16660    47366    72937    51405    32640
12486    19971    34065    58099    52394    28532
13899    19471    41131    49164    54680    33220
17936    23969    43178    55275    49418    32798
18084    19060    37281    49230    40787    22928
12028    25509    34045    43324    31707    18023
18816    25927    40308    60485    44132    27068
15750    21911    42366    44992    39416    19209
18926    20665    44675    43914    40302    19380
17056    20027    25086    35112    25998    23424
18807    29963    38139    52720    39001    28355
16359    21957    40510    52808    58267    23316
17161    20111    43229    62863    42376    23596
15857    24531    40880    45794    46395    34900
19700    17279    41657    61370    42926    27369
16621    17177    43479    55235    53736    34234
23234    31638    54077    59113    41760    19353
17696    25956    48166    71304    46603    24448
17772    35823    62453    58857    33681    18296
14419    32719    61538    71035    38618    25120
18647    28142    57378    77370    53720    16800
