4985    8346    4159    6595    5659    6500    8135    13799    16594    15168    28068    19893    27306    24312    27237    21252
6549    4165    4503    2867    6503    7730    11379    19541    25141    19422    19537    14508    10883    15290    16072    21457
5637    4334    4314    5972    5899    5708    13244    17330    22571    20749    20032    15055    15440    14150    24445    16685
4185    7605    7749    9758    12284    11559    20337    20160    20990    17294    13199    14033    12605    17524    16999    16293
10830    11660    19396    13632    15686    8143    14503    11777    9425    14575    20048    14166    8811    6502    3728    4488
11733    13673    10571    10101    12979    8853    7796    10355    9138    14141    9454    13137    12654    10937    6447    2667
7543    8880    12236    8443    8428    14220    19860    27855    23551    22657    16137    10938    9375    10799    8258    7556
16340    14341    13657    12611    12641    12127    13363    6675    13783    8813    10897    10045    8984    9474    12557    7336
16600    12732    9092    12681    12064    12855    12542    9278    11169    13185    11553    12083    8285    13643    9908    10192
13749    12255    9193    9483    13848    9046    9494    11881    11322    9365    6086    4093    8074    10082    4447    4285
12636    11692    9482    10017    7439    12308    16886    17050    19447    13483    12819    11974    11822    14620    11374    13936
5007    7092    6915    5237    9134    9185    11855    14159    15493    14219    22771    14748    24521    21278    16441    15162
11776    11714    12998    14789    15557    13664    13431    13964    16936    17415    17447    11998    9353    9419    7233    11642
5287    6261    2895    7124    10840    8667    15562    23088    19577    18596    22546    17775    13170    12452    11578    12939
5931    4677    6427    5111    4247    3716    7438    13170    20845    17407    18964    31425    16467    14893    17064    22519
2874    2667    7423    5325    9005    6505    7398    10741    15933    23772    20989    22149    23096    21646    20597    20362
33284    16769    19889    23279    18679    27856    20784    17199    9939    8418    10486    4246    6030    4042    5024    3251
29477    22740    17107    23140    30043    24511    19389    15387    12416    10453    6692    6142    4845    5627    2795    3409
33802    25307    22792    25455    30043    17409    16771    11377    8185    8525    5381    5650    4033    3787    4100    4265
35467    25563    18792    27537    32249    24033    22326    9054    6183    5638    8192    6423    8982    3211    6097    3702
26726    29299    32201    26973    32739    26013    20432    12659    8082    4985    4303    6446    4227    7231    4038    5703
