18803.0    23545.33333333333    50725.33333333333    77588.66666666667    74905.0    48371.66666666666
16902.666666666668    24933.666666666668    59971.66666666666    80981.33333333334    78003.33333333334    46527.66666666667
15706.666666666666    24151.333333333332    50142.66666666667    75384.66666666667    80395.66666666666    47303.666666666664
15675.333333333336    24650.333333333332    55546.99999999999    82634.66666666667    86015.33333333334    46963.66666666667
16204.666666666666    22633.333333333332    53640.33333333333    72959.66666666669    64865.99999999999    40108.66666666667
19382.0    30649.33333333334    57459.666666666664    85876.66666666669    74832.0    46207.33333333334
16192.666666666666    30241.666666666664    62319.999999999985    84378.00000000001    74755.33333333333    40912.333333333336
16573.333333333332    21966.0    46916.0    73709.33333333334    75574.00000000001    47974.33333333333
16608.0    16206.333333333334    53872.666666666664    69839.33333333333    71422.99999999999    48265.33333333333
19835.333333333336    24835.666666666664    52401.666666666664    77865.66666666666    77116.0    47133.33333333334
16186.333333333334    27841.0    47548.666666666664    78346.66666666666    74530.00000000001    39399.66666666667
18736.999999999996    22354.333333333332    43175.333333333336    71542.0    73092.66666666667    47820.66666666667
17778.333333333336    20879.333333333332    43108.666666666664    69128.33333333333    60070.66666666667    43285.99999999999
19818.666666666668    24865.000000000004    48508.333333333336    73118.00000000001    65814.66666666667    41379.99999999999
16196.0    23740.0    44469.33333333332    66586.66666666666    64242.66666666666    39837.0
18543.333333333336    22422.33333333333    45974.333333333336    67766.66666666667    61282.99999999999    35440.333333333336
18299.333333333336    26009.999999999996    39957.33333333333    65983.00000000001    62873.66666666666    39422.666666666664
19378.0    28505.333333333332    54378.33333333334    79180.33333333331    72116.33333333334    38909.99999999999
16751.000000000004    26058.333333333332    54216.33333333333    80275.66666666666    78351.66666666667    41584.99999999999
16317.000000000004    20612.0    43896.666666666664    81080.0    71432.33333333334    51842.00000000001
17837.333333333332    21159.999999999996    47349.99999999999    74199.33333333333    75274.33333333334    50820.0
15710.666666666668    27664.999999999996    53225.0    85508.33333333334    81609.0    44418.333333333336
19005.333333333336    21050.999999999996    51975.33333333333    80614.0    78499.66666666666    49240.666666666664
18805.000000000004    29086.666666666668    58142.99999999999    91607.66666666667    76697.33333333331    43864.00000000001
17423.33333333333    32686.999999999993    66313.33333333333    85526.33333333336    80886.33333333333    41162.666666666664
19666.333333333332    28603.0    64791.333333333336    85969.33333333333    72896.99999999999    39734.99999999999
18415.0    27266.333333333336    60810.00000000001    88233.0    76747.00000000001    45567.333333333336
14909.333333333336    21187.000000000004    54918.66666666667    84698.66666666667    73182.33333333334    56749.66666666667
15334.666666666666    19321.999999999996    50780.33333333333    74424.0    78865.66666666667    46409.666666666664
19361.666666666668    31754.666666666668    61152.666666666664    90994.00000000001    73210.33333333334    41069.333333333336
17976.666666666668    25910.999999999996    69765.0    82990.33333333333    75824.33333333333    42852.333333333336
