8176.666666666667    12891.999999999998    18498.666666666664    22706.0    20828.999999999996    13148.333333333332    12205.666666666668    6274.666666666668    7229.333333333334    8722.666666666668    7371.0    8311.333333333332    12550.333333333332    24356.666666666664    33470.33333333333    32766.333333333332    27679.333333333336    16750.666666666664
10384.666666666666    16977.333333333336    27146.333333333336    35817.0    31987.666666666668    21827.333333333332    13107.0    8053.0    7168.666666666667    7289.666666666667    7315.333333333333    6940.333333333333    9925.666666666666    17997.666666666664    24950.333333333332    25102.333333333332    19524.333333333332    15805.666666666666
3531.333333333333    4827.0    4812.333333333333    4018.3333333333335    3881.6666666666665    4420.333333333334    5404.333333333334    6171.333333333333    7043.0    7717.333333333333    8698.333333333332    9820.666666666668    23321.333333333332    39050.33333333333    47982.33333333333    47037.666666666664    39009.33333333333    26337.666666666664
12646.333333333334    22924.333333333336    20242.666666666668    27864.0    26687.333333333332    20572.0    17436.333333333332    10321.666666666666    8981.333333333332    6870.666666666666    5482.0    10301.333333333334    15777.333333333334    18669.666666666664    23920.000000000004    28355.0    20140.333333333336    14294.000000000002
13077.0    20102.666666666664    22250.666666666664    21877.666666666668    24427.000000000004    19455.333333333332    17097.333333333336    11078.0    7832.666666666667    6710.0    7932.333333333334    8628.666666666666    12631.666666666668    14054.666666666668    19167.666666666668    18884.333333333332    13845.333333333332    11359.666666666666
23483.333333333332    35003.0    42844.0    37662.33333333333    40598.33333333333    36013.0    21922.333333333332    18126.666666666668    10751.0    6441.0    6748.666666666667    5564.999999999999    5142.333333333333    5496.666666666666    5569.666666666667    3973.333333333333    4536.0    4530.333333333334
16807.333333333336    23019.333333333332    25922.666666666664    28044.0    31643.666666666668    27591.666666666668    18651.0    19760.666666666664    27105.666666666668    25640.0    20701.333333333332    10729.666666666666    7029.666666666667    4684.0    6480.999999999999    4425.666666666666    5340.666666666667    5222.0
3014.6666666666665    5081.333333333334    3884.3333333333335    5425.666666666667    3212.3333333333335    4067.3333333333335    5343.0    5912.0    6805.333333333333    7998.0    10327.666666666666    19858.666666666668    32034.0    31336.666666666668    34120.666666666664    38456.333333333336    33254.0    32581.000000000004
3254.6666666666665    4045.0    3487.666666666667    4193.333333333333    3652.0    4128.0    5351.666666666667    6629.0    4702.666666666667    9223.666666666668    16883.666666666668    22339.666666666664    29975.66666666666    31697.333333333332    36212.33333333333    33380.666666666664    29051.999999999996    28005.666666666668
14617.0    13085.333333333334    11247.666666666666    11013.0    12022.0    14342.333333333332    13589.0    15460.666666666668    12695.000000000002    12999.666666666666    18019.0    19974.0    20501.666666666668    21857.0    21617.999999999996    20137.333333333332    21719.333333333332    24289.666666666664
14965.0    15660.0    20209.333333333332    23785.666666666668    23366.0    16114.333333333334    18308.0    18506.333333333332    17755.666666666668    17761.333333333332    15774.0    15616.333333333332    12958.666666666666    11236.666666666666    10185.333333333332    10539.666666666666    11059.333333333332    10050.666666666666
4533.333333333333    4862.333333333334    6255.999999999999    4857.666666666667    5455.666666666666    6920.333333333334    7682.333333333333    12067.333333333334    20306.333333333336    26045.333333333332    20286.666666666664    19317.0    19917.333333333332    23089.333333333336    25640.666666666664    23001.999999999996    23248.333333333332    23234.0
4275.666666666667    3895.333333333333    4566.333333333333    5103.0    5766.333333333333    13543.0    14800.333333333332    17401.333333333332    17996.0    17455.333333333332    17322.666666666668    17791.0    14788.0    18922.0    21426.333333333332    23850.333333333332    19924.0    15424.333333333334
5696.333333333333    6266.666666666666    7437.333333333333    11935.666666666668    17293.333333333336    17298.666666666668    22138.666666666668    18315.333333333336    14871.0    13283.666666666666    15322.666666666668    16459.666666666664    12815.333333333334    16782.333333333336    22086.999999999996    21435.0    19597.0    14469.0
9875.333333333332    9514.999999999998    15315.999999999998    14933.666666666666    14414.666666666666    12463.333333333334    11096.666666666666    12388.666666666668    14580.666666666666    11336.333333333332    15152.333333333332    13634.0    15871.666666666666    15607.666666666666    21527.333333333336    16723.000000000004    14829.999999999998    15805.333333333332
12878.666666666668    14482.0    15700.000000000002    15768.666666666666    14249.666666666666    14926.666666666666    11962.333333333332    10998.0    13333.333333333334    11268.999999999998    11125.333333333332    16510.666666666668    10187.666666666668    13738.333333333334    16226.333333333334    16584.666666666668    17230.666666666668    14258.0
13134.666666666666    15216.333333333334    14017.333333333332    11783.333333333336    13946.333333333332    14973.333333333332    12032.666666666668    10689.000000000002    12363.999999999998    11113.333333333332    13997.333333333334    16515.0    11250.0    13421.999999999998    18710.0    17666.666666666668    17352.0    14362.666666666666
24055.666666666664    24116.333333333336    25368.000000000004    25733.0    33269.0    22971.666666666668    20728.666666666668    20229.666666666668    25838.666666666668    19110.666666666664    12049.999999999998    8122.333333333333    5412.666666666666    4641.333333333334    6639.000000000001    3911.6666666666665    5536.666666666667    4733.333333333334
16883.0    23122.333333333332    24046.666666666668    24685.333333333336    24211.333333333332    21365.0    19692.0    18190.0    14601.000000000002    12138.0    15152.333333333334    12494.333333333334    13510.000000000002    12851.666666666666    8204.666666666668    12640.666666666666    10796.333333333332    12653.333333333334
3887.0    3558.3333333333335    4523.333333333334    4237.333333333334    4328.0    6418.666666666667    4130.0    5213.0    7116.666666666666    8860.0    13258.0    25734.666666666664    28723.0    34872.666666666664    37302.66666666667    27679.0    32685.0    32652.666666666668
4925.333333333334    3485.3333333333335    3207.0    4351.666666666666    5966.999999999999    5564.666666666667    5864.0    7400.666666666667    6453.000000000001    8410.333333333332    10782.0    20507.333333333332    28871.333333333336    28853.666666666664    39491.0    39426.0    32412.333333333332    30668.333333333336
13499.0    16458.666666666668    14035.0    14937.666666666666    17374.333333333332    14505.666666666666    11757.666666666666    9803.333333333334    8780.666666666666    7419.666666666667    6847.666666666667    15273.333333333332    20278.0    27358.333333333332    30035.333333333336    32108.33333333333    28161.666666666668    19502.0
3852.0    5131.666666666666    4454.666666666667    5326.333333333334    4614.666666666666    6480.333333333333    5794.333333333333    5231.666666666667    7033.666666666667    8814.333333333334    8054.0    13621.666666666668    26672.999999999996    35180.333333333336    45546.00000000001    48286.00000000001    36777.66666666667    29513.666666666668
19169.0    32034.999999999996    46977.333333333336    48804.666666666664    47840.666666666664    31492.666666666664    22607.666666666668    13498.000000000002    7835.0    7443.333333333332    6832.333333333334    5576.666666666666    4529.333333333333    5309.666666666667    4577.333333333333    4273.666666666666    4690.333333333333    4711.0
19252.0    29841.999999999996    42787.666666666664    52124.66666666667    49963.0    36122.0    18462.666666666664    13541.999999999998    10363.333333333334    8361.0    7317.666666666666    6624.0    6191.666666666666    4590.0    4650.666666666667    4580.666666666667    4722.0    4502.000000000001
16855.0    29342.666666666664    48448.0    47742.666666666664    48482.0    32791.666666666664    21527.333333333332    11819.0    8407.333333333334    6889.0    6197.333333333333    5129.666666666667    4817.333333333334    4954.333333333334    4404.666666666667    5322.333333333333    4528.0    4003.6666666666665
15626.000000000002    30847.666666666668    49124.333333333336    52429.00000000001    50060.333333333336    34694.333333333336    17116.0    10183.000000000002    7208.666666666667    6660.000000000001    7901.0    5529.0    5774.333333333334    5500.0    4733.666666666666    4683.333333333333    4510.666666666666    4457.333333333333
7801.333333333334    11307.666666666666    20957.666666666664    21069.666666666668    21352.333333333332    14627.666666666666    8958.666666666666    7136.666666666667    6371.666666666667    6842.666666666667    7220.999999999999    9563.333333333332    16983.666666666668    26460.000000000004    37244.33333333333    34675.0    29988.0    17084.333333333332
3786.0    3683.6666666666665    4600.333333333334    4748.333333333333    3211.3333333333335    4120.0    5896.333333333334    4788.666666666667    7081.0    6597.000000000001    9312.333333333334    9439.666666666666    17275.0    34706.0    51224.66666666667    57189.333333333336    31766.0    25710.666666666668
12959.0    28968.333333333332    50943.0    56252.33333333333    50258.0    32625.0    15580.666666666666    8944.0    9128.333333333334    10463.0    6306.666666666667    7686.333333333333    6153.666666666666    4247.0    4136.0    3746.6666666666665    4905.666666666666    4239.0
11365.666666666668    29002.666666666668    45953.0    56259.66666666667    50984.666666666664    34960.333333333336    16497.666666666664    9216.0    7835.0    9916.666666666668    8913.333333333332    6449.333333333333    6166.666666666666    6435.0    4134.0    3466.666666666667    3984.9999999999995    3778.3333333333335
