16769    24572    45833    70042    53567    24901
18890    19168    47132    64833    47238    22603
11455    23286    53521    61143    44579    26549
13726    29147    50515    61828    41264    22849
21396    24799    49751    49823    36367    20966
16741    14291    25517    46521    29686    16378
15658    14298    36459    52026    40554    24567
14658    20250    32911    42353    25565    14528
15569    14762    23433    44013    32596    13155
12562    12350    20582    29567    24045    16862
20548    23530    52242    48241    40500    26666
19013    24469    42375    63225    41226    25925
17257    28421    53730    63807    45123    21035
18578    20938    41954    72992    52671    28361
13505    27006    51509    61211    48200    33860
15247    17985    47039    65664    47892    31681
21155    23110    47248    66113    53061    27275
16139    18371    46317    79823    54422    24143
24149    18547    38311    73546    51962    32670
15471    20646    38493    74075    58110    35795
17505    22778    35984    74253    68631    37288
