3868    6351    4922    2676    5047    5920    5617    9222    12161    20215    26021    28122    31321    20712    29387    24122
3542    2238    3479    6401    6246    9995    9192    20461    22508    26236    21966    22041    18866    14917    17817    13959
7134    10566    6978    6918    4893    12958    10981    23422    20271    23084    17131    9272    14518    19185    16588    16634
14124    21513    15320    17026    16263    16414    15492    19385    18586    20251    17178    7549    5741    5619    5409    3459
15175    13326    12137    11013    10604    11184    14652    13518    14693    14615    16459    10923    20011    10995    9982    3815
11561    11752    8216    8591    12101    7907    10744    8035    7643    9836    12537    10108    7661    11206    4956    6280
10330    9758    13269    9712    9573    11546    10570    11012    14079    9602    11319    10441    16696    13611    13519    8525
11442    9550    6484    6889    10814    8388    8981    8040    8885    10623    8331    7557    8490    11451    12559    11781
10225    5881    9373    7863    9855    9376    6542    7849    6820    10141    9130    6203    10930    10261    12054    11025
8853    10700    6037    6996    7369    7873    6505    6531    6363    4313    3549    10558    6020    9429    7250    7622
17790    17610    15843    14146    15848    20959    17471    14635    17614    14921    12113    8322    6095    5014    9267    4079
6762    8781    8175    6331    10502    16385    14884    17557    14907    19699    11597    16532    18495    12669    13790    19167
8035    6498    8038    9199    10984    9061    13049    13580    24508    21424    23333    13919    15505    15033    21709    15498
6624    8967    5029    5997    7402    17182    18232    19318    20150    19820    23133    18980    15540    20299    15135    13686
5704    5633    6499    4595    7127    4280    9352    17776    17923    26694    27531    26648    20361    17655    16847    20666
2827    4036    7665    3929    4470    7597    7311    8451    17326    21116    24084    25189    25844    20465    18408    26790
4410    3812    8296    4652    5921    5802    7560    6400    15159    23518    21070    30055    33601    22744    20811    24151
2458    3380    3264    6350    4402    8439    5482    7098    13901    23247    23749    28643    20984    27116    31087    29615
7030    2696    3253    5608    6091    8097    9136    12339    8984    16954    22468    23500    39728    18459    28318    26524
4197    5032    4703    4665    4475    2972    3654    6279    11648    15129    24659    39558    27027    23255    33525    31812
3082    4087    4516    5124    5589    4684    6953    6276    10754    12552    26890    31803    38342    36767    32321    26699
