18140.0    42560.666666666664    73875.0    86564.0    71660.0    29263.333333333332
16417.0    46219.00000000001    77742.33333333333    86913.0    67040.33333333334    30626.666666666668
20091.666666666668    33472.0    75547.66666666667    90296.66666666666    63580.33333333333    35144.0
25248.333333333332    58350.0    85063.33333333333    80638.0    61960.33333333333    27284.666666666664
21666.333333333336    36130.33333333333    78910.00000000001    83190.66666666667    61575.666666666664    30034.333333333332
21791.333333333332    50951.33333333333    84580.66666666666    91264.66666666667    60809.000000000015    26453.666666666668
16805.333333333336    36728.0    72694.33333333333    86888.33333333333    60729.333333333336    29183.66666666667
18232.666666666664    41795.00000000001    71306.66666666667    84752.66666666666    59752.66666666667    33464.33333333333
19118.999999999996    40146.333333333336    70753.33333333334    83401.99999999999    62787.333333333336    33408.0
23092.333333333336    48671.0    76015.66666666666    87037.66666666667    49830.333333333336    27710.666666666664
25992.333333333332    55511.666666666664    86446.99999999999    76366.33333333333    56656.99999999999    28164.33333333333
22253.333333333332    36542.33333333333    71565.0    81098.33333333331    54202.00000000001    24644.666666666668
25743.000000000004    56472.66666666666    72599.0    74162.66666666667    57545.66666666666    21786.0
19294.333333333332    43759.333333333336    70801.66666666666    79021.0    56896.0    31667.333333333336
22096.333333333336    42456.333333333336    68918.0    77763.66666666666    55407.66666666667    23438.666666666664
21914.333333333332    33936.66666666667    63519.33333333332    65947.33333333333    47760.00000000001    30039.33333333333
21935.333333333332    41107.66666666666    64145.33333333335    67226.0    49814.666666666664    29437.666666666675
22641.666666666668    49471.33333333333    77160.33333333334    82852.66666666669    55550.33333333334    28325.333333333332
21235.666666666668    38600.0    72429.0    90305.00000000001    62241.99999999999    31558.333333333336
23403.333333333332    64249.0    95130.99999999999    98682.66666666664    58865.00000000001    28050.66666666667
23548.0    56379.99999999999    91256.66666666667    89958.99999999999    53802.333333333336    26026.999999999993
30945.66666666667    63319.000000000015    83478.66666666667    93092.66666666667    52387.666666666664    27725.999999999993
17808.666666666668    47455.333333333336    82809.33333333333    94084.66666666669    67946.33333333333    30404.333333333336
25567.666666666664    42943.0    75585.66666666667    83185.33333333333    69955.66666666667    31842.000000000004
24734.333333333332    51300.0    88381.0    85333.33333333336    68219.66666666669    26821.33333333334
23704.666666666668    57904.33333333333    84633.33333333334    90430.66666666664    57905.333333333336    26906.333333333336
32180.666666666664    55202.00000000001    84616.66666666667    81999.99999999999    62066.99999999999    20944.66666666666
25600.666666666668    50507.66666666667    86722.66666666664    91555.66666666664    56771.66666666667    28031.666666666668
23310.333333333336    58036.666666666664    84569.0    83854.00000000001    57633.333333333336    22776.333333333332
20555.333333333332    48018.666666666664    76492.66666666667    82552.0    69294.0    29300.33333333333
19059.333333333332    44916.33333333333    85425.66666666666    83923.66666666667    64942.666666666664    29037.0
