4891.666666666667    9868.666666666668    10401.666666666668    12897.666666666666    8352.0    9327.333333333334    6407.333333333333    6461.0    6755.333333333333    8584.333333333332    9167.333333333332    14322.0    25842.0    38241.333333333336    44489.66666666667    47479.66666666667    34437.0    24137.0
3710.6666666666665    3893.333333333333    3738.6666666666665    4378.666666666667    5764.333333333333    6738.0    6554.000000000001    7395.666666666666    7984.999999999999    9956.0    7379.999999999999    18378.333333333332    24933.0    48264.666666666664    51803.33333333333    54782.666666666664    38130.0    21172.0
4151.666666666667    7748.666666666667    4625.0    7276.000000000001    4104.0    3826.9999999999995    5175.666666666667    6739.333333333334    6946.666666666666    8016.0    9215.666666666666    14071.0    28756.333333333336    42906.33333333333    53935.0    52316.33333333333    38678.666666666664    19643.0
18968.0    36061.99999999999    50191.0    58295.0    47215.333333333336    33456.666666666664    19911.333333333332    10011.0    9624.0    6784.999999999999    9585.333333333332    6593.333333333332    6450.0    5713.0    4310.0    4789.0    3876.333333333333    6708.333333333334
4698.666666666667    5396.666666666667    3852.6666666666665    3085.333333333333    4545.333333333334    4979.0    4483.333333333333    6772.666666666666    5125.333333333334    9551.666666666668    13717.333333333332    16953.333333333332    25704.0    44107.0    52123.666666666664    47539.66666666667    34511.0    24360.666666666664
23174.333333333332    21252.0    31488.0    32702.0    30203.333333333336    28452.333333333336    18787.333333333336    15294.0    9317.666666666668    9806.333333333334    7621.666666666667    9101.666666666666    8450.333333333334    18928.333333333336    25114.666666666668    24679.666666666664    14382.999999999998    7094.0
3684.0    3534.3333333333335    5103.666666666666    4386.0    4790.0    5235.0    6368.666666666667    6589.333333333333    7984.666666666666    7953.666666666666    13358.666666666668    18715.0    25931.000000000004    40611.333333333336    44506.666666666664    39706.0    39544.33333333333    25026.666666666664
4820.0    4456.333333333333    6158.666666666667    6243.666666666666    4906.666666666667    6434.333333333334    6226.333333333333    6089.666666666667    7997.0    10669.666666666668    13128.666666666666    23523.999999999996    25508.666666666668    38823.666666666664    41959.333333333336    42826.666666666664    33040.666666666664    26490.0
4173.0    4081.0    5826.333333333333    3163.0    5496.333333333333    5211.666666666667    5278.666666666666    5512.000000000001    8110.333333333333    12068.333333333334    21881.33333333333    24349.333333333336    27441.0    38862.666666666664    40337.0    39340.333333333336    29910.0    28573.666666666664
17996.333333333336    15522.333333333332    19733.999999999996    12876.333333333334    15776.0    17904.666666666664    20607.666666666668    13576.666666666668    14952.666666666666    13363.666666666668    11793.333333333332    11602.666666666668    13576.000000000002    21738.333333333336    32316.0    26778.333333333332    22258.666666666668    9984.000000000002
15083.333333333334    30158.0    38434.666666666664    37626.666666666664    32439.333333333336    26093.333333333336    17601.0    17917.0    18811.666666666668    17853.333333333336    15744.333333333334    10972.333333333332    8000.333333333333    9559.333333333334    10115.999999999998    8378.0    6231.333333333333    8118.666666666667
16979.0    16096.000000000002    14681.666666666666    15689.333333333334    13353.0    13584.999999999998    15276.0    16776.0    14647.0    20591.666666666664    18316.666666666668    9320.666666666666    13843.333333333334    21014.666666666668    23393.0    24221.666666666664    14517.0    8004.0
14369.0    31070.0    34702.0    37160.0    27612.0    22299.333333333336    16267.333333333332    15268.666666666666    14935.0    13055.999999999998    16169.333333333332    19090.0    12167.0    10393.666666666668    6419.666666666667    6382.666666666666    5679.666666666667    5267.666666666666
5440.666666666667    5534.000000000001    10141.0    15629.0    14460.333333333334    16606.0    17533.333333333332    17090.0    13482.666666666666    14198.333333333334    15367.333333333334    16087.0    18031.333333333332    27232.666666666664    29224.0    31190.666666666664    18233.333333333332    15958.0
10508.0    13581.0    13570.333333333334    16227.666666666666    12449.666666666666    17298.666666666664    13037.666666666666    11651.333333333334    10663.666666666666    11297.333333333334    11914.333333333334    9790.333333333332    17059.666666666664    22185.666666666668    32566.666666666668    27050.666666666668    21056.333333333332    18171.666666666664
10095.333333333334    18760.333333333332    25125.000000000004    33736.66666666667    23105.66666666667    15752.0    11919.333333333334    13501.666666666666    12811.0    10215.0    13111.0    9080.333333333334    11752.0    8595.333333333334    8819.0    10836.666666666668    13694.333333333334    12206.333333333334
15508.666666666666    21959.0    31342.0    29581.333333333332    25882.0    12228.333333333332    10418.666666666666    8308.666666666666    12160.333333333334    14391.666666666668    12134.0    12107.666666666668    12749.000000000002    12567.666666666666    10379.333333333332    11966.666666666666    10253.666666666666    9727.999999999998
13961.0    13724.0    26686.666666666668    26577.333333333336    23065.333333333336    15044.333333333336    17097.666666666664    15180.0    21141.0    26003.0    18938.0    15914.666666666668    14737.0    13253.0    15005.666666666666    10824.666666666666    15208.333333333332    13639.999999999998
4306.333333333333    4610.0    5771.333333333333    4388.0    7503.666666666666    5134.666666666666    8131.333333333332    6110.666666666667    6892.333333333334    17127.333333333336    23123.666666666664    24362.333333333332    29129.666666666668    38960.0    38212.666666666664    37940.0    29369.000000000004    25297.0
25455.33333333333    33957.66666666667    43330.666666666664    40499.0    35347.99999999999    31819.333333333332    34631.99999999999    16529.333333333336    12470.999999999998    12852.333333333332    9726.333333333332    6581.000000000001    6984.0    11106.666666666668    17306.0    14743.333333333332    7865.666666666666    7174.0
28681.333333333332    40803.0    47920.666666666664    51861.0    37575.333333333336    32959.333333333336    23512.333333333336    15955.0    10056.666666666666    8865.0    8140.999999999999    4263.666666666667    5456.0    6821.666666666666    4915.0    4686.333333333334    4087.666666666667    4412.0
25068.333333333336    43266.666666666664    56718.0    52571.0    39798.66666666667    30839.0    21164.333333333336    17299.333333333336    7895.666666666667    8428.333333333334    8109.666666666666    7221.666666666666    7216.0    6218.0    4611.666666666667    4537.333333333334    4795.666666666667    5190.333333333334
3945.333333333333    10162.333333333332    19837.666666666668    18616.999999999996    10862.333333333332    9955.333333333334    8420.0    6927.333333333333    9396.0    8116.333333333334    10377.666666666666    14651.333333333332    26813.666666666664    36515.0    50247.666666666664    38550.666666666664    36584.33333333333    20528.666666666668
4978.666666666666    4895.666666666667    3558.333333333333    4719.0    5645.000000000001    6086.333333333333    4751.0    6027.000000000001    5419.666666666666    8320.0    12453.0    17782.666666666668    26801.0    44970.00000000001    55991.33333333333    55178.666666666664    39364.333333333336    22137.666666666664
20365.666666666668    30634.66666666667    33959.0    37194.0    33269.0    26376.333333333336    15056.333333333336    8288.666666666668    7843.0    12136.333333333332    11228.333333333332    7055.666666666666    10173.333333333334    22305.000000000004    23662.000000000004    20286.333333333336    17536.666666666668    7419.333333333333
23645.666666666668    39498.33333333333    56521.33333333333    61438.66666666667    47505.66666666667    25776.666666666668    12607.333333333334    9767.333333333334    9235.666666666666    7245.333333333333    8595.0    7009.666666666666    6635.666666666666    4768.0    6955.999999999999    5187.333333333334    4909.0    4182.0
18259.333333333332    38847.333333333336    58460.666666666664    61866.666666666664    47833.33333333333    25752.0    14510.333333333332    8979.666666666666    9399.666666666666    9433.333333333334    7704.333333333333    8006.0    4622.333333333333    3702.666666666667    5766.0    4158.333333333334    5784.333333333334    3924.666666666667
20071.333333333336    36987.99999999999    57053.333333333336    59096.66666666667    47119.333333333336    28433.666666666664    13074.666666666668    11246.666666666666    9679.0    10087.0    8998.666666666666    5158.333333333333    6559.0    5369.333333333334    4474.666666666666    4388.666666666667    5360.666666666667    6030.999999999999
17709.333333333336    39379.0    56985.666666666664    57117.666666666664    44407.66666666667    26055.333333333332    14853.666666666666    9582.333333333334    11289.0    7754.0    7475.0    7522.666666666667    4898.0    5290.0    4868.333333333333    5789.333333333333    5817.333333333334    3385.3333333333335
9004.666666666668    13553.333333333332    22201.0    24656.666666666664    19201.000000000004    12886.333333333332    5789.333333333334    5884.666666666666    8561.666666666668    8371.666666666666    9482.0    11149.666666666666    22260.333333333332    34814.0    42272.333333333336    29655.666666666664    27901.333333333332    18567.333333333332
4122.666666666667    4005.3333333333335    5442.333333333333    4826.0    5902.000000000001    5844.666666666667    7193.666666666666    6725.0    8690.333333333334    11251.666666666666    9672.0    11701.999999999998    26272.666666666668    50423.666666666664    58755.666666666664    52143.33333333333    36314.0    18017.666666666668
