21611    28836    62365    78339    45049    16544
11122    18406    48181    54068    37681    19096
14416    22346    45816    64701    45231    23498
18051    26601    34665    59165    38910    30027
14074    16276    49540    50252    44219    26164
12994    23193    42087    49628    37753    19205
15887    25450    54077    50395    34260    19706
19669    28100    39852    48558    30549    16988
16517    21573    37702    40795    31403    23372
9843    16406    29900    38745    26854    20908
17036    19052    34564    45587    31620    17938
17562    24693    47205    44944    45261    18889
18296    24519    44233    58225    47068    23327
14165    21868    37041    53445    49943    27154
19089    25867    51741    65510    39856    20567
21202    39310    49749    68946    42832    19087
16736    30236    72613    81705    64998    21842
12763    22757    59097    82791    45277    22788
18599    32044    76768    81731    49352    33881
21303    35325    73211    70849    48501    21473
17621    30943    65116    91041    49014    22407
