21301    23098    27920    22416    25425    24176    23767    16290    12618    17116    6548    6779    7119    7316    6196    4659
3128    5552    5373    3466    9439    5616    10308    10661    12996    15053    16687    25500    16743    12616    17491    17925
4447    9746    4504    5321    4349    5132    9961    14107    25587    24258    17796    19489    16415    22520    20859    11517
5148    6838    5933    6882    7114    10356    8333    17259    21901    16486    14993    17279    18765    11694    20653    17785
7126    5771    8112    6167    14145    15990    16176    22620    16704    15461    12122    16296    13289    10862    10565    9119
7956    8424    10918    11903    15861    15785    18880    9401    9132    10566    9718    13716    10874    9496    9508    12722
7468    9672    16063    15926    14317    10999    12382    18539    9810    9463    14879    15017    10439    11731    13055    10015
15182    16116    21280    9844    11432    9953    7976    6183    13053    10892    10442    9173    11833    14488    7197    8672
16739    15017    10148    10788    12095    7266    13651    10011    7816    11735    6966    11234    10006    7303    9614    10973
10964    12819    9186    9758    5566    10967    10029    9982    6015    7671    4826    7901    11066    5791    9345    10770
10695    9744    11677    12883    11283    8079    7986    9909    12228    10555    10855    10542    12201    11531    7441    8188
10989    11720    11148    11998    11871    12304    12844    8739    19013    15168    18025    13114    11621    8038    8643    13319
3086    6600    6033    7004    7972    8134    11864    19295    20631    14474    18083    19116    18855    19870    15851    18800
6622    4264    4293    4669    8282    7587    13410    12740    18809    26712    23906    17779    12798    14676    14730    12339
19261    19800    21467    18629    19396    15967    19542    20953    22074    8962    10186    6552    6853    5643    3405    3940
32223    20719    17780    19242    21174    21751    25756    21818    16853    8564    4457    5745    9467    6231    4869    4477
29670    36292    34573    29216    26375    32238    27822    19357    10877    11366    9155    3547    4784    4757    4915    3186
36027    34365    22529    16388    25547    23010    25594    18733    6318    4102    5575    5224    4371    6776    4078    6836
32015    38268    38809    28355    29542    27202    22593    19343    9193    6745    4988    5231    6533    7463    7931    8164
27943    28741    29574    27764    27963    32803    25025    17821    6305    9445    8556    6195    5366    7734    4475    4952
27703    28524    36139    32348    39091    23254    24040    14865    6848    6254    6401    6852    8467    5379    3595    6382
