25851    23074    30782    70984    96179    88856    40463    30127
35671    21229    29064    79057    93635    87178    51850    25216
31294    31115    42147    75391    68511    85481    36339    26735
39714    28173    42383    72410    97286    75489    37583    28038
21630    23558    28752    84809    97132    80249    37035    26308
32253    23582    32965    73769    80074    77356    41474    30386
38836    32029    33957    73295    71921    79241    35976    27600
32926    26709    37862    78242    75016    88688    35884    26729
27740    22375    30641    74169    71849    69353    35527    27482
34038    27952    31808    66634    74828    78784    47094    24104
39477    27898    32717    69024    78666    64787    34146    25247
39279    34586    41726    94160    86040    63342    28400    26520
41105    34792    50625    79542    93154    75144    29679    30935
26183    33745    47481    86865    73226    63734    28239    34629
35282    31544    49606    73508    77147    79526    32368    24018
39396    34035    42142    76813    72895    68262    25938    28272
40318    31238    46884    71408    82899    73658    31924    33945
26878    19876    37753    72816    78321    70029    45085    28179
28686    25001    39320    63400    77893    72653    46048    27877
25414    21153    34885    74806    93342    73586    33959    30551
33750    25578    42966    77865    83196    66040    30295    23915
25269    28052    32746    71213    86765    71129    34391    25839
33450    33367    26856    71697    78605    70780    40061    31581
32569    29641    60444    82742    88536    70570    28683    36877
42527    35528    53754    82461    89805    57226    34546    31625
37958    33165    39672    83733    72797    65966    30006    34226
37632    41774    51334    92362    85537    79477    43998    29906
44768    30721    44535    81897    88291    57351    31205    27798
40085    30161    30730    75928    71651    79228    31690    33926
48297    34849    27222    73940    65939    84931    37827    26336
37877    22778    35782    72773    77307    78361    36272    29857
