3932    5254    6171    6933    3792    4784    5815    8114    9361    6318    6620    10126    16460    25104    54964    64273    57997    51100    37426    21772
8818    6434    6974    7470    12739    10624    4752    9515    14451    12163    11602    11559    15830    14231    44289    61050    61544    53009    31409    24437
2866    4638    3479    3515    7526    7163    9849    9976    12816    10052    8866    13774    14569    20619    24827    57208    58326    53622    41425    31897
3379    3893    5117    4852    4941    3605    6980    7884    15063    6455    8165    13406    18150    27046    42854    62574    66112    50657    43739    26204
7968    6920    8895    5720    6973    4379    8518    7229    10551    7123    11056    14514    15733    18681    40873    57419    63684    49349    36094    17794
4763    6775    5828    4698    6215    6315    8175    11726    11429    9844    8662    13031    14629    15008    32455    58143    60698    68155    28029    17281
8699    5906    7982    6274    7435    4868    4138    6227    6569    10884    10505    10697    11338    22200    40773    60148    63220    55721    32265    17006
5361    5022    4393    5223    11223    7370    5124    7118    11970    7917    12655    12971    19269    16582    33933    64123    64169    57994    32162    17477
5885    11114    5938    5442    8155    5944    3977    7457    10606    4718    7101    10853    15751    14104    21933    61853    60687    48266    35458    13894
7520    5402    6994    7746    4300    5627    5559    6525    7255    10104    6247    13106    20272    19221    32357    59334    68064    52757    27030    19822
4331    6398    7548    5103    7388    5757    4747    5486    12243    5812    10518    12403    14024    17536    30662    52312    63356    54708    28935    22695
20934    11513    18572    43685    65157    61135    54108    28291    16709    14220    11499    12933    5960    10944    5448    6431    6407    4509    7043    8555
16984    14538    28800    57965    74147    50359    39641    28652    20577    18000    12743    11370    4158    4715    8304    9178    8135    5920    7555    13235
13721    12726    23272    47344    54919    64052    37726    21305    21913    15700    13916    6947    6580    7544    5850    10903    9543    5722    7299    7120
14966    21862    17112    39551    64141    70384    34713    19042    23141    16964    16757    13767    6507    8352    5289    6661    6308    5925    4219    7338
16492    17684    19983    43062    58367    62364    39325    22701    19435    16596    11705    6177    6686    6555    5698    5863    8176    3590    8229    9065
11961    17018    17297    53785    68879    64812    42591    21645    22365    11894    8609    9517    10676    8620    9091    7966    7660    6684    5475    5729
5858    5037    7510    8250    7647    3764    4789    7916    6225    12223    8732    12993    14831    14396    24599    63091    69260    51028    30797    19991
7057    4954    4196    5285    5392    6310    5474    7952    11911    6572    6900    11272    14041    27876    30477    62933    64438    50061    32165    15612
5826    6173    4554    3257    6098    7256    4531    9489    12503    9270    4087    15596    21278    9046    30141    60011    70484    61848    28993    17255
3102    4552    4138    6107    5465    7463    4991    6889    13954    5934    9053    15966    15844    13269    27775    62104    69350    57162    28945    21542
6584    7385    7868    4158    6779    5675    5171    9573    10115    9123    4519    14559    12941    22278    29524    51391    62154    57085    27442    21080
7449    5702    4782    9112    6456    4515    6671    6921    9360    10897    10589    14865    24377    20829    29287    63018    58912    46324    28235    18096
17188    17935    24900    50243    69432    58226    46352    25448    22623    17358    9323    9851    5825    4264    6457    9171    10768    8859    7831    8008
17392    12948    23617    49226    65283    63861    41008    30990    26976    19506    12239    7873    5787    6538    9142    8670    7498    6591    6382    5945
18262    18911    15136    35314    62289    65518    41562    18059    13286    18692    7632    10899    6883    7098    5833    12672    13673    9185    10620    5999
24905    20173    16494    54777    72552    66527    50504    22270    21430    23769    12566    13556    9124    15861    5745    5708    7214    6956    5441    6448
21957    12734    22645    44651    68126    57063    32020    21983    26801    14373    13501    9427    8287    7877    9157    11695    7514    4678    4704    7373
4760    6751    4676    6806    8038    7972    6075    7956    11192    7535    9786    14374    14777    18770    30244    58118    64256    55015    38590    17708
5918    7447    6994    7155    7966    4064    8880    9079    13985    8976    10174    9365    10901    19814    29884    57946    69288    55169    29561    26775
4500    6590    7226    9170    5236    6326    6816    7909    12774    9153    7687    12372    17895    19753    22127    58046    67183    60874    29818    19552
