16613.333333333332    29109.333333333336    51531.00000000001    59312.33333333333
13712.666666666666    26502.0    55258.666666666664    62644.333333333336
13768.666666666666    33403.0    52101.666666666664    57958.0
14751.333333333336    24703.666666666664    56083.33333333334    56705.333333333336
11564.333333333334    25163.000000000004    52183.666666666664    52700.66666666667
19497.999999999996    35444.33333333333    58780.0    55993.66666666667
20764.000000000004    36565.33333333333    56911.666666666664    53749.99999999999
16859.0    39151.66666666666    60711.0    57904.666666666664
19120.333333333332    39212.99999999999    58713.666666666664    43078.33333333334
20011.666666666668    37411.99999999999    59271.66666666666    44960.99999999999
21591.333333333336    32045.33333333333    51500.33333333333    52439.33333333333
15928.666666666668    32079.666666666664    48825.0    45299.333333333336
15025.333333333332    23833.666666666668    42221.0    49187.0
19326.333333333332    28064.666666666664    51244.0    41961.666666666664
16823.333333333332    27853.0    45378.33333333332    38985.99999999999
17379.666666666668    24249.000000000004    38208.666666666664    36648.666666666664
14370.0    21150.666666666664    36072.333333333336    33408.99999999999
15689.333333333334    27554.666666666668    47448.99999999999    49490.333333333336
13654.666666666668    25545.333333333336    51158.66666666667    47903.00000000001
14024.000000000002    28437.333333333332    54613.33333333333    49440.33333333333
13693.666666666666    30473.333333333332    46173.666666666664    54721.666666666664
17808.999999999996    35690.666666666664    61249.99999999999    51514.666666666664
15455.333333333334    29214.0    54048.0    64813.0
15226.333333333334    27402.333333333332    57864.99999999999    61724.66666666667
12915.333333333334    25991.666666666664    53046.333333333336    62225.0
8578.666666666668    6280.666666666668    7524.999999999999    7767.666666666666
16793.666666666668    32374.0    49866.666666666664    33488.33333333333
18840.333333333332    36392.00000000001    64364.66666666667    58665.33333333333
14671.000000000002    28744.666666666668    48435.66666666667    49858.0
15407.666666666668    29753.666666666664    50658.333333333336    58088.0
17892.333333333332    30480.0    57689.666666666664    60953.33333333333
