2636.0    2862.3333333333335    3481.333333333333    2246.0    2126.6666666666665    2775.6666666666665    4076.666666666667    4019.0    3636.333333333333    6013.666666666666    6327.666666666667    11754.333333333334    21834.0    24415.333333333336    34489.0    23872.0
2555.3333333333335    2734.0000000000005    2952.6666666666665    2023.0    1874.6666666666667    3440.3333333333335    3084.6666666666665    3202.0    4063.6666666666665    3985.3333333333335    7254.0    12005.0    22691.666666666664    26212.666666666668    32552.333333333336    27486.333333333332
2401.333333333333    3495.0    2903.0    3271.333333333333    2518.333333333333    3173.6666666666665    1572.6666666666667    3486.6666666666665    3636.333333333333    5847.333333333334    4431.666666666667    11923.666666666668    19061.0    31958.666666666664    30658.333333333332    26892.333333333336
2834.3333333333335    2106.0    2221.0    5156.0    2884.0    2426.0    1814.0    4839.0    4865.0    5559.0    6333.333333333334    9733.333333333334    20202.666666666668    25317.666666666664    32456.333333333336    23496.0
2299.3333333333335    3538.0    2192.6666666666665    2393.333333333333    2552.3333333333335    3119.3333333333335    1930.6666666666667    3873.3333333333335    2763.333333333333    3920.666666666666    6473.333333333333    10529.333333333334    20271.666666666664    24282.0    28037.666666666664    23434.666666666668
15972.333333333332    25161.999999999996    26578.333333333336    21685.333333333332    22220.666666666664    13533.0    10032.666666666666    5970.0    5924.666666666667    3811.0    3524.3333333333335    3061.3333333333335    3029.666666666667    3279.0    4096.0    1835.6666666666665
18823.666666666664    22604.666666666664    24282.333333333332    21771.333333333332    19544.333333333336    16020.0    8469.0    6965.666666666666    7324.666666666668    3478.6666666666665    4363.333333333334    2619.3333333333335    3017.3333333333335    2428.0    3022.0    3256.6666666666665
17014.666666666668    24821.666666666664    23720.666666666668    21553.666666666664    20787.333333333332    15892.666666666666    10797.666666666666    8261.0    6388.0    4856.666666666666    4577.333333333334    4640.666666666667    2802.0    2752.6666666666665    2907.333333333333    2852.3333333333335
17100.666666666668    19770.666666666668    25976.666666666668    21708.666666666668    16224.000000000002    15851.333333333332    11422.666666666668    6894.666666666667    5386.0    3983.333333333333    3323.3333333333335    1884.0    2511.0    2686.3333333333335    2619.0    2783.0
16381.666666666668    17512.333333333336    21288.0    20019.0    14933.0    14227.666666666666    15337.333333333334    11803.0    6430.666666666667    4118.333333333334    4223.0    3421.6666666666665    4143.0    2500.6666666666665    2249.3333333333335    3067.666666666667
15367.0    15913.666666666666    21313.666666666668    16923.0    16628.666666666668    10013.0    15977.666666666668    11994.666666666668    8429.333333333334    6391.666666666666    3887.6666666666665    3915.0000000000005    2946.666666666667    2811.6666666666665    2825.6666666666665    2237.333333333333
8854.666666666666    13801.666666666664    15112.333333333334    17866.333333333336    14417.333333333332    9803.666666666668    10416.666666666666    9806.0    11248.666666666668    7939.333333333334    6562.0    4225.0    3721.666666666667    3174.0    1837.0    3346.333333333333
2077.666666666667    3277.333333333333    2799.333333333333    3103.0    3948.0    5460.333333333333    9627.0    10936.333333333332    9367.333333333334    9342.666666666668    8404.333333333334    9525.0    8907.333333333334    14034.333333333334    17939.333333333332    11517.666666666666
9749.0    12747.333333333334    12671.666666666666    13183.666666666666    11330.666666666666    8505.666666666666    8893.0    6918.0    8465.333333333334    7711.0    7200.333333333334    9149.0    9363.0    5271.666666666667    6454.666666666666    2982.666666666667
8611.666666666668    10440.0    12994.0    12207.666666666668    8734.0    7487.666666666667    7828.0    6831.0    7484.333333333333    4105.0    8531.0    6770.0    6923.666666666666    6616.0    9079.333333333334    4397.333333333334
9527.333333333334    9958.333333333332    12433.333333333334    11643.333333333332    6938.333333333334    5810.666666666667    6257.666666666667    6412.666666666666    5619.333333333333    6172.666666666667    4141.0    6585.666666666667    5141.333333333334    6720.333333333334    6483.0    6641.0
6708.333333333334    8872.0    11768.0    13351.333333333332    7536.666666666666    6687.0    3603.0    6203.0    5528.666666666666    5175.0    3480.3333333333335    5558.666666666666    4869.333333333333    5333.333333333334    5071.333333333334    5255.999999999999
3233.3333333333335    3704.666666666666    3198.666666666666    4498.333333333333    4001.0    4061.0    8204.0    8819.666666666666    9238.666666666666    11314.333333333334    8947.0    10801.333333333332    11629.0    17015.0    16719.666666666668    14797.666666666668
2729.333333333333    3268.333333333333    3521.333333333333    3968.333333333333    2268.0    2293.6666666666665    3136.0    4844.0    8356.0    12002.0    11308.0    14633.0    11935.0    16719.333333333332    19636.0    17643.333333333332
2875.6666666666665    2620.3333333333335    2839.3333333333335    4406.333333333333    2357.3333333333335    2769.6666666666665    2475.3333333333335    3390.0    4535.666666666667    9353.0    12107.333333333332    17854.666666666668    16409.333333333332    21442.333333333336    22158.0    18920.666666666668
2190.0    2584.0    3267.333333333333    2439.0    2495.6666666666665    3020.333333333333    3951.666666666666    4450.666666666666    4253.666666666666    7859.0    12909.333333333332    17012.666666666668    16797.333333333332    20659.0    21702.333333333336    19470.333333333332
13815.333333333332    20068.0    18823.0    17213.333333333332    17619.333333333332    12591.0    8785.0    5062.666666666667    4498.666666666666    4131.333333333333    6458.0    8218.0    7115.333333333334    6980.666666666667    8374.666666666668    6510.0
2505.0    2837.666666666667    3027.333333333333    2457.3333333333335    2255.6666666666665    2837.333333333333    2593.9999999999995    5125.0    4998.666666666666    4672.666666666667    7888.0    15686.333333333334    24938.333333333332    30987.666666666664    24034.0    26685.333333333332
2760.0    1623.6666666666667    2946.3333333333335    2066.333333333333    4038.0000000000005    2287.6666666666665    3048.0    4027.3333333333335    4109.0    5892.0    9142.333333333334    14617.333333333332    22867.333333333332    24892.666666666664    30596.333333333336    27304.0
3395.3333333333335    2066.0    2743.0    2008.6666666666665    2319.3333333333335    3331.666666666667    3359.666666666667    5571.333333333334    4710.666666666667    4758.333333333333    6835.0    12483.333333333332    18010.333333333332    30051.666666666664    30125.333333333336    22408.666666666668
2219.6666666666665    1679.3333333333335    1870.6666666666665    1952.3333333333333    1861.0    1974.0    1651.3333333333335    2969.0    2145.6666666666665    1597.3333333333333    1797.6666666666665    1705.0000000000002    1636.333333333333    1545.6666666666667    1719.0    1827.9999999999998
10284.666666666666    15610.333333333332    23459.666666666668    21992.333333333336    13888.333333333332    9873.333333333334    6465.333333333334    4832.0    4046.0    5518.999999999999    2507.6666666666665    2369.3333333333335    3168.0    2634.3333333333335    2899.3333333333335    2973.0
8395.666666666668    15972.666666666668    22140.666666666664    26259.0    14216.999999999998    8766.0    5345.333333333334    6184.333333333334    4246.333333333333    4170.0    7234.333333333333    5135.333333333334    10881.0    13461.666666666668    12417.0    13436.0
2252.3333333333335    2849.0    3195.0    1777.3333333333335    2021.333333333333    2550.3333333333335    2035.0    3497.333333333333    3477.333333333333    5380.0    5752.333333333334    10313.333333333332    12065.666666666666    25785.333333333332    35010.666666666664    23747.0
2721.6666666666665    2914.333333333333    2756.6666666666665    2333.333333333333    1935.6666666666665    1990.0    3413.6666666666665    2699.0    3817.666666666667    4505.666666666667    7638.0    7554.666666666667    16377.333333333332    30078.333333333332    35887.333333333336    27284.333333333332
2450.6666666666665    3211.333333333333    3081.6666666666665    2737.3333333333335    3720.333333333334    3224.333333333333    1984.666666666667    3644.0    4758.666666666667    4469.666666666666    4929.333333333333    9415.0    19051.666666666668    37139.0    35946.666666666664    27251.0
