28527    29180    35563    77416    86171    74114    34553    29905
26673    22901    36837    78953    90630    66300    24720    32183
29660    22740    41627    83531    96929    73048    36767    26524
29057    30155    28405    79751    98644    72730    28420    25544
29325    32271    47655    89144    99795    62322    24933    34160
37678    29302    45945    112510    101172    49661    24352    29485
29551    17392    35270    88528    96054    74349    24577    25681
28395    28014    39887    81200    102491    53124    25750    31861
34174    32904    52365    109770    90612    57118    28661    24780
30828    24431    47824    87209    101073    51549    26927    22759
31770    20604    27833    54529    61948    60630    32544    24590
32863    24645    40113    49171    84501    56334    35135    33294
32276    24664    35738    67767    74776    42601    27033    24079
28114    27290    33830    60606    73886    51421    30771    29065
21808    26524    27975    58814    60682    47494    29487    18565
24939    20142    25881    51223    51097    42735    28200    21926
26167    30554    36903    74828    79679    58736    28212    24069
38984    25022    39228    89071    87766    51905    27642    26487
32097    21976    24776    67475    82121    60244    33308    30244
28548    24294    31599    67597    93402    70749    29890    32563
22819    23253    29733    68377    90470    82667    37062    30625
30668    19320    24527    82156    88592    67076    28430    25690
32901    25827    35702    62990    89686    68564    34230    27846
30199    30605    41164    76553    82193    62353    29159    27509
31535    26678    45261    84019    88943    62724    25460    28081
28593    32447    47252    85787    99207    58660    41265    30363
31630    28489    49473    94892    96034    66738    25519    33165
40187    33104    43503    89776    81252    60613    24933    28233
26318    27673    37814    62415    91087    71160    29623    33392
27906    31716    30832    59214    86110    73327    40443    32190
32694    28439    45322    70487    80932    58506    30616    29638
