7477    6780    7989    7697    6093    8315    7532    7502    8527    12315    8983    8671    9610    24294    35814    53533    56892    45345    45872    26188
7664    6728    4363    7906    7219    4258    6953    9393    10588    6870    14876    9803    14963    18966    29007    41764    52017    51196    40086    34577
8448    7962    4841    4940    5982    7837    8718    6033    10800    8330    8585    9324    10472    18164    30071    50447    54109    60905    53914    40944
8758    6006    5044    5806    4600    7632    6932    8034    7635    9234    8705    12756    13233    23044    40236    39396    54303    56509    47340    27503
13027    14334    29393    37950    44016    49874    44432    46061    32656    22858    11903    11088    7765    8074    7382    6690    7105    7008    8274    9715
12140    20621    38657    52133    42865    49688    41422    45491    25709    22782    12609    11181    10942    7371    7457    5339    5521    6767    4997    6413
7435    9886    7071    4745    9109    7366    8547    6958    7023    9215    10318    9798    17835    32077    42684    42458    33312    39977    42685    42903
12999    32439    35774    31402    31588    31236    36408    37291    25645    28654    11732    9765    6985    8637    10397    6859    10479    6603    8783    7046
25475    37110    42496    37612    33917    32241    25527    39181    32276    21409    20497    9408    17045    11840    7965    11835    6281    8028    5080    5161
21313    34115    33590    25843    36872    28706    30768    27443    32898    30544    18415    15869    10322    5965    6602    8303    7257    4997    5479    7299
8784    5127    9372    5648    4481    5569    9988    10574    8612    12739    17648    19524    29880    23295    24258    23523    24761    22567    24520    23578
5091    6172    8422    4975    10353    9146    10976    9592    23610    24548    28577    33159    21707    21660    22289    20757    25491    22595    26080    20856
6500    7712    8136    11977    9149    6684    11690    20353    24117    29364    15029    20636    24093    20644    14878    22011    24384    15784    19701    16092
6314    5125    8185    8623    18413    22059    21525    20408    25883    22239    22656    17354    15687    17606    10201    16773    14708    18210    23099    19915
19892    18448    9381    11867    10254    12855    12091    14239    14418    14862    13895    15981    15962    12359    16554    14043    14207    17993    13190    18858
12719    8400    14843    15755    16716    11231    11953    17642    13642    10800    16444    15992    8542    8939    18961    14492    7037    10715    17455    13865
19632    16894    21421    21964    16407    22386    9362    14060    18006    29232    24427    24795    22825    14117    16752    15748    14462    9876    13836    12946
29806    31446    29006    26084    27519    28772    30322    17470    24715    20816    26323    25819    11962    10946    8330    10576    6461    5070    7977    6685
3406    8628    7086    4543    4972    5160    4813    7622    11430    13121    8586    16647    25939    33218    30178    30644    28112    37200    30414    40522
5043    4762    5552    7467    6395    7992    7569    4622    6142    9694    8567    15143    18039    31056    38417    49412    37440    41651    38406    35273
7147    8789    4786    5989    8507    5272    6918    6596    10367    12851    11256    15075    11142    15691    41773    45552    46142    44737    39503    36913
6210    4977    6904    5146    8876    5630    8644    6010    8892    9281    7250    9485    7944    23494    34873    40024    41929    48105    44629    38156
6137    9584    4905    3527    6817    4337    12558    8238    8729    11902    9963    15682    10797    18902    36112    54203    48363    40990    39154    26846
13437    11725    27710    36110    45060    53175    37141    30914    21248    16969    14959    12752    9828    9244    7596    5470    4270    6298    8684    7145
14696    14345    25748    38406    50308    53202    41657    24515    24636    20269    14729    14120    8265    6076    6247    7902    7052    6362    6667    7499
14132    18628    25231    50125    55560    45275    48733    35497    24828    19358    17415    9859    9738    6760    5534    10025    6769    8667    4914    6526
9159    13837    25078    31407    57158    56936    56230    46979    23197    17105    20169    11453    10917    5291    11964    4781    5505    5053    6917    6804
11715    18353    23655    38310    51580    58894    43753    34110    21288    18230    13536    10669    6706    8338    5415    5076    8976    8848    6967    7182
4567    6319    6919    5896    9377    7485    6031    9118    7760    9557    8937    10462    14889    16833    25727    43739    61266    53652    45644    25304
7736    4809    5340    3999    9215    7241    6039    7912    8162    8861    8899    11773    13509    22514    28375    49840    58162    47179    44825    27348
15751    17795    21523    33903    59357    52497    35222    26921    22343    15516    13097    11035    7935    7043    6801    7138    5409    4962    5807    6579
