29118    33330    57742    60449    46562    12002
19696    22853    51034    59668    39006    18326
14145    22042    36878    50115    35109    22766
14738    20990    34902    48960    41247    20326
20207    20547    44892    41895    42122    17388
13111    20098    36413    44154    43998    17896
13879    27706    30696    43570    29546    20981
12912    19641    34244    37363    31083    24083
12557    16227    22288    26236    26298    15560
12702    22594    30887    39982    27674    12441
14314    18300    27645    31375    19855    17595
19157    22879    49478    59694    33276    27131
13929    25464    36992    66886    39600    19735
18854    22290    29360    49370    49745    24642
18279    21809    44292    70039    48048    19982
22276    21853    42809    59285    38212    19900
17748    16788    46803    57009    41134    19085
17409    19575    39542    58648    51322    30886
14687    20932    42954    63412    61822    27313
16994    20519    42505    65380    50792    24007
19598    20840    57743    70031    62051    26713
