25364    27892    19253    23112    29249    22634    19062    20052    14290    5710    5014    4962    4903    6857    6668    4181
16859    22369    16453    14867    21577    10262    20099    26504    15157    12190    8068    6459    6119    4190    4761    4649
12902    19762    9951    21536    15565    12494    13853    15991    12924    12688    10208    4749    3816    4501    4679    5436
12231    13600    15337    12342    14414    11786    16633    13269    10549    13933    12272    12667    9743    3679    4095    4613
3132    7466    5030    6699    12970    15775    14946    15727    15613    13593    12598    11324    15920    15183    10124    10951
8845    13240    11542    8092    10747    16886    10846    10317    7304    15845    12262    12183    15521    12015    6074    3951
9291    13694    15298    8835    8844    8954    11853    5949    12300    6415    10973    12262    9085    10298    14990    7337
7888    9947    14974    5635    11319    8692    8822    13754    13365    8142    9462    10206    10896    8355    9813    8056
9606    11535    7951    6627    4815    10099    6448    8751    5723    6448    6244    7798    8834    9078    4027    5182
11439    10688    11001    9896    9946    10733    11252    8798    10663    11084    4490    6345    9072    8032    6629    6212
7937    6430    3933    6212    10010    7640    9765    8630    8634    9148    6524    8591    8553    8164    7855    11058
14946    6574    8717    15920    11370    13376    10999    20278    14139    18640    13910    14399    16405    7063    9869    15010
8796    11255    10116    12324    12774    10449    9610    14377    13535    24225    14435    15330    8501    11955    9090    15834
7925    3638    4401    4609    7176    8456    13294    14401    17330    13378    18983    26579    16696    12288    11963    13144
4524    4944    5992    5884    6882    5338    10384    13536    18140    24757    21325    22733    20808    20061    19526    17615
20680    20451    15410    17034    19995    27464    25026    14404    10552    4952    6227    5929    3590    3923    4486    4212
2731    3557    3889    6014    7324    4524    4155    10159    12728    19555    21088    18811    20047    19850    19376    24759
4632    3028    5142    4845    4241    5168    6004    7439    9377    18652    24076    29199    28874    22955    21485    22265
4922    4621    5685    4761    5490    5299    4578    9990    9221    18505    21234    28005    32526    32921    23282    20080
4298    6636    3783    5550    4406    7202    4438    6651    4176    8867    26425    22418    24999    25454    32745    32149
7114    5136    4509    4817    4100    6344    4978    11992    9258    13194    21946    37062    29982    37437    26912    32195
