17721.666666666668    32094.666666666668    62142.00000000001    93442.00000000001    86428.0    45775.0
20060.333333333336    23095.666666666668    53008.00000000001    76242.66666666667    80150.99999999999    51528.333333333336
19090.666666666664    25465.666666666668    57652.0    88258.66666666667    84158.33333333333    44196.0
17607.0    29220.33333333333    70842.00000000003    87303.99999999999    79158.00000000001    46470.33333333332
14391.333333333334    18789.666666666668    48641.0    76167.33333333333    73541.66666666667    49102.333333333336
13907.333333333332    19951.000000000004    48443.333333333336    74979.66666666667    77150.33333333333    50220.00000000001
20025.333333333332    26822.333333333332    47633.666666666664    77074.00000000001    75179.33333333333    49170.0
21148.0    27136.333333333336    67713.66666666667    95919.33333333334    81755.66666666666    44857.33333333333
21547.66666666666    29145.666666666668    68372.66666666666    82126.33333333334    79324.33333333334    37139.33333333333
18968.33333333333    32288.000000000004    58207.99999999999    86299.66666666666    77779.66666666666    39266.333333333336
18548.0    29903.333333333336    52150.0    69538.33333333333    67371.33333333334    37278.33333333333
17285.333333333336    27620.000000000004    53763.666666666664    69154.0    65546.33333333333    37232.66666666667
18470.333333333332    22914.000000000007    49164.33333333333    75292.33333333334    56264.333333333336    37044.00000000001
17795.0    24497.333333333332    45424.333333333336    69108.0    61208.33333333334    36097.33333333333
18254.66666666667    23758.666666666668    42100.333333333336    67379.0    60362.333333333336    30578.333333333332
18387.000000000004    19016.666666666668    38800.33333333333    57849.333333333336    55782.0    30387.0
14361.333333333334    19148.333333333336    38251.33333333333    50449.99999999999    45936.33333333334    30848.333333333332
17100.333333333332    27438.333333333332    52181.00000000001    82734.99999999997    76543.0    40502.0
16870.666666666668    20304.0    46881.0    68112.33333333334    65067.666666666664    44654.66666666667
19393.333333333336    26394.333333333332    50889.00000000001    75208.66666666667    85312.66666666667    47635.666666666664
14281.33333333333    18877.666666666668    48261.66666666667    74218.33333333334    73460.33333333334    44510.00000000001
22705.666666666664    30959.666666666668    66309.99999999999    84979.66666666667    83054.00000000001    40527.99999999999
19647.999999999996    24892.000000000004    62522.66666666666    83666.66666666669    77994.33333333333    48641.333333333336
17302.333333333332    24182.000000000004    47579.33333333333    81215.33333333334    80406.66666666667    49361.666666666664
16540.333333333336    20380.666666666668    53290.0    82922.66666666666    72574.0    49396.33333333333
16737.000000000004    23451.0    41666.333333333336    75877.33333333333    77237.33333333333    39330.99999999999
17588.0    23474.333333333336    47276.0    79945.66666666667    70633.33333333334    50196.0
14695.666666666668    24226.333333333336    51717.333333333336    77595.66666666666    83158.66666666667    47417.333333333336
15949.666666666666    23307.333333333336    50583.666666666664    73189.0    77075.66666666667    48989.0
19508.333333333332    20250.666666666664    48868.00000000001    77688.66666666667    79192.0    53490.33333333333
20084.666666666668    28254.333333333336    59266.0    81439.33333333334    76047.33333333331    46244.00000000001
