10805.666666666666    22805.333333333332    33404.0    46645.333333333336    44190.0    36416.666666666664    20867.333333333332    11493.666666666666    9804.666666666668    11298.666666666668    9664.666666666666    8630.0    5750.333333333333    11654.0    13411.0    15192.666666666668    16362.999999999998    9206.333333333334
4473.666666666667    4807.333333333334    6493.666666666666    4319.666666666667    3770.0    5561.0    6098.666666666666    5388.0    5762.333333333333    7618.333333333333    9631.333333333334    11488.0    14995.000000000002    31275.333333333332    48679.666666666664    55912.0    48720.00000000001    29091.999999999996
8700.0    20845.666666666668    29631.33333333333    31317.000000000004    35183.0    33050.333333333336    17901.666666666664    11576.666666666666    8560.333333333332    9284.666666666666    9970.333333333334    10413.333333333334    7435.0    14920.666666666668    20621.666666666668    20895.333333333332    19591.333333333332    8923.0
17967.0    31750.333333333336    48059.333333333336    50904.0    48047.0    38952.66666666667    20245.333333333336    16139.0    10535.0    8791.666666666668    6255.333333333333    6007.333333333333    5648.666666666667    5199.666666666667    5000.666666666667    3522.3333333333335    4148.666666666667    3427.666666666667
3748.3333333333335    5042.666666666667    5084.666666666667    3307.3333333333335    3832.3333333333335    3566.666666666667    5658.666666666667    4435.333333333333    5865.666666666667    7405.333333333334    8792.333333333334    12716.666666666666    19496.333333333336    35111.0    39508.99999999999    42674.33333333333    42325.333333333336    32061.333333333336
3912.0    4545.0    5130.333333333333    5317.666666666667    4330.666666666667    3949.0000000000005    4013.3333333333335    6204.333333333333    7081.000000000001    9013.333333333334    7941.666666666666    14578.0    24469.666666666668    31261.000000000004    34629.66666666667    41671.333333333336    43765.666666666664    32838.0
9068.333333333334    12913.333333333334    16064.666666666666    13972.333333333334    15732.333333333334    16388.333333333336    16925.0    11926.0    9371.666666666666    6410.666666666667    9014.0    12119.000000000002    17446.333333333332    22092.333333333336    26288.666666666668    26547.333333333332    31219.66666666667    22404.666666666664
24781.0    34585.33333333333    38215.0    43069.33333333333    38319.0    32774.333333333336    30889.666666666664    27633.666666666664    10653.666666666668    12665.666666666666    4936.0    7000.333333333333    7296.333333333334    6619.0    5626.666666666667    5040.666666666666    4078.0000000000005    4346.666666666667
23631.999999999996    31537.33333333334    32404.333333333336    33169.666666666664    36838.0    31657.666666666664    29190.333333333332    22483.666666666668    17883.333333333332    12596.666666666668    6556.0    6372.666666666667    8770.666666666668    5387.666666666667    5774.333333333333    3917.666666666667    4815.666666666667    4668.333333333333
29637.0    28871.666666666668    26988.999999999996    26746.666666666668    29449.333333333332    27380.000000000004    26098.0    29220.666666666668    23358.333333333336    15375.666666666666    11199.0    9671.666666666666    7376.000000000001    5275.666666666667    4940.000000000001    3086.3333333333335    3072.3333333333335    5062.666666666667
19884.666666666668    21845.999999999996    24018.333333333332    24772.666666666668    26134.333333333336    21062.0    20913.666666666668    19319.333333333336    21439.333333333332    17558.0    12224.666666666668    8135.000000000001    6372.333333333334    6382.666666666667    5152.666666666667    7484.0    5797.666666666666    6292.0
23120.0    20127.333333333332    21242.666666666664    23198.666666666664    25725.999999999996    20101.0    16427.333333333332    15632.666666666668    19806.0    20557.0    14503.666666666666    14893.999999999998    10144.333333333334    5070.333333333333    5264.333333333333    4957.0    5365.333333333333    4464.333333333333
14722.666666666666    14942.666666666666    20310.666666666664    18638.666666666668    25683.666666666664    22809.666666666664    17828.666666666668    17675.0    15240.0    16359.999999999998    13780.333333333334    14012.0    15385.666666666666    9955.0    6419.0    4922.333333333333    4525.333333333333    5938.0
13348.333333333332    15722.0    17767.333333333336    21298.333333333336    17301.333333333332    20734.666666666664    14741.333333333334    12103.333333333334    11329.0    15854.33333333333    14936.666666666668    13610.333333333332    14627.666666666666    15008.000000000002    12362.0    11184.333333333334    6625.333333333333    5576.0
10991.333333333334    12233.000000000002    15766.333333333334    16293.666666666666    21438.666666666664    18441.333333333332    14467.333333333332    12861.666666666668    10299.000000000002    12729.0    14685.333333333334    11496.0    7658.666666666666    13729.666666666666    13883.333333333334    14060.333333333332    12900.0    8498.666666666666
12590.0    13335.0    10731.666666666668    13202.666666666668    13673.666666666666    9944.333333333332    10734.666666666668    10263.0    10232.666666666666    11491.000000000002    9564.333333333332    11649.666666666666    13452.0    11113.666666666666    14353.333333333334    16908.0    13788.0    13194.666666666666
10053.666666666668    9070.333333333334    12820.666666666666    20098.0    16959.333333333332    14835.0    11567.333333333332    9349.333333333332    9121.666666666666    7942.666666666667    10808.0    10059.666666666666    10162.666666666666    9413.666666666666    11925.0    6196.0    8923.0    9689.666666666668
21075.666666666668    17796.0    24510.666666666664    23781.0    25219.333333333332    24658.0    18327.333333333332    17526.666666666664    20029.666666666664    17855.333333333332    15397.333333333334    13655.666666666666    10461.666666666666    9668.333333333334    10375.666666666666    8728.0    8143.333333333333    9290.0
4323.666666666666    4268.666666666667    3772.3333333333335    4384.0    4624.333333333333    5054.0    8089.0    7016.0    6928.0    9021.333333333334    16287.666666666666    19963.333333333336    26162.333333333336    29094.333333333336    29612.0    30182.333333333332    31647.999999999996    21459.0
8428.0    14445.666666666666    13626.333333333334    18158.333333333336    18497.333333333332    15765.000000000002    12876.0    10008.0    11160.666666666666    8638.333333333334    12407.0    15791.333333333334    23201.0    24776.333333333336    21492.666666666668    24233.666666666668    24682.333333333336    26645.666666666668
3783.0    3853.6666666666665    3536.3333333333335    4248.333333333333    3765.6666666666665    4585.0    5854.0    6160.666666666666    6571.0    6529.000000000001    9864.333333333334    13832.666666666668    26704.666666666668    35073.0    38226.666666666664    35678.666666666664    30142.666666666668    35200.0
20558.666666666668    28669.0    44263.33333333333    45093.0    41080.66666666667    39220.666666666664    31436.666666666668    17591.666666666668    12615.999999999998    7777.666666666667    6606.0    5118.333333333334    5543.333333333333    5208.666666666667    4395.666666666667    4751.666666666667    4713.0    3893.0
20017.333333333332    34500.333333333336    38817.66666666667    49723.66666666667    39742.333333333336    37052.333333333336    24940.000000000004    16024.0    11327.666666666668    6475.666666666667    7898.666666666667    6296.0    4443.333333333334    4090.0    3871.6666666666665    3471.0    4530.0    4143.333333333334
4135.0    3909.3333333333335    5389.0    3920.666666666667    4996.666666666666    5490.333333333334    5095.999999999999    5530.666666666667    6237.666666666667    8621.333333333334    6925.666666666667    14710.999999999998    22513.333333333332    35915.666666666664    40179.666666666664    53651.666666666664    39619.00000000001    33204.666666666664
5586.0    4822.333333333333    4072.666666666667    4724.333333333334    3117.6666666666665    3817.666666666667    5801.0    5497.0    7115.333333333334    5830.333333333333    10849.333333333334    10286.666666666666    19710.666666666664    31593.666666666664    45390.333333333336    50674.33333333333    44176.66666666667    32038.0
3310.6666666666665    4538.0    3857.3333333333335    4049.333333333334    3636.0    3913.0    5135.333333333333    5693.0    5831.333333333334    5964.333333333333    9765.333333333334    13129.333333333334    16377.333333333332    32100.000000000004    41604.666666666664    45865.00000000001    45084.333333333336    24445.666666666668
4361.333333333334    4153.666666666666    3095.6666666666665    3827.3333333333335    4655.333333333333    4292.0    4991.333333333334    6092.666666666667    6582.0    9710.666666666668    7729.333333333334    10429.666666666666    14004.333333333332    32930.666666666664    45747.66666666667    51780.00000000001    46918.333333333336    27811.333333333336
4108.0    5119.333333333333    3519.333333333333    4640.0    4071.333333333333    4668.333333333333    5656.333333333333    5900.0    6289.666666666668    8083.0    8018.333333333333    12708.666666666666    13458.999999999998    33347.66666666667    49538.333333333336    53786.0    43571.666666666664    32325.999999999996
4080.6666666666665    4641.0    5671.0    3907.666666666667    4834.666666666667    4524.333333333333    5127.333333333333    6669.0    5610.333333333334    6063.0    9397.333333333334    9353.666666666666    16807.0    27530.999999999996    45943.0    54328.333333333336    46934.0    27671.0
4714.666666666667    4064.6666666666665    4540.666666666666    3599.0000000000005    4711.666666666667    5472.0    5656.666666666666    4716.0    6863.333333333334    8538.333333333332    7878.333333333334    7168.666666666667    14342.0    32084.666666666668    54648.666666666664    54067.33333333333    41998.666666666664    33932.666666666664
10900.333333333334    18298.666666666668    37558.666666666664    54293.0    56266.333333333336    35443.33333333333    22181.666666666668    12059.333333333334    7472.333333333333    12625.000000000002    8646.0    6770.666666666667    4852.0    4251.333333333333    4873.333333333333    4978.0    5584.666666666667    4281.0
