23836    29256    65091    82183    60266    22336
17174    28701    59397    72118    36359    23935
17096    19708    42019    61070    39048    22593
15159    21505    48211    53173    45891    22287
13461    19033    40880    46143    42637    30189
14268    24882    42208    54804    52278    20991
11248    20971    42135    52806    42984    21904
14412    23989    33806    47934    41681    20866
23546    23517    39222    43438    33761    23960
8943    15779    24351    32542    26504    18870
9224    17514    31294    27535    20102    19007
14861    19740    31387    33793    28699    17279
16103    26533    45065    48525    39021    30406
11553    29693    60985    61655    41449    16041
13518    20824    42782    54020    41090    24641
14354    17551    31746    43253    47102    24575
11839    21883    38747    51412    40990    30521
13506    18335    37655    57508    55090    24413
14675    16752    47678    57926    44063    32674
15405    15282    36435    67656    39159    32122
12521    16403    43715    58112    44173    22313
