26308    32902    29492    21733    20620    28941    29420    23158    13387    12653    9107    6090    7331    7665    8807    5354
20534    20691    18862    12058    18384    15146    17614    24534    19287    17381    18030    8166    7113    4811    7183    7890
8689    3790    4229    4397    5595    7505    8320    18528    16115    17212    19431    19836    16196    17534    14870    19287
5578    4303    4702    4687    8157    7299    9791    20621    21552    17328    16951    18297    19420    15750    21257    10533
5391    7008    4457    7094    6514    13035    18461    23290    16282    9639    14584    12228    16384    10219    13804    13953
4537    6920    7165    8169    14474    28798    20143    15761    10818    14387    13535    13440    18541    10697    10526    11520
6336    4087    14864    13609    23817    12231    15153    13548    11140    8542    9295    11699    12901    9609    14760    10457
10809    8612    22898    11130    13279    7397    9431    12338    12232    11702    12878    7208    13558    6071    12578    10567
8725    7192    11432    9441    14880    7792    10719    12965    12989    13644    15145    10511    14142    13240    15315    9312
5608    6636    6345    10316    8039    8653    8817    9608    7399    8664    6415    7166    8835    8103    7197    9188
7962    7971    7072    9390    7488    9511    6532    10452    4908    6044    6829    4823    6160    8439    8190    12905
8560    7183    5460    10744    10500    8622    13323    6883    11350    7123    7665    9871    6422    9873    12245    9935
8793    8712    7272    11493    7049    8166    15370    17345    20569    12232    19854    18319    15836    11657    9643    13343
6169    4547    5597    5721    3711    8482    8854    8377    21273    21767    25633    20800    14721    23138    21391    21195
6936    7580    4938    5898    3856    4457    5728    12131    17254    19669    23055    17783    16337    13769    18071    19413
4499    6518    5804    4685    2990    4426    7764    5849    9386    14628    10724    22036    21138    22406    18575    17153
3827    3746    5840    5141    4061    7107    5181    3613    10219    11391    18020    27161    31021    20494    19466    19104
3269    2879    5574    4901    6028    6362    7423    10382    8028    12508    15764    27982    22610    28064    22702    22031
4604    2649    3998    5363    3726    4848    4462    6178    6555    12379    15875    27887    25490    28748    30034    30972
3407    3319    3791    3244    4825    5674    6370    5383    10040    11419    11109    19767    35210    34801    20631    27069
6401    5529    4682    3774    4059    3823    10508    7783    4556    4361    15926    14587    22848    36770    25545    26085
