18902    39243    52938    79385    37328    18386
14180    27185    62715    64930    38573    20924
22136    31276    61520    53724    40999    28290
12985    26718    55028    62947    49729    17476
15742    27085    49234    54263    41020    21219
15743    25024    38078    52519    36169    21047
13771    25298    42677    61777    39492    22860
16013    17462    37971    47400    34765    19749
15237    16029    37286    45898    26220    17010
13815    21083    37992    48453    32430    15904
13116    26584    45472    68084    38976    23104
13796    15783    25745    26557    18289    20404
13717    22200    47090    56604    47892    21064
10556    28752    51618    61539    36626    26746
12897    27728    50131    59157    41612    23468
15486    26103    47797    57769    46561    23967
20498    23359    47888    59270    44495    25375
16309    26860    36099    62963    54976    23272
17441    36449    52423    65194    47048    18916
18942    40895    63715    88108    41719    14712
13629    36209    62501    62216    56209    15077
