22684    24147    23005    18379    29792    20941    19513    16265    17550    10796    7811    8085    5949    11766    4194    5305
20038    15795    17542    17549    15626    18129    16448    19090    22075    20267    14111    8128    6889    4950    4280    7590
13508    18367    16881    17340    20017    17662    15197    23093    22076    18290    12919    10184    6200    12599    7034    6578
18037    20177    10177    8980    13549    22253    13739    18811    22348    14283    16418    18927    10856    5189    5548    5591
15391    14391    13199    11590    15281    13349    14424    13645    19935    11872    15994    14352    10155    13681    5228    6076
7981    5356    11710    8774    13008    16931    15452    16869    8631    13826    10805    14207    9510    14223    12330    8967
10671    15896    12324    20481    14818    17804    14749    9887    10597    12542    13631    10528    9088    9031    12225    11603
15791    12963    14290    13775    10436    12131    9677    9372    8458    10875    7472    12010    7363    11524    7507    9716
21047    12693    11486    8638    10824    10015    8054    11426    5991    9458    12546    4795    7798    7206    5637    10066
20488    9655    9999    11969    12908    12903    10152    10645    9443    8401    5879    9283    8740    10825    10351    8036
6260    5917    9179    4102    7686    14951    14535    14191    16653    21026    15089    16717    17560    14484    18900    18086
10123    5385    7832    10058    8260    7090    9404    4500    7964    5891    6682    7875    7378    9617    6452    6063
8373    6289    6833    7568    8678    7978    14325    12606    17475    20780    25253    23914    9469    12391    14181    12454
4687    4168    5378    4971    6680    4947    9266    19628    16654    23587    16918    22266    19285    18457    13067    25878
3842    5594    2719    5613    7686    6857    7601    13429    18454    19879    20427    18150    21187    28377    17218    17960
4335    5073    2573    5913    7555    5514    5027    9270    10846    24421    26770    23584    20063    19608    24031    23100
2702    6169    6621    3093    3808    7201    7746    5731    10887    16607    24787    28071    33917    22435    20885    20225
4413    2986    3361    6650    3303    5436    4648    13170    9531    14060    23735    26883    27877    24697    22941    26788
26719    29685    23135    22693    27021    23746    18684    15697    8011    6755    6857    6201    4299    5438    6721    5809
32836    29443    26499    26232    31178    26179    22446    19971    6392    9877    8789    6706    4791    8987    4129    3636
29147    33789    29356    31979    24972    23630    16472    9309    12108    4601    7082    5646    4635    5303    4990    2822
