17762.333333333336    22292.666666666664    50724.66666666666    77251.66666666667    81449.33333333334    53918.00000000001
20492.0    27784.66666666666    65610.00000000001    82517.00000000001    75678.99999999999    44447.666666666664
17440.0    26745.333333333332    62600.666666666664    91183.66666666666    80963.66666666667    46740.333333333336
18674.000000000004    28775.33333333333    68806.33333333333    77410.66666666669    79836.66666666664    43265.99999999999
19072.0    23140.666666666664    53911.666666666664    76530.33333333334    80926.0    39988.333333333336
17786.333333333332    26125.333333333332    64686.0    82762.99999999999    75752.66666666666    39356.0
15894.0    29364.000000000004    58991.999999999985    84786.66666666667    76878.99999999999    41006.333333333336
17297.666666666668    25571.333333333336    54292.33333333332    86936.33333333333    73772.99999999999    40001.0
17394.666666666668    23947.0    52174.666666666664    75399.66666666667    80123.0    51369.666666666664
14468.666666666666    20535.666666666664    47968.333333333336    69484.66666666666    70989.66666666666    39034.0
15363.0    23354.0    50832.66666666667    68440.66666666667    63556.333333333336    39931.00000000001
17844.666666666668    18905.0    44387.333333333336    66260.0    72041.66666666667    41219.33333333333
17805.000000000004    27425.0    49168.99999999999    68849.0    64068.999999999985    37999.66666666668
17542.000000000004    23292.666666666668    41885.666666666664    73052.33333333333    66829.66666666666    41478.33333333333
15827.000000000002    23713.333333333336    45002.333333333336    69731.33333333334    63720.33333333334    33761.33333333333
18605.333333333332    22189.999999999996    44695.0    70074.99999999999    65382.66666666666    45275.99999999999
19000.666666666668    24770.666666666668    47486.0    67088.33333333333    66407.0    40007.66666666667
18439.666666666668    23467.666666666664    54832.333333333336    69252.66666666667    63406.66666666667    44461.333333333336
15717.0    20685.666666666664    45075.333333333336    78550.33333333333    71447.00000000001    49200.0
17143.0    28307.666666666668    62813.33333333332    93620.33333333333    78809.66666666666    52494.66666666666
21201.666666666668    33060.33333333333    65484.66666666667    96008.33333333331    84978.0    38523.99999999999
18170.66666666666    26500.66666666667    64697.666666666664    101216.66666666664    74032.66666666666    40020.0
19261.0    30116.666666666664    70042.0    91601.33333333337    77095.00000000001    38778.33333333333
21630.333333333336    34517.66666666667    70655.0    95229.99999999999    79857.33333333333    43150.33333333333
21113.666666666664    29756.33333333333    75648.33333333333    87801.00000000001    79227.33333333334    41494.66666666667
17145.0    22037.666666666664    47548.333333333336    79599.33333333334    85354.33333333334    51701.666666666664
15096.333333333332    22531.666666666668    52869.66666666667    82306.0    78935.33333333334    46997.666666666664
20653.0    30876.0    58976.00000000001    84381.0    79083.33333333333    47094.33333333334
15596.333333333334    23131.333333333332    47066.333333333336    74488.0    82242.66666666666    49305.333333333336
17931.666666666664    20413.0    50559.66666666667    83405.0    81601.0    51286.333333333336
16883.33333333333    24410.999999999996    44070.666666666664    78317.0    84088.66666666667    50990.333333333336
