3807.666666666667    4021.0    3386.3333333333335    3752.3333333333335    4091.0    4544.333333333334    4463.333333333334    7492.666666666666    7098.333333333333    6812.0    11335.333333333334    13060.666666666666    26207.0    38004.0    54166.0    46716.666666666664    39635.0    24805.0
18621.333333333332    31703.333333333336    46611.00000000001    53030.00000000001    42525.666666666664    34111.0    16610.666666666668    12593.333333333332    7933.333333333333    6593.333333333333    6729.000000000001    8399.333333333332    5979.0    5885.000000000001    4890.333333333333    4274.0    5490.0    4550.666666666667
20903.666666666664    37597.666666666664    45347.666666666664    48900.66666666667    48888.333333333336    37433.0    19751.0    11707.333333333334    7636.000000000001    7218.666666666666    7482.666666666666    6938.333333333334    5152.0    5239.666666666667    4250.333333333334    3431.333333333334    4261.333333333333    3534.0
25635.666666666664    33483.33333333333    49085.66666666667    45044.0    43881.0    30069.666666666664    20350.666666666664    9501.666666666666    8453.666666666666    6061.0    6578.0    5595.666666666667    6117.666666666667    5784.0    5298.0    4133.333333333333    5568.333333333333    6127.666666666667
4594.666666666666    4286.0    5213.666666666666    5000.333333333333    4191.333333333334    3725.6666666666665    4524.0    5210.333333333333    7786.0    7277.333333333333    12116.0    16980.0    25504.000000000004    39898.66666666667    41406.333333333336    40739.33333333333    35699.0    29416.333333333332
23740.999999999996    29933.0    28035.666666666668    27282.999999999996    28919.333333333332    25573.333333333332    20685.0    11235.0    8034.999999999999    6827.333333333334    8439.0    7739.333333333333    8078.0    16292.000000000002    14957.666666666666    19091.666666666668    11134.666666666668    10469.333333333334
19041.0    25395.333333333336    23688.999999999996    26470.333333333336    23288.666666666668    23719.666666666664    19984.333333333332    14630.0    9337.0    8583.0    8876.0    10374.666666666666    14453.333333333334    17650.666666666668    15253.666666666664    20858.0    12521.0    12796.333333333334
20324.666666666668    22953.0    26215.666666666664    22916.333333333336    20626.0    25532.333333333332    18891.333333333332    14019.333333333332    10030.666666666666    7152.0    9182.333333333334    10192.0    14127.666666666664    14939.0    19755.000000000004    18642.0    12521.666666666666    9850.666666666668
3054.3333333333335    3497.9999999999995    4250.0    4355.0    5259.333333333334    5027.666666666666    5909.666666666667    5633.0    7870.333333333333    11697.333333333334    20549.0    30107.0    36073.0    30824.333333333332    26508.333333333332    31113.666666666668    38612.33333333333    30066.333333333332
3304.6666666666665    3630.333333333333    3730.666666666667    4306.0    4471.0    5971.333333333334    5747.333333333334    5853.0    8247.333333333334    11348.666666666666    21498.666666666664    20638.333333333332    24007.333333333332    28621.0    28105.666666666664    28697.0    27906.666666666668    26396.0
5060.333333333333    5548.666666666667    3663.3333333333335    4614.0    4113.0    5469.333333333333    4966.0    9923.333333333332    11242.666666666666    17065.333333333336    23825.333333333332    22623.333333333332    20195.666666666668    24316.0    24310.333333333332    26371.666666666664    26507.666666666668    21661.666666666668
4524.666666666667    4055.3333333333335    4993.666666666667    4478.333333333333    4124.0    5047.333333333333    9639.333333333332    14479.0    19866.333333333332    21128.000000000004    20288.666666666668    20817.0    19902.666666666664    25240.666666666664    23323.666666666668    21815.666666666668    19737.333333333332    17196.333333333332
15816.333333333334    17903.333333333332    21299.666666666664    23265.333333333332    22497.333333333332    21798.0    16382.666666666666    13496.666666666668    15385.999999999998    16326.666666666666    16465.666666666664    20281.0    12079.0    10177.666666666666    6955.666666666666    4026.6666666666665    5732.666666666666    5426.333333333333
5788.0    8460.333333333334    8071.0    10742.0    18017.666666666668    17980.333333333332    16318.666666666666    18654.666666666664    13709.666666666666    16233.999999999998    14795.666666666668    15216.0    14447.333333333334    17323.0    19278.333333333332    19091.0    18003.0    11950.0
9063.0    16191.666666666666    16742.333333333332    15798.333333333332    14479.666666666668    13387.666666666668    12553.666666666668    11331.666666666666    12107.999999999998    13797.666666666666    12045.666666666666    9971.666666666668    13470.333333333334    14634.666666666668    19660.0    18900.333333333332    14139.333333333334    13480.0
12640.666666666666    11371.666666666666    13670.0    9528.0    13542.999999999998    9630.666666666666    12675.666666666666    12215.333333333334    12105.0    12901.0    13278.333333333332    15257.333333333334    18614.0    18147.666666666664    22967.666666666668    23851.666666666668    19277.333333333332    14548.999999999998
13866.666666666668    12682.000000000002    15591.0    13594.0    11408.333333333332    12330.333333333334    13343.999999999998    14845.666666666668    13284.666666666668    14153.0    12837.333333333334    12250.333333333334    11150.000000000002    20401.0    21520.0    21231.666666666664    15228.000000000002    15042.333333333334
3965.333333333333    3482.333333333333    4583.0    4276.666666666666    6283.0    6579.333333333333    8617.0    13871.0    15535.333333333334    27750.0    22806.666666666668    23359.0    17319.0    22960.0    21575.0    27503.333333333336    25406.666666666668    17987.666666666668
3927.666666666667    4048.0    4796.666666666666    4726.666666666667    5310.0    8439.666666666666    8626.0    5647.000000000001    8436.333333333334    14013.333333333334    21595.333333333332    26495.0    21621.333333333332    32070.000000000004    27572.33333333333    27327.0    30687.0    25336.0
26771.333333333332    30898.999999999996    28465.999999999996    24707.666666666664    25662.333333333332    28280.666666666668    26440.0    19187.0    13233.666666666668    11334.333333333334    10692.333333333332    12658.0    10132.999999999998    13390.666666666666    13484.333333333334    15009.333333333332    11193.0    11646.0
30085.666666666668    35895.666666666664    35565.0    42016.333333333336    43459.00000000001    35575.333333333336    31444.999999999996    20741.333333333332    11816.666666666666    8823.0    6196.333333333333    5078.666666666667    6738.333333333334    6830.333333333334    5378.333333333333    4115.666666666666    4009.0    5487.333333333334
23688.0    30928.0    47372.66666666667    40093.666666666664    40219.0    39956.666666666664    23092.333333333332    15054.666666666668    8763.0    8032.333333333334    6298.0    7602.999999999999    5622.333333333333    5346.666666666666    6091.666666666667    5003.333333333333    4503.0    6970.000000000001
22944.666666666664    35076.99999999999    45035.666666666664    44934.0    43487.66666666667    35038.666666666664    24599.666666666668    14209.333333333332    8882.333333333334    7186.666666666666    6712.666666666667    6674.333333333333    6280.666666666667    5002.666666666666    5184.666666666666    4944.333333333333    4812.666666666666    5886.666666666667
26069.666666666668    40164.33333333333    48432.33333333333    49313.333333333336    45672.0    35629.666666666664    23944.666666666668    11789.000000000002    10257.666666666666    8993.333333333334    7188.333333333333    7553.333333333334    5864.666666666667    5546.0    4377.333333333334    4582.333333333334    4337.333333333333    5325.333333333334
20355.666666666664    38446.333333333336    49754.666666666664    49752.333333333336    52011.666666666664    28977.0    19394.000000000004    10893.0    8851.666666666668    8715.666666666668    8047.000000000001    6951.666666666666    5122.666666666666    4732.333333333333    5283.333333333334    4516.0    5856.0    7380.333333333333
2948.6666666666665    5054.333333333334    3676.0    3521.0    3905.666666666667    4664.666666666666    6097.000000000001    6672.000000000001    7471.0    6923.666666666667    10405.666666666666    13461.333333333334    26585.333333333336    41271.0    48917.66666666667    48021.66666666667    37509.33333333333    26280.333333333332
3194.3333333333335    3844.666666666667    4155.666666666666    4973.333333333334    3428.666666666667    3334.0000000000005    6299.0    5828.666666666667    7173.666666666666    6231.333333333333    9149.666666666666    10650.000000000002    23558.0    38813.0    52444.66666666667    49991.666666666664    41861.99999999999    23804.333333333332
11797.0    21460.666666666668    34341.0    37380.33333333333    34273.66666666667    22629.000000000004    11635.666666666666    7933.666666666666    11216.333333333334    11402.333333333334    6938.000000000001    10767.666666666666    15159.333333333334    17690.666666666664    19806.333333333332    23142.333333333332    12609.666666666668    10880.000000000002
3535.0    4228.0    3193.6666666666665    3723.0    4354.0    4961.0    4358.333333333334    5746.333333333333    6806.333333333333    7196.666666666666    9135.0    10490.666666666668    19732.666666666664    39632.333333333336    56359.0    49703.333333333336    36403.333333333336    22271.333333333332
5198.0    3979.0    4705.333333333334    4201.666666666667    4786.333333333334    5445.666666666666    5064.333333333333    5615.000000000001    5458.0    9517.666666666668    10523.333333333334    10038.333333333334    24931.333333333332    44673.99999999999    51407.0    49997.333333333336    39221.666666666664    20432.666666666668
4324.0    3247.0000000000005    3381.6666666666665    3377.6666666666665    5391.666666666666    4476.0    6924.000000000001    5399.666666666667    7151.0    7602.333333333333    7456.333333333333    13912.666666666668    25185.0    36556.0    56035.333333333336    50226.666666666664    41121.333333333336    16992.666666666664
