16358    27646    67455    67709    46995    25535
16959    35514    57683    65367    34295    20205
20037    30679    56725    58636    29709    18173
17601    20789    48519    52496    37546    21929
21980    25747    49933    45649    38890    20648
14601    27671    36920    40532    32665    28676
13761    25925    39844    48948    35086    21156
13885    22654    51220    50382    37334    14755
16854    20339    39521    44579    34707    20475
14171    21181    27795    29640    29612    18074
19377    26375    55501    53700    39003    21705
18822    31440    44938    41922    30817    22796
16915    27897    45879    57203    48243    29267
14752    24311    49988    51344    51063    26195
14326    26428    46683    51650    42825    24684
18619    23282    43513    54348    49987    26060
17333    23947    59993    68625    41921    19537
18728    27663    57716    65725    57075    23335
20984    29735    57559    77864    51676    20103
20091    35639    63060    78413    35138    27212
20018    47794    82640    75183    48439    17907
