24434    23115    23567    31012    26446    23157    18366    20618    9484    10332    7708    5577    5921    10092    5120    6749
16907    21895    16846    20070    19293    18933    18757    17012    23698    11545    9445    9914    4776    6620    9277    5035
20618    14333    12720    10991    21215    16532    15078    15947    20146    16332    17108    8460    7518    3476    4040    9445
11865    16679    12551    18332    13399    15998    8603    12686    16543    18862    11718    10910    8496    9425    6065    6748
13292    16476    10104    9675    14575    14760    11883    15839    8265    14122    20329    13552    11491    8828    11770    7886
7529    12134    11071    10748    6764    8466    12235    13599    12528    10798    15794    11486    17032    11721    10507    8653
6581    8817    15971    15279    13410    12122    16631    10922    9638    9592    12725    8786    8350    10843    11429    13624
13223    18236    13813    16372    12916    9070    10682    13481    13601    10149    12869    10719    10496    8304    9625    6674
16500    20186    10832    12227    9188    7838    13529    10451    11222    8453    8355    9359    13102    7634    8714    8885
9870    11040    11446    8279    13364    4281    9122    7143    8347    7121    9018    7352    8757    9532    7612    8189
9899    8991    7247    5085    12751    5489    11419    13389    19658    22711    16858    21383    16582    18822    13080    12297
10782    7595    9926    9279    12112    15027    11414    12870    15354    15231    18034    12586    9621    10069    10635    10200
20124    11344    15137    12631    21187    14299    14625    25816    15897    20056    16306    7544    11891    8219    4897    5431
4284    7190    4736    6767    7033    11185    6286    12444    26703    19437    15588    19072    21220    18606    15147    21955
3583    6830    6238    3787    4773    8072    6196    11279    18643    22821    17065    18519    16593    22781    15747    23669
3508    8417    5215    5156    6059    5563    4160    7121    12928    15968    23679    22679    28366    23016    22940    21034
27491    29939    20332    22912    24858    12578    23123    14886    13407    6368    6696    5335    4272    8991    7682    2486
30945    23148    32706    19180    21479    20918    25674    17950    9475    8183    9173    6057    6438    4327    5221    9368
35137    26537    26596    25100    35544    26429    19086    9800    5201    11240    9713    7879    2859    5496    5903    5401
26779    23473    29901    24474    23350    40259    26375    13450    10694    9963    9465    4892    5571    2947    3879    4081
25358    35829    32614    30167    35132    33204    23151    18588    11345    13221    6034    7411    5532    3530    6540    4325
