16161    28408    67249    70432    38730    15070
18729    31548    53446    55829    27649    20881
19619    20991    40993    61651    42385    20785
15806    19666    43900    62186    34667    29318
13034    29113    53357    43485    36705    26831
19827    29004    38479    55701    41069    23722
8930    28843    44959    55773    43038    19141
19302    26888    47596    37086    27950    21002
12382    23881    28678    30579    31982    16857
14462    11672    26014    31621    21906    16871
20753    32659    50885    48338    33380    30569
18024    27275    52825    58278    44150    19084
13662    21438    47112    54684    43370    24422
12803    32262    47215    63950    36495    21236
12527    24302    39794    56183    56768    17806
13284    26227    42195    65396    46423    23934
14723    31706    51831    69435    39647    32927
14626    24748    44764    55608    46789    19525
17381    23331    55804    59254    43448    24591
14517    22614    58130    68067    48947    27508
19465    37292    57121    79717    52011    20541
