19415    22423    22088    22963    26160    21838    17450    20306    15369    12899    5716    4242    7114    8313    5244    4510
26160    19833    15912    15431    13583    19910    14279    15584    21718    11008    9172    4739    4174    5657    6123    4799
12372    17205    15050    18140    13980    17100    11622    22752    17526    16872    16283    7719    7132    4239    4310    4122
14863    16196    15172    21621    13853    8834    15423    12576    15621    19376    16895    12579    8555    4953    4098    4928
6736    6859    7377    10022    13758    18102    14022    17028    18997    10564    15359    12020    15621    13634    10439    11987
6360    10091    7059    15858    18085    14890    16693    13086    13623    15539    17165    14107    9740    8405    14783    12318
9065    6948    17050    13318    15543    13608    20854    11641    11651    12388    12754    8478    14201    15973    7881    9331
17241    15164    14409    8855    10078    14419    11030    11025    8883    12257    9787    11168    6214    10498    10827    7969
8630    10135    11667    6730    12408    12485    7225    9443    10099    7611    6582    5582    5182    10939    9883    9758
6341    8658    6104    4771    9551    10509    6534    6458    6623    5024    8501    7298    8664    12077    7903    7530
13440    8305    15808    14714    6301    15943    15999    11125    14755    11464    15725    18213    14907    11412    11983    16490
8451    8211    12616    11347    7726    9891    12072    12439    17533    19302    19574    15983    10567    14868    23774    15282
3174    3714    3837    9837    4773    7873    9972    12016    19131    16374    20180    20825    23396    14768    15945    18873
4057    3615    5919    5618    4570    6760    13885    18083    25230    23912    21821    15213    20623    13881    16226    14548
6067    6610    3327    4226    6184    4898    5396    13058    21949    19696    25075    18041    24202    15729    14710    18212
3983    6111    5696    5868    7398    4519    8028    8922    11135    18068    22433    25339    20403    23906    19076    26574
5230    8419    3116    5087    7249    6678    6939    11720    13525    19692    28256    23468    22412    28045    26206    24227
5269    5577    4932    4222    3986    4163    6588    6135    9194    11621    19122    17058    23265    28277    31682    24969
3888    5115    6365    4870    7669    4832    6264    6684    7130    10354    14153    24156    28523    37129    33664    23013
4139    5549    5730    4697    4361    5316    5157    8874    6501    10580    17637    30227    35469    27027    32389    36130
27775    39655    27205    26574    30964    32524    19927    16685    4765    8375    3826    4914    5670    4182    7019    6087
