33430.66666666667    77925.66666666666    127058.66666666669    120051.66666666667    63990.666666666664    30685.0
37647.66666666666    73166.33333333336    127799.33333333334    118571.00000000001    67729.33333333334    30010.999999999993
35641.00000000001    78966.33333333334    124270.33333333333    114650.66666666664    63160.00000000001    30107.000000000007
36710.0    65360.66666666668    97540.66666666669    105542.66666666669    56622.666666666664    35549.333333333336
28855.999999999996    61335.333333333336    104885.66666666667    101963.0    56893.33333333332    28657.666666666664
32059.333333333332    66181.0    116426.0    110106.33333333334    52697.33333333333    28714.66666666667
31635.66666666666    62150.999999999985    111942.33333333334    104741.99999999999    60873.66666666667    24991.66666666667
23402.000000000004    51363.00000000001    70196.0    81415.33333333333    51779.0    24776.000000000004
20054.33333333333    37059.666666666664    52178.66666666667    59873.00000000001    36694.333333333336    17895.666666666668
35934.33333333333    58515.66666666666    104388.0    96058.66666666667    55091.666666666664    32567.666666666664
27676.666666666664    65669.33333333333    114514.0    119515.33333333334    67414.0    33370.0
32605.00000000001    63752.33333333332    116497.66666666666    110421.66666666667    67517.66666666666    32558.000000000004
32034.333333333336    69074.66666666664    115442.66666666666    107357.0    63416.666666666664    32963.33333333333
28795.66666666667    66448.66666666667    120296.66666666667    117541.33333333333    58665.99999999999    32492.333333333332
26983.66666666667    67527.00000000001    114689.99999999999    113596.33333333333    61153.33333333333    31540.666666666664
34521.666666666664    84168.33333333334    126300.33333333333    119044.0    58833.333333333336    28726.33333333333
33279.00000000001    66962.0    134205.0    110786.66666666666    61476.333333333336    29561.333333333336
35831.99999999999    83908.33333333334    125520.33333333331    125336.00000000001    63823.33333333333    31155.666666666664
30291.333333333336    65487.33333333334    127382.66666666664    128516.99999999999    63903.33333333333    28787.666666666668
30598.33333333333    66327.0    123385.66666666667    122292.33333333333    70254.66666666667    27663.66666666667
30265.66666666667    68691.33333333334    115201.33333333334    126671.33333333334    68479.0    28261.33333333333
