20509.333333333336    21964.333333333332    25464.666666666668    32954.333333333336    35823.333333333336    24050.333333333336    25212.333333333332    26900.666666666668    14290.0    15078.33333333333    15492.666666666666    20465.333333333336    20375.333333333336    23813.333333333336    33611.66666666667    35592.0    35145.666666666664    26398.666666666664
21331.666666666668    19288.333333333332    23209.666666666668    30016.000000000004    30278.333333333336    27541.0    21052.666666666668    24141.0    23777.0    16604.666666666668    25079.666666666668    23270.333333333332    23734.333333333332    24105.666666666668    27843.0    34248.0    34908.66666666667    24494.666666666668
16753.0    20018.666666666664    20571.333333333332    32869.0    32907.99999999999    25323.0    18454.333333333336    27923.0    23815.333333333332    22202.0    21810.333333333336    27844.0    19936.0    20307.000000000004    28922.0    34191.333333333336    28847.333333333332    24099.666666666668
17942.0    12069.0    19142.000000000004    28450.666666666668    28474.0    18696.666666666668    17671.666666666668    17206.0    23311.333333333332    25749.000000000004    27651.0    18707.333333333336    19669.666666666668    21671.0    24285.666666666668    30557.333333333332    26608.999999999996    19462.666666666668
15177.0    14253.666666666668    14945.0    23264.999999999996    27148.666666666668    19432.333333333336    20311.333333333332    21596.333333333336    23204.666666666664    24387.33333333333    26309.999999999996    21839.0    18709.333333333336    15607.666666666666    22588.333333333336    31971.0    23851.0    17993.333333333332
13550.666666666668    13360.333333333332    17776.0    21296.333333333336    24718.333333333332    29020.000000000004    27302.333333333336    23102.666666666664    22896.0    25572.0    21434.666666666664    25009.0    28070.333333333332    25019.666666666668    24820.333333333336    25769.000000000004    22055.333333333332    15411.666666666668
14109.0    12293.666666666666    20966.666666666668    27530.333333333332    29831.666666666668    29082.0    21831.333333333336    20406.666666666664    15925.0    21038.0    18614.999999999996    19800.333333333332    20139.333333333336    19662.000000000004    30743.333333333332    32021.333333333336    25024.0    17316.666666666668
13149.0    16101.0    17032.0    25895.0    25055.666666666668    21358.0    14601.666666666668    10936.333333333334    11187.0    13671.333333333334    15073.333333333334    12632.666666666668    10809.666666666666    12180.0    18202.0    25278.000000000004    22327.333333333336    17441.333333333336
8446.0    6734.0    8835.0    19583.0    21035.333333333332    16010.666666666666    11207.333333333332    9890.666666666668    7968.0    8068.999999999999    9898.333333333334    7389.666666666667    6926.333333333334    7241.0    16792.666666666668    22388.666666666668    21343.0    13997.0
11612.333333333332    18511.333333333332    19932.0    34275.666666666664    37513.33333333333    22402.333333333332    16386.333333333332    18276.0    16864.333333333332    16175.333333333334    13356.0    14877.0    13482.999999999998    19306.333333333332    25041.666666666664    29351.000000000004    33215.333333333336    21976.666666666668
10275.333333333334    10282.333333333334    18305.000000000004    32771.666666666664    35130.0    24359.0    23352.0    24471.0    21102.333333333332    17150.333333333332    21205.666666666668    17024.666666666668    17492.0    18112.0    29723.666666666668    42602.666666666664    36830.33333333333    27969.333333333332
14294.0    16230.666666666668    21808.0    29502.666666666668    32721.0    23324.0    21741.666666666668    20508.666666666664    26107.666666666668    23619.0    31529.666666666668    20904.333333333332    18690.0    20003.000000000004    24673.333333333336    31512.666666666668    27885.0    18297.0
15553.666666666666    15304.666666666666    22689.0    27246.0    35126.66666666667    24221.0    22372.0    16060.333333333334    26177.000000000004    22666.666666666664    26683.333333333332    20736.0    18785.333333333332    17284.0    25960.000000000004    32657.333333333336    32846.333333333336    17919.333333333332
19127.333333333332    21841.333333333336    20491.0    27138.333333333332    29869.666666666668    20947.666666666668    20827.333333333332    21963.333333333332    24257.666666666668    26688.333333333332    22577.333333333332    24703.333333333332    20551.333333333332    20220.999999999996    25200.333333333332    29388.666666666668    25674.0    22772.666666666664
20077.333333333336    15924.0    21209.666666666668    30425.0    34605.666666666664    24889.666666666664    22233.0    19780.666666666664    17213.666666666668    19440.666666666668    15686.000000000002    16042.333333333334    25675.999999999996    18899.666666666664    23429.000000000004    31211.333333333336    37434.333333333336    21313.0
22596.666666666668    21729.0    26154.0    32223.0    35000.666666666664    32930.66666666667    25554.0    20257.666666666668    23365.333333333332    15159.666666666666    14811.333333333334    15184.999999999998    22034.0    23692.666666666668    28048.666666666668    34893.666666666664    35014.99999999999    22942.999999999996
19851.333333333332    20451.0    28040.333333333332    34584.66666666667    33925.66666666667    25512.333333333332    24650.333333333336    23183.333333333332    15402.333333333336    12355.333333333334    10550.0    19104.333333333336    19694.999999999996    25319.333333333336    33758.0    33487.66666666667    29894.666666666668    26504.66666666667
14964.666666666666    20961.333333333332    32375.666666666668    38865.666666666664    31826.33333333333    38185.666666666664    22863.999999999996    20549.666666666664    13636.666666666666    15659.333333333336    12767.666666666666    14457.666666666666    20295.000000000004    25046.0    36506.333333333336    38626.333333333336    34910.66666666667    33077.0
16376.333333333334    23992.333333333336    26274.000000000004    34558.0    30890.666666666668    25863.333333333332    23622.0    26793.333333333332    14779.333333333334    10542.333333333332    11828.0    15464.000000000002    23975.999999999996    23940.333333333336    34242.33333333333    37997.33333333333    32513.333333333336    30716.333333333336
15857.333333333332    24016.666666666664    27481.333333333332    33712.666666666664    35339.666666666664    28642.0    27500.33333333333    17731.666666666664    17655.333333333332    10911.666666666666    11786.333333333334    12897.333333333334    17299.0    23452.333333333336    32655.666666666664    38908.33333333333    35180.666666666664    29493.333333333336
10723.333333333332    14887.666666666666    27322.66666666667    33026.666666666664    38313.66666666667    35633.33333333333    23154.666666666668    19836.0    13273.666666666666    10411.333333333334    13099.666666666666    13295.0    19719.666666666668    25393.666666666668    37241.0    38931.333333333336    34925.333333333336    28381.333333333332
