28244    21292    46630    80352    80673    60685    32889    30782
33297    29025    39286    71695    99158    71829    32014    37814
33603    28041    45764    95102    97804    75433    27489    29235
21630    27639    48391    99259    106742    68400    32137    30019
31550    26305    43355    107225    93676    79567    29974    31172
32971    24603    42159    87311    90284    81557    31327    29033
28312    18092    41449    89145    107795    65215    29510    29507
34694    16031    51338    80690    91685    54486    24570    29476
31474    27437    43563    85735    76081    63927    29225    25870
27533    25668    45052    86429    103947    73496    28412    30942
33841    25044    46123    78618    76108    55396    29922    31514
25755    20552    41458    75841    88634    62689    37204    25587
36321    24322    40234    67933    79435    50361    22690    22986
29544    21876    32417    51702    67206    40780    24953    21770
28601    18066    42211    56147    60117    39091    20117    26637
33780    21493    39080    72825    65963    43639    21837    26096
25660    31573    40102    84542    68897    46696    33142    23441
27225    33454    55692    87370    70490    55031    32469    29749
26458    38894    60387    108586    99632    60732    24620    30491
35003    25068    43515    91250    98483    72940    37478    24160
25618    33180    43338    91431    106902    74334    33137    23925
29821    22398    38072    71493    86598    62235    31168    24733
28879    23435    47870    92149    94819    71315    28224    31595
38055    28086    61445    82960    99930    68125    25792    37256
26180    41870    51399    103879    105823    68672    27669    27749
38458    27785    58105    94842    87752    57225    29137    33854
28990    38644    61442    85022    85319    55225    32873    33002
39593    30683    61856    106044    89288    64951    31141    26032
28473    31275    57566    88754    89215    57582    28940    27870
35517    27288    56130    80603    83329    54255    32139    30798
30912    32190    59551    89494    80540    50338    27751    30042
