6397    5940    7243    9442    7896    5568    5535    6725    11029    10866    7883    18528    14840    17973    30914    65137    58987    53156    23038    14450
6335    3022    4747    6069    9376    6293    8529    11261    10212    8702    9266    11369    18745    31565    43004    58453    50505    58044    36626    21995
6044    4178    5408    6295    9012    7614    11969    7923    9510    9858    11144    14597    15719    37191    50082    56857    58081    51392    34182    25415
7505    5691    3856    7338    6565    4692    5443    12815    8572    6357    8275    11126    17722    32323    46650    59996    51930    63354    39597    34410
3557    4235    4222    7944    7182    8598    4389    15595    11297    6885    10649    12674    23369    36148    43134    58443    65314    48571    38789    31829
4273    4982    5258    6683    4219    6084    4666    12741    9836    12272    12270    14431    18628    26993    43657    52652    62314    45281    43004    29001
7042    6084    5070    4447    3983    9982    9430    8576    7645    13426    8828    9787    25714    33244    40479    37955    36684    54202    40259    46188
21344    24759    23965    44384    47933    46246    34669    21977    27998    12887    11243    9012    6575    7767    5387    6057    8319    8093    5733    8622
6756    5110    5066    4525    5010    7455    5530    6958    10454    6926    8137    15402    14436    19614    39911    48236    58043    46498    42074    27171
6150    6986    8919    5428    4935    7711    9939    8976    12187    10967    20143    24143    29141    25170    31662    46937    48181    48507    28963    36434
6281    5333    6435    5187    6068    8324    12403    9588    12842    13499    28438    29173    25768    32227    33185    34219    28320    29459    22301    27516
5209    9007    7667    7217    4565    6299    12088    19824    16231    19977    18335    23691    25706    17684    23199    40514    48866    34414    17962    19265
16589    20529    31810    25867    13478    14390    25732    20599    19581    21301    17201    15419    20112    23967    14933    11891    8501    5652    8643    8087
15932    12960    13549    14383    15299    20183    14683    13140    15095    10254    20907    11969    12803    15896    19859    16906    13310    14137    10627    8356
13808    11842    20926    17635    12693    11040    11019    16663    11024    13788    14214    13768    15848    11399    15646    18400    8227    14681    23837    14529
16888    15260    14291    27368    36157    32060    21671    15457    15601    14385    10453    12869    5277    14534    6532    15173    8415    13373    14391    14558
25324    21760    19738    27719    32667    40546    20947    18893    18265    18023    22515    18625    13308    11061    8241    11250    7820    7375    6421    3555
22196    17759    26806    42046    57580    64405    29627    22239    19701    13916    14800    9964    6031    8899    6633    5217    7120    4804    4574    7163
31552    39564    30308    46181    39723    39152    35502    41444    33372    23788    19983    10566    9966    9842    8044    5332    4389    7773    4519    8800
6620    9020    8056    16744    27273    27454    11822    11118    13300    18527    6128    15330    18927    27163    29552    32622    34031    50983    33332    29895
7806    3817    7543    9349    8103    6892    8085    4693    7124    12513    13511    18231    20548    35368    52266    52685    56066    41371    44471    21423
8625    4937    8111    5691    6663    5339    6048    6816    10236    8662    6106    14888    10467    13729    34675    55432    64062    40377    35536    20118
7771    5224    5665    6806    5522    7043    6563    11713    7713    8141    13875    11614    12234    32805    55392    49494    43889    52478    43445    30899
15928    19402    34437    51148    50973    56237    42015    38107    24344    17795    12857    11514    10809    8979    8326    8770    8631    6645    7692    7040
14423    15212    46207    51563    60677    52605    52069    37552    23448    22210    11444    12288    6301    7068    3696    6830    6774    8800    6292    7782
14971    19059    35590    52970    65626    57840    43416    28937    20121    13730    12552    6752    9888    3396    4217    8270    4781    7827    8618    8597
15572    26444    35902    53665    56146    58754    37663    27595    13286    15530    11497    11011    7118    5722    7971    6904    10271    6974    7338    5154
14753    28708    51437    50921    63291    54736    41438    32097    21994    14997    17172    8019    7024    5534    4519    5612    7087    7441    6169    6639
14515    24026    28104    55417    58411    54829    40941    13685    22343    14519    15713    6829    8655    6774    6332    5231    7916    7520    8336    9579
12289    23941    20656    52893    56407    60840    28762    21801    23274    14227    16413    8055    9282    7436    7707    7714    7125    5549    8538    7150
11018    21536    32982    57046    70256    47106    37593    24217    20393    12623    14845    4991    5972    4206    4648    6243    8295    4730    7126    4992
