18365    34577    67454    67092    48974    23752
18087    36423    63186    56957    46140    18092
14503    31213    52694    55791    38472    20174
15227    22422    47332    47324    28662    18271
20216    14673    48748    64835    45531    18410
12853    18472    46131    56351    37904    23661
15624    21798    52552    66306    38524    15886
13411    23564    37629    57658    37362    17104
17864    16225    42908    46528    36959    13599
17031    19743    37269    27532    25026    18842
22828    29826    41178    58384    37496    22018
16868    30096    49705    53697    42918    21715
15586    26963    50614    59757    47313    21542
13206    21447    39362    56205    49134    31242
11237    29817    53081    67789    40969    27581
20364    31539    56765    65388    43007    18086
23074    29050    67293    70808    43007    20613
22375    36961    65530    68660    36792    20689
20543    26715    58117    92924    49013    25599
16211    33979    64331    90178    55667    27964
18539    35886    70260    83097    43574    21823
