29129    27155    22606    28752    24198    26349    18210    19046    14576    12940    7424    8625    4948    7696    3879    4681
18306    11992    22247    26555    18109    20179    24378    21653    20724    16753    6788    7721    6483    5393    7623    3981
19091    19692    14271    16876    19803    16576    21957    14477    16345    12155    10969    6996    5122    7612    5425    5480
14862    13158    11905    7815    10194    14777    11762    15157    13997    14950    15640    13750    7893    6379    3434    3565
6615    8146    7059    14788    14952    23514    21764    15128    12782    12084    11155    11871    17899    14394    9567    10695
6426    7392    10271    11607    16001    14017    10202    16935    12652    8525    13122    14298    15048    11780    12693    14403
11648    14481    18139    15043    14645    16746    13499    14626    11331    10602    19218    11644    8548    9094    10743    10683
17806    16160    15324    16960    16912    15408    11536    11209    9501    5886    7838    12440    7329    6449    8807    7163
15101    12560    14885    15128    8513    9106    10771    11203    12442    6059    6383    8890    10687    7399    16305    8651
13867    9151    14081    9993    8493    11827    9328    8633    7926    7490    5573    7399    7867    10168    6111    7536
5976    8565    15669    8691    12414    15039    15819    16129    8827    19075    15531    13727    14780    16073    9735    15680
14116    19884    14637    14980    12651    18791    18506    14195    17340    14717    13203    10604    8329    8815    6746    7485
18499    14453    18064    13219    14425    13856    19118    14847    23863    21907    15301    13245    6398    6314    4725    3541
5321    5979    6662    6874    7774    10646    10750    22550    22937    23047    19032    16379    15034    11605    12631    13375
5944    7815    6092    5891    7667    5134    5008    12112    20174    25864    20306    22945    18819    19755    22861    24087
27821    22793    17877    25754    22063    19913    15257    24345    16081    8866    6070    4051    4029    4254    11228    4747
30418    17911    22926    28413    24123    23997    18156    21461    22857    8400    8591    5675    5294    5311    6336    3976
27352    24755    25291    19724    28422    31496    19506    19658    12311    5773    8448    7051    6988    5109    5309    3814
31793    30569    24202    31413    31769    23203    24276    17023    12564    13847    6081    8730    3276    5987    4716    3462
33510    38985    30001    32388    28864    27801    27605    15091    10333    9314    6013    5033    5262    7537    6092    4501
29867    26734    36206    22622    34707    29243    23676    15968    10498    6692    10182    5636    6682    4817    5865    3784
