20789    31040    62373    67424    46111    17687
29317    46165    83508    105764    65115    33489
23214    36083    99064    87286    52432    19062
24699    43388    92403    105047    65895    27969
29897    49293    92691    100324    70109    32639
28365    43746    104814    105745    61881    27258
23404    46388    93527    103076    70716    33718
20254    31213    72061    102456    74905    37049
18711    24106    53797    95422    52960    25275
24038    40699    82330    83265    69879    32198
24933    24452    65673    98971    68307    29615
24972    43592    79040    72257    41544    18070
24101    27092    68775    74322    74264    32499
26096    43421    64486    76602    54954    20039
18552    34194    51651    53387    35810    16635
16897    28830    42216    50550    32255    20160
27677    32817    72776    82610    47804    26778
22739    46826    79803    93094    70680    25386
17813    42983    93633    109696    64023    34134
21893    24915    62582    82630    64919    36836
21118    38204    75764    88471    56996    36513
28164    44084    86081    83462    66189    19978
21908    48012    94194    100839    59145    28838
30931    56599    93702    99822    60182    29272
32124    26168    68396    92395    73098    28895
23658    35542    88936    84665    54357    31373
32829    40808    86454    93321    73569    26450
28842    29865    64475    83578    81493    30738
23092    29527    58145    81442    70350    32745
22372    31150    69574    82015    67664    28730
23308    30843    63505    83631    72117    38411
