8829    15207    21639    46829    45715    28328    14252    6335    7397    11221    6052    5441    3051    6438    4682    6361    4827    2820
15773    30915    34989    54761    57469    42149    32942    18101    13953    10298    15405    4451    8368    3706    6784    5036    3900    4358
14118    20545    39567    41764    47358    38690    27569    19348    6978    8618    4839    10647    5601    4638    5785    5533    10741    4802
11978    31343    54638    44462    58188    48058    35711    20955    8522    8431    6067    6490    3447    4192    5950    4086    4066    2817
15680    23151    36804    52714    53887    44833    38647    28957    15784    11942    12800    5411    4289    6003    4799    7882    4747    6623
23436    23433    46074    38659    41983    43124    45227    31121    19653    7797    9809    10705    4988    4537    5301    5894    6813    3255
19628    31621    46122    47083    36225    43647    28408    28990    17217    10993    8684    8887    8640    7156    7635    6911    8037    4945
3791    3030    4128    5945    5112    4212    6593    7015    13520    10091    13507    25242    39762    38337    42405    33888    32020    49340
3442    3370    2376    2753    2538    2508    4164    6374    4540    10910    12465    24495    33710    30397    28895    32175    35668    29491
3922    2943    4051    4463    5034    6070    10986    11943    7937    9733    10408    22890    15369    23242    45911    61578    59264    26665
3909    4827    6217    3618    5569    4400    8408    9318    22381    16742    18934    25350    23076    27278    30769    40267    35565    25323
15265    20042    17086    23836    13929    17112    16490    18243    23469    21969    25475    18843    13368    10886    6670    6184    4832    5776
3654    5383    4660    6090    12814    8789    17455    19011    12979    12852    16223    22493    14115    18283    31392    31199    41753    21908
7713    13177    30805    48136    58222    39652    9323    9201    13865    8980    9473    3412    6549    4068    5397    5072    7257    5296
11880    12353    10888    10648    8300    14610    8322    14711    15560    5418    7008    10243    9306    17178    9881    16270    14954    12699
8023    5716    12036    13297    12607    9940    13472    10168    11211    8949    10775    14104    11661    9789    9893    8004    8323    12940
18228    23578    16670    16859    19719    20782    18401    15736    18813    19940    17152    14280    15382    12274    10686    16438    11117    4407
24328    26856    36036    35928    45462    38015    11961    22466    21535    20838    14641    7945    8433    6860    4904    3653    5173    3494
6230    4036    24127    46537    40496    19428    11685    12526    10597    14212    11866    13681    16343    21162    25901    27692    30259    25504
2971    5387    4033    5048    4689    5571    7327    10879    5129    13636    10981    18892    22585    40734    37759    28201    34197    35756
7343    17247    26334    27518    30248    28763    18639    16825    9122    6325    13567    8742    7940    11162    23371    19548    31031    13341
15698    27425    38147    40139    41547    35711    38189    20458    13984    11964    6858    6117    4318    5340    4970    5617    7641    3835
9853    25730    43441    46958    49885    42344    45470    22661    14310    7150    4953    5141    6694    3342    6251    5151    9070    4532
19283    38522    46925    47086    47579    51628    31078    13363    14535    9944    9595    7864    5293    4551    4865    6638    4689    7070
5690    4688    3524    5844    6783    6440    9375    7298    7845    10702    7434    13600    26545    31010    42102    45925    48521    37750
5345    16919    33528    47893    58293    42488    24583    18995    10387    11095    10342    6453    6217    5076    6492    6552    5099    2774
14728    24673    41857    54004    50694    39816    30097    16338    16803    11120    7243    5561    5922    8451    6260    5649    6811    7404
4547    3570    5838    6822    3610    4083    6506    11259    6206    7037    11492    12157    14283    26902    56326    56165    46811    35377
3572    1936    3249    9185    2711    4541    6741    7352    5355    2747    11928    14919    10456    26253    56961    62724    47432    17239
2113    3142    4933    4876    2684    6120    6019    7222    7536    3687    14402    7925    14178    38675    49784    59218    47839    21152
2963    3929    3244    3391    5840    5293    6838    7342    7455    7098    10649    9584    10893    34112    56343    55970    51686    29185
