19296    16160    19403    12111    17642    16882    21044    20542    20273    28320    22131    26527    24426    22190    18906    15034
24889    17846    17142    15008    12351    16185    20675    17302    25180    29901    26087    21731    18186    17134    15834    20440
17120    16145    22851    16788    21650    18814    20178    31978    27609    27640    27171    14445    13839    14224    21839    14910
13245    15872    14301    10611    17241    13774    20940    25670    25677    29485    23563    21837    15500    13384    17525    17344
17474    16504    15069    12811    14413    19174    26387    30682    30506    19718    26181    22617    13427    15201    14323    20157
11220    15461    12041    16386    14433    20864    22246    18950    24059    16378    21144    18569    23644    14839    16062    11746
11591    16516    17361    13123    24454    20298    29085    23012    15670    13767    17274    13200    17953    21709    17338    16138
13759    21336    21082    12267    23462    15425    18047    17915    17422    18191    16010    16565    14505    16611    8855    14494
15191    16238    8534    15329    14939    9655    12554    9934    14486    7024    8343    7062    7833    11140    8648    14171
8448    5340    9213    8527    6850    7826    11727    6142    8833    8835    5564    6168    8005    5126    7247    6509
5858    5544    4074    5961    4993    3180    5011    3809    4901    7707    5638    4201    2779    4984    4544    8181
10674    7322    6405    5545    5541    4995    7282    13085    6565    4115    4499    4527    8534    4663    4923    4788
18094    21588    18174    14672    12937    16165    18871    12205    14630    12185    12872    9430    10531    10860    11089    10659
15846    16010    16752    22440    19857    24041    18893    28447    20254    19045    20511    17171    28235    18322    16701    17709
12708    9609    11155    17584    23138    21722    24532    31714    24074    15384    18596    20985    15542    22395    12388    9110
13412    16182    12317    16655    15732    19315    20314    24888    20963    29097    22243    22062    21141    16811    16523    12962
17717    16373    14899    21757    15970    18640    21289    23282    31058    27152    25007    15947    16019    15121    18623    25601
19847    18862    14127    19919    14182    22388    21889    25516    36363    21514    26201    17295    16327    13985    21725    13883
17228    22439    22402    26024    16907    22223    20597    22238    25934    18809    26478    15706    16307    20790    9190    16110
17328    22957    18457    22263    19090    16969    21899    30849    24242    11973    25087    24354    20176    21850    19407    14624
24696    20194    20698    22404    24474    24353    23445    17212    20420    19730    13393    33420    22923    21077    22751    25112
