24099    41257    72257    84269    60078    38927
32733    34648    73810    90128    61847    22725
25958    32509    72323    98878    63395    34138
19777    29476    72261    84355    61483    28617
20446    38185    67795    98442    65013    24763
17357    29586    62079    85358    59317    24345
16427    32824    64410    85715    55625    33488
15539    35089    64218    79956    47675    23469
19112    23679    42397    46488    31378    18027
17360    19459    23890    23993    21498    14160
14761    13676    12546    13043    14706    12633
9854    9331    24430    17694    24551    17603
20690    35574    52269    61451    37503    17475
20681    34196    79803    95257    65274    25023
22220    30461    72006    78498    59871    27580
23320    40510    66826    76201    64478    29282
27685    33831    78441    82404    68810    33284
18821    37705    76856    86045    71100    33496
21460    40518    81658    93841    50252    31653
20173    32418    72072    98373    70667    37822
23340    41902    86248    113262    61105    30445
