35294    29492    46616    94382    95068    67855    27470    26085
29275    25379    58390    87697    98312    60826    27348    36953
34881    29139    41350    89114    93950    64318    28258    28846
30879    21608    33644    81827    101610    69635    22119    24571
31873    22537    36405    79636    90437    65920    29349    32897
29212    21587    32559    78215    103706    80886    34242    31191
37861    30061    40044    84103    84516    74816    26243    28119
29977    29338    41201    87438    89330    55526    36406    32087
26805    23789    36283    70475    78355    65450    34505    23715
33075    31781    34072    68962    83636    64372    24900    24518
35920    32164    36773    58877    99849    58830    29784    18328
24771    29766    32499    70207    75253    44163    26701    21795
29336    30791    39740    58960    89913    49517    24236    21055
24702    25823    36161    58268    61413    41159    21984    22490
26271    19417    27477    56827    65008    55806    25884    21876
26210    16548    28487    40776    46343    37381    19963    25686
36776    16327    27400    63509    81366    58604    39811    28453
29875    23602    40944    78006    85912    58608    24573    29313
29330    25016    49278    90693    72221    50650    27164    28814
27235    25898    37204    79349    109582    58317    30670    26952
27530    30447    30405    58685    75333    64973    27124    28213
37363    31239    32190    66482    87683    90679    31702    21171
36519    25018    35407    81911    100711    66686    34003    26423
37570    25893    39194    90823    86983    63225    33155    26997
29867    22059    29249    62132    97963    74189    38927    24240
28763    24212    35295    91937    110809    77638    35128    27644
30722    32923    33084    73117    99233    56206    30313    30156
36282    23854    43177    84935    89390    61916    35327    23277
32551    26435    49158    75327    80265    76430    27091    27770
27808    23306    43551    83810    96903    56221    27399    34938
27696    31806    47833    75507    78958    60006    29823    31137
