13563    20283    33512    55173    59055    55877    47403    29134    22155    13464    10558    9177    7903    4501    8121    7158    7156    3412    7907    6750
12713    16197    44792    45604    52591    49380    53789    32393    17548    21750    16915    7626    7766    7698    6199    7911    4697    5970    4906    7735
13345    16712    39158    42933    53167    50437    44336    29616    22523    15119    14081    9568    7570    9854    6410    6832    7725    5079    7355    8036
14392    22141    32781    47482    51115    42897    45165    32133    17352    10493    9995    10093    6155    8393    7850    7819    4590    4807    5126    5114
5532    5495    8952    5371    6350    6812    6278    5540    6783    10166    8855    9534    15446    27935    44165    36747    42116    52291    54978    29708
3566    6266    6137    9109    5770    6536    6529    3544    10143    16126    11161    10620    30289    31786    44842    41050    45983    45223    39270    37648
18441    30860    35305    31693    39225    34838    40791    40284    27474    22486    14754    12535    9049    6379    8594    6209    5863    9136    6345    5502
20684    27906    34971    31318    22897    42751    38978    29876    34059    25202    20442    12664    6767    7994    8168    9839    5603    7143    5480    8561
7573    5989    4326    6890    5773    11902    8211    8343    8551    10128    13596    15883    33045    30919    32059    25915    29049    29437    30307    41481
30684    26679    31398    27847    25375    29088    22486    22290    36886    26994    15588    11115    8235    7171    9643    5561    4889    7255    6864    9268
35564    26656    31662    23012    22607    23066    24254    25170    21245    30789    20946    17673    9805    10658    9457    9111    5349    6846    7070    9585
9916    9557    10135    10702    10544    12122    12613    15983    23139    20037    21286    25674    26065    19867    14813    14504    19703    17736    17267    13492
19404    20637    18418    19420    20446    18058    19751    16322    16896    20498    21169    17030    23610    22904    20748    15287    8364    9566    8413    6607
11230    12570    15998    16663    15534    16211    14225    13949    18071    15516    21467    13821    11602    15901    15642    19497    16327    10169    10695    6912
18022    18227    15309    15392    12331    11622    17600    19856    18531    9786    9333    14161    12425    16350    12846    16629    15604    17300    14542    12700
8590    15687    9650    13936    14402    13919    10172    11010    8075    18491    12476    12227    10113    7906    7234    8516    10903    13342    15323    19422
7419    7488    6950    6449    9552    8461    13443    12450    15956    13290    26491    19763    29973    25805    23000    19910    27966    22992    29669    25219
25890    34642    26971    21347    20906    33174    29253    28241    29452    24543    22930    12410    8077    10852    8773    8379    7198    5443    7124    5228
27943    33307    29575    27017    24122    27363    29497    40028    29801    20408    13153    9365    7258    10818    11124    7141    6031    7219    5766    6230
7219    8253    4428    7248    6061    8061    7437    7195    8611    8662    13922    14911    25837    36966    36721    39357    40388    40949    40775    32206
6864    6433    7326    6773    4559    6301    4615    7450    5399    11032    12003    12988    12119    27207    40037    34683    32397    33604    36078    34842
7947    3914    6516    9477    7802    6448    5373    10459    13454    6371    8907    11168    17908    40465    45930    42744    39793    36828    39980    37025
4763    7057    9772    6689    5902    3566    9216    8963    6538    9139    10576    11515    15324    33678    51094    44039    51411    47603    41407    28426
8822    18863    16836    20382    21546    26547    25370    14951    12944    13814    11611    13639    20133    21193    23145    32065    28545    32966    24220    16248
5606    6695    3315    5722    6233    4315    5390    4547    9700    8017    12477    12896    15991    25354    38459    49056    59727    43437    34754    26935
3781    5253    6936    6713    6953    7377    10225    10627    6929    8940    12907    14085    10979    31104    38104    56990    62300    59909    46918    24396
5235    6759    4342    9734    6771    5322    6705    9127    9563    6326    12894    10001    13380    21795    50217    48952    56874    44341    37986    19430
17361    17951    25476    40878    53275    56624    39442    21542    26690    12933    11632    11598    9332    6651    8674    7760    8397    6507    6345    9090
13934    16933    21283    46790    64045    59750    40824    23121    9957    17533    10672    11595    11913    6679    5967    6938    7721    5960    6450    6962
19478    14451    22653    56411    52627    60196    45668    17183    16750    12324    11871    8269    6477    6385    6715    7505    9918    5307    7517    6231
11388    16443    22089    38876    53755    48370    38284    35083    19676    16388    15897    6350    7964    9484    5494    7166    8296    9125    7505    5133
