13586    20634    41675    71540    48038    23164
15495    21421    50901    61986    43423    24838
22679    20788    50966    65424    47506    24264
18303    23601    43630    49602    48852    29136
19914    23789    45973    61301    44031    20887
16672    21304    57130    62942    36199    23959
12399    23980    42773    60464    36666    14783
12914    30016    49923    52474    32728    21896
18936    29644    31875    42124    41368    16390
18752    17175    26842    28979    24213    17523
15026    20415    47449    40027    40220    23750
20428    26286    40869    57126    56435    30191
15651    31053    49477    62869    43773    27572
12851    18842    49927    64769    30518    27040
12908    26149    53184    47781    42252    29015
15319    28242    52197    53702    38642    26201
13068    18836    42626    50267    38663    26072
14167    27167    53559    59177    64256    27096
14202    20880    42594    65645    44316    25870
19329    23939    42805    67036    50266    22764
13185    19834    56487    55674    61857    22591
