5002    7621    5903    5591    7142    5682    6916    13428    13392    15877    19658    24074    23362    25103    21979    17907
6024    3987    6197    4826    3620    6212    8368    16342    21130    32234    23987    24491    15638    15591    14530    14887
7596    3470    4531    10273    9418    5098    10117    20291    21313    22139    25294    18569    15242    25071    17676    15529
3610    5876    7413    5273    8198    12862    17801    29707    16986    18639    14324    15577    9923    15807    13070    18058
5441    8615    6974    10925    13610    14311    12662    14201    15485    20603    19390    16656    14121    17207    12171    13523
5533    5739    11666    22823    16288    17184    17509    15782    12990    13430    12324    8281    19231    13719    13410    12297
8490    12354    17727    11390    14971    11611    14347    14058    9866    8870    12199    12553    9330    9949    12523    10827
18512    17418    13679    17248    14352    12707    15408    10802    13401    8995    9667    6705    8383    9171    15347    8156
12616    15176    11025    17882    12027    11050    13540    11904    7590    7517    8290    9923    10295    11505    10503    9494
8143    12085    10616    6667    7506    6472    5931    9290    7677    11517    4706    4474    5743    10075    10685    11897
8159    9483    5449    7679    11345    9348    11162    14164    13447    19425    17168    12207    11390    13638    11540    11283
11994    12845    12397    9708    9531    10647    19225    19481    17978    23951    14548    13816    13080    18490    13087    10557
9643    7821    9419    11595    10592    12718    17692    24266    23516    18219    16313    14277    15907    15600    14562    8255
3627    3158    6021    3777    6548    8692    12177    15525    21747    21298    18188    13236    15578    15158    20931    18286
2671    5922    5070    6368    6142    7218    8537    13662    22542    19187    20249    17307    19324    17471    21672    17947
4135    2973    5941    4086    6019    8213    9508    4902    8985    20682    18435    25563    25208    26381    21056    22216
3808    5405    6209    3334    3508    7225    6478    6669    11088    16213    18044    21494    21979    18728    19947    19403
3478    2970    3378    3592    4981    4485    6110    4553    11683    20621    27577    31150    37094    23019    29675    31056
4527    3890    5926    5571    3625    5577    6243    6298    5754    10300    22633    26730    27392    31015    23100    24926
3353    6614    7744    4639    4797    5872    5593    9653    7519    8699    14280    29096    35095    21409    28512    33264
4791    3160    3380    3139    3598    4769    7267    9735    8131    13305    17916    15783    36805    32351    29010    36488
