10726    15456    25067    27309    24735    12273
8770    13860    28761    36562    24086    14253
10738    15906    27699    31397    27178    13082
8781    15201    25385    31637    25480    8522
11210    20004    30537    34327    29622    17684
11140    16932    25362    39412    29704    13193
8864    13892    26274    36677    30607    14457
10632    13834    26406    35765    22862    11837
11606    12633    23998    27218    27366    14130
11972    12392    15753    23881    20164    18058
9330    10712    18159    32285    27317    15566
9955    12664    22775    22992    24538    12749
8368    12869    21815    28685    22681    12868
11765    13798    24903    31002    24580    15550
8706    10881    14852    22887    24886    13603
9004    10885    18038    24415    18697    17109
7536    7184    19038    15852    15322    13977
7707    9738    13993    17348    15131    13952
9273    12760    24491    25237    18732    14445
9057    12580    24012    37438    22559    15494
8085    10250    16416    26869    24329    18595
8193    9553    18571    24710    20115    10898
8527    9726    15745    24664    18341    14424
6860    8668    19916    16637    27353    17925
8913    10061    19408    28104    21007    14416
8362    13035    17044    27088    30443    21814
