5351    15252    19296    21748    8971    6107    3854    3772    3328    5213    3689    4104    6052    3513    2481    2835
10982    16784    14286    9840    13721    13364    11059    8754    3675    2120    3151    3652    3997    3355    4949    2603
13212    14263    12393    13787    11883    14705    9226    7471    4417    3754    3397    5105    3488    2510    4022    2367
8216    11750    11736    8726    12669    13924    9052    5579    5838    4811    2685    4092    3147    6040    3184    3557
12816    16947    16150    9283    13970    13576    13896    7912    7489    7537    5364    5283    3624    3823    2203    3511
11784    13152    9181    14314    10902    14033    15319    12425    5958    5914    4719    3007    4585    2227    3199    5024
14640    10023    12271    11481    9357    9604    7448    11512    10608    8002    4262    3840    4196    4345    4243    4939
12359    6246    9376    8967    9048    10797    8940    12396    17230    4992    3266    3711    4624    3451    3199    2734
5939    4428    10592    10546    12956    8679    14104    10270    6351    7130    6028    4332    3891    3803    4297    3605
2225    3480    3952    3632    5021    4426    6149    6700    10157    11223    8557    6144    11272    6816    6822    5644
10595    6684    5535    10537    8526    7359    6268    9148    12387    10917    6205    4934    4057    3140    3868    3209
5510    9073    6462    6711    9042    10959    7086    10552    7936    3214    8382    6090    3150    4252    3645    3609
6613    6573    5425    3909    8782    7372    7577    5387    6920    7865    10536    5777    9924    6551    5002    3073
9601    8093    4671    10009    7569    8647    11215    5561    3920    8784    7438    8661    7309    9197    6752    4171
7347    4767    4925    4452    4968    3905    3908    4894    3692    4993    10074    9407    5160    6683    7372    9268
4906    6165    8599    4330    3816    5396    5333    5385    6192    6616    6372    6703    7373    6604    5649    8709
2702    6011    6949    2811    7170    3230    6602    6047    2697    3269    2644    6613    3586    6964    7020    4594
4087    4945    4644    4676    3964    7428    3903    9466    3564    4544    4078    5363    4461    3047    4001    5698
6392    4602    6766    4517    5157    7884    6022    4071    7198    6556    9278    8455    6375    6986    5829    8850
12357    9551    7323    9590    10768    8394    4975    9295    9799    7494    5981    5752    3846    6466    4936    4613
2410    3197    2739    2399    5531    9345    4082    4038    10518    10712    10349    8339    7048    6122    5474    12241
2039    3520    2985    4319    2812    4005    2976    5801    9887    8676    8254    8161    7230    7221    6737    7417
3665    3423    3377    3502    4286    2687    5530    3353    4143    7766    8328    11678    5032    6358    8349    9950
4220    3952    2791    2596    4576    4183    3203    2781    3880    5322    10069    10078    11127    9140    11169    8272
2359    4536    3371    3536    2835    3087    5684    2236    2659    4570    9887    10801    12297    7346    13762    12943
4669    3656    3265    2802    3809    2117    4045    7361    3728    5407    9400    11426    13919    17348    11994    12840
