13139    11652    19534    26730    33878    18589
9573    12692    24714    37453    32288    17239
8363    10577    16212    29034    31932    16107
10604    11015    15297    23235    21154    17066
9527    9132    32787    26956    30833    21692
10619    13181    18962    22704    23803    17525
9372    13638    20263    24357    27836    17515
9653    9807    20606    24686    25165    15047
13152    12139    16099    32312    24070    17564
11342    11161    16617    28422    23016    19044
8803    10241    18354    29420    24410    16211
10358    14080    19685    21283    26585    14224
12102    16163    17934    24800    30674    14386
8125    14146    22024    26284    23533    15852
9906    12471    19012    26706    17364    13256
11855    12073    22325    23221    22247    12979
14098    14054    18209    18033    19151    14805
8673    12342    13745    25746    14255    14098
13311    11130    19132    20986    20146    15258
9857    10034    20354    30224    21657    16129
11483    12359    17189    35379    20529    14393
12454    10822    20869    28091    29643    12522
10646    8282    17796    25140    18093    12357
9706    11453    18893    29633    21914    17065
8135    7718    12502    35425    30187    17757
15566    13272    20862    31188    30196    16205
