6637    3928    2772    3861    5825    4369    2449    3326    2853    4071    4730    8207    18917    23144    16943    11490
2562    2916    2511    3148    2760    3708    5368    4091    3757    8910    18164    16166    17221    14139    12708    15830
2419    5377    2065    3280    3749    3288    4219    3177    5197    9122    13826    11596    11388    8745    9599    15178
2309    3817    2127    3687    3832    3946    2387    4106    5548    10110    9558    11142    9142    8900    8439    9321
3036    2557    5435    2622    2171    5920    4945    3328    6863    11089    10824    14415    19578    10955    13994    13195
4346    4290    3258    3479    2827    7159    3945    3328    6141    7050    10190    8426    11160    12989    8332    9874
2314    4284    2477    2521    4119    2367    3965    4180    5990    8257    11589    17237    8888    11730    10407    12656
3624    3128    2847    2076    2405    5687    4187    5725    9876    10091    10557    9437    5275    8485    6353    15211
3672    5054    2458    5815    4659    5610    4174    9041    11530    10335    9615    8226    8758    9149    8875    8365
4078    3000    2989    2868    5574    4495    7330    9449    9383    7809    7715    10329    6774    8330    8856    10623
1918    4564    5179    4261    4332    6011    7348    6602    9865    8095    6597    5784    9722    11733    8437    6991
3623    4704    2469    4115    4461    5039    9165    9702    10036    10456    6776    8099    6737    7834    7640    5359
2771    3393    4927    6944    7437    8461    8846    9343    6829    9984    6177    11301    8108    8132    7567    5839
5012    5148    7476    8043    8789    6550    8388    7999    6315    8805    7651    6009    8507    3023    3104    9145
8816    6817    7132    6246    8819    4930    4070    6572    3621    6589    4095    6455    7334    6407    4546    6266
7573    10741    3248    4842    5421    6465    6743    8511    7077    6929    5892    4849    8905    4957    6390    6157
9392    4381    4606    4771    9241    6810    5693    4053    3471    8812    4840    10379    5222    7193    5482    4004
4861    5017    4415    9045    5652    7384    5221    6935    4155    6384    5200    4642    3500    4113    7658    4677
5458    6612    3766    6187    7301    7023    9888    7419    7991    6606    6962    8008    5795    3917    4348    2682
3651    4516    3781    4382    7602    6979    8761    8841    8499    5021    8666    9279    6714    10120    6388    5055
10273    9642    7359    5595    9493    8495    7437    8489    7358    8847    7238    7099    4463    3331    3651    2562
4708    2257    2973    4426    5300    2995    8487    11951    5903    11855    8788    8985    7462    10297    8339    9675
2631    2267    2822    3072    2385    2460    2705    6275    5577    9573    11233    10344    7766    6964    6893    9347
2551    4845    2443    3148    3110    2800    4497    4514    6625    13353    11830    9313    9989    11906    8300    9440
2524    1885    3380    2355    3603    3412    3689    3485    5407    8923    11169    14548    12001    8767    12971    13605
4443    4844    5666    2676    2919    3909    5044    5678    4272    5428    11956    9803    10383    15554    18579    16135
