41523    100852    173462    166107    124989    48837
60075    122941    176608    169732    109001    51415
41884    96861    162025    205992    138491    60985
40972    95174    181748    186917    121492    60823
48511    111532    172674    200076    137410    64850
51517    102677    173474    175002    107075    51490
51817    93066    195351    179336    109749    56586
42795    116128    181918    175932    111840    63938
45023    98008    193368    200127    121546    59423
54879    102040    210268    167689    129412    60898
41279    90907    142124    132571    81738    37763
56206    115011    171287    182651    118490    55929
48353    105999    164830    191825    117863    55798
48720    98031    164526    155146    129311    51908
49253    101303    190641    174315    104075    55445
42937    108226    175637    169810    103090    51086
42322    113300    183176    168203    118669    48741
54671    100995    188347    201466    108081    48924
37234    103321    182491    172578    121250    64119
46999    96592    164729    171650    118234    58030
65137    104557    181826    159764    102659    50600
