6060    4226    7189    9015    6386    3067    7656    9143    12869    12734    18704    47296    57018    52827    37396    16049    9601    8372    14873    14771    14327    10081    25857    55002    54670    50088    24681    10029    4987    11786    3472    5852    8530    7305    8768    5083
8432    4297    6461    4650    7601    7653    4035    8319    9466    21060    37203    40377    41307    40903    36663    30985    19181    10816    15708    11814    11779    23306    34148    42895    43736    39897    34291    28864    11130    7055    8196    10557    6432    7673    6977    5905
4808    3466    4568    5785    9681    10960    10242    10434    9885    20915    30856    36444    40030    41202    39622    28644    25192    18774    14204    8666    17561    33550    33259    47210    43111    30810    32155    18636    19316    9936    9482    9142    6824    5723    5042    10103
5173    5906    5512    7098    5107    7653    5566    6076    21610    30934    28679    33712    55080    37855    30266    37440    19252    15853    13319    7742    21080    22742    43123    24822    28205    34623    30584    30188    21359    10123    5651    6258    7704    7042    6426    7363
7422    4352    8258    4173    7269    9227    10570    9827    16142    26557    34770    37029    38180    45842    43607    33592    31356    7154    12202    21599    22190    36403    42702    29828    27177    28127    40567    25227    17306    10213    7627    9229    9875    8949    7211    3294
3364    8002    5195    5861    5018    7584    9473    10976    17640    36166    34046    20172    34317    27469    23954    32701    31097    21793    20398    18430    25372    33121    34540    21107    22362    20465    33277    25316    17724    15108    9402    6921    5967    5401    6305    5191
4746    7099    6402    6179    4260    6082    11323    14024    23433    25970    26452    27749    20244    24032    32408    30339    33664    22696    20775    26178    30302    27863    35119    18511    20222    25876    25613    23390    26355    20305    23710    7885    9074    3696    7955    5974
4498    8005    2699    8593    10214    13044    21697    22728    22445    17316    24804    15413    25964    18222    22895    34117    25295    39083    36005    38353    25169    17475    23054    20582    20786    17436    24625    19223    18978    21949    22449    15456    10208    5804    7952    10015
6824    4154    10048    17930    21978    25808    21578    18385    16450    15589    21248    21012    21329    24126    26628    32481    31997    33188    41152    28192    27219    28305    25391    13364    15351    16548    17010    15750    14478    14769    22048    20923    18878    9637    10027    7700
16232    19157    21082    18091    11668    13574    18392    13343    17252    16408    23654    34804    22448    23950    26773    21236    22806    32560    24411    21616    18229    24545    26600    24606    24923    25572    21968    20644    15404    13675    19772    16079    10395    18969    8431    15917
9832    14219    9084    14104    9670    15490    15376    19140    16661    17732    18155    16365    17853    12511    12336    10263    19630    18076    17029    13684    17985    11478    16718    15437    19992    13569    18107    11754    14060    9451    11981    10309    17447    10507    12689    17688
5541    7577    14100    12248    19455    22534    16653    11187    21521    13318    17467    13214    25772    26312    23853    31617    34136    24894    27528    27634    24048    36752    28940    27425    18347    16701    13460    11010    16795    16470    17173    15484    15218    16858    13455    14877
9139    7725    4527    6660    7931    13511    24495    21321    22045    15151    15184    16241    23809    21929    25986    22553    29875    31963    49631    34545    25671    27951    16434    24823    18576    19378    21948    17132    16595    20478    17093    20112    13243    12552    3810    4651
6798    4744    6215    5177    4997    7500    12903    16079    23211    21500    21015    17427    21287    20383    29338    24449    24189    28796    26718    29376    16952    19226    16988    28917    21304    32480    22595    26718    25819    28634    13338    11699    12666    6903    6040    5261
4545    7523    4703    5358    5830    6141    9114    9962    18035    19797    33245    27072    27513    22109    24558    28368    33530    24342    19085    14908    30557    34982    26740    29609    34686    26341    23946    26371    31387    14887    14414    6561    7102    9295    6264    6152
6229    6962    7089    3641    8761    7424    7309    10569    24936    16925    35164    22771    21034    23724    32671    34039    35506    15173    16774    14805    20573    29700    28059    31670    23820    26145    29764    30646    25572    9711    8772    9722    7279    7961    6335    3551
5110    5888    5889    6642    4784    7126    8081    17192    12552    20767    33544    31067    42177    30286    41858    28410    26355    15735    11002    13226    13347    27348    32604    34896    39903    36689    34999    24110    19923    7526    7634    7064    4105    7939    4596    4037
4093    6030    4987    8009    8073    9314    15413    12053    8915    21999    24332    37634    40224    38978    44311    33211    27581    18448    15223    14620    12045    23410    31726    48215    27147    39924    41295    24829    14890    11048    5121    9374    5007    6253    4898    3854
5808    6615    7944    3258    6314    8383    7082    5752    12222    23359    26313    45037    44570    40206    49926    32745    21253    6215    18366    12606    19989    19062    27820    40826    39529    33538    32913    24296    10489    7036    9325    7798    7089    6960    4648    5701
6837    5158    5074    3757    3436    9878    7937    7759    8013    13515    25003    32008    39944    37153    36161    25827    16451    15484    8640    13837    14374    20868    38258    45824    51685    34281    41796    24085    17253    8104    7523    4663    6706    6689    5039    7214
4084    4562    5423    5709    9382    6343    8886    9805    16030    17350    24086    43935    37470    48870    41310    33061    20547    11444    12549    12936    13749    22061    27796    35206    38194    45533    31547    22188    7779    7340    4946    5782    7302    10113    6954    4271
