30750    23256    36105    81426    95548    80871    37752    27787
31894    29940    52954    95166    108953    61396    26707    35764
44942    21998    38123    72384    106022    87851    38070    27475
25078    28681    31189    91198    91553    67690    29092    26215
24667    27956    46662    81899    95984    81520    39508    26876
40821    30030    39627    82039    105999    85402    30315    31772
29279    24351    32665    77461    112442    63482    37034    26375
26938    28818    31069    84134    115940    63050    34298    25377
27890    33864    44016    85378    97414    54976    23025    25723
28640    32264    42580    78744    95792    59338    31187    24283
35002    25882    42126    65482    103420    61759    40280    28374
29263    30240    33874    62162    90502    51348    28206    36385
27643    20100    35734    74552    102889    56212    20286    35956
39516    31002    47313    79973    86269    64190    32997    38226
32216    25691    41441    75828    75809    50571    27285    28673
18448    15925    37410    63611    71399    42174    31898    17152
32554    24828    49227    79332    109173    63983    31299    29420
25444    30184    59721    89119    108270    69578    32924    31499
35991    26843    44260    69102    68420    54061    30870    38126
40400    35403    48460    98709    108100    78943    32684    28665
38132    36505    62245    112954    115503    79197    21468    35365
33653    23577    25118    74045    108382    80627    38869    21575
27869    29037    35320    85513    102511    80947    38467    25429
33629    28702    36323    70077    81861    81844    36949    40806
28584    27971    37147    78500    108473    83205    30208    24012
30597    27872    48179    70278    100033    83724    34297    27572
36304    26124    39105    86567    103363    84298    37018    28734
35073    28451    38180    94743    100104    80248    28848    34494
32735    27255    45541    71356    98213    92490    39650    22046
34040    31579    41394    73568    77589    75069    39116    30145
35825    28039    35214    78150    90845    81605    33932    22480
