8643    4319    4703    6156    7052    6113    6918    4346    7022    9920    14683    13059    11575    17803    44035    50104    55936    56857    45929    38322
11243    19880    34485    43998    55823    50515    51672    41963    26629    18396    20674    9725    4881    8141    7869    4164    11852    7266    6048    7550
6457    5363    6823    5104    7632    5225    6365    8800    7802    10241    11134    13525    14976    34601    41647    52820    63773    55180    43496    35901
4935    6006    6184    4479    3552    8916    5016    7937    6589    11044    11811    12675    13777    23886    28810    48081    59244    47838    44132    35784
4257    6467    4858    6863    8116    10228    4572    4243    8931    12037    10714    11801    14412    49275    47384    51112    38998    40986    50172    39646
7418    4945    6026    6105    7461    6804    5175    8147    6779    7914    13214    10993    19967    38556    37018    50513    45175    57316    69610    36869
5019    4699    3781    4262    4056    7271    5432    5273    12193    13116    8293    21460    19788    35669    54290    40020    44622    38381    41414    34050
7157    5400    3025    3253    5610    9290    5736    5886    12046    10932    11778    16518    31199    37507    48604    41480    38903    35713    38821    40766
3474    4034    7220    5539    6545    6832    7179    6794    13011    9219    12926    28720    25080    48577    34726    30931    26010    38443    46128    30898
5267    5971    4706    4633    6073    6888    5795    13966    8499    12184    19620    28344    40063    34358    36544    30366    30281    32151    29186    37933
6027    5649    5171    6915    6409    12075    12075    8428    16620    25166    23641    39523    31344    24938    27023    29685    26513    30805    33278    31040
25600    25644    28576    17807    21943    18380    18391    21508    23249    18286    24300    29452    22702    15598    13985    7759    6045    7991    6758    8006
20494    18288    11974    25844    48268    48842    29814    18124    18970    18054    12894    19237    18717    8826    13762    12282    6185    6860    8737    7200
16349    24005    17609    33033    57608    69642    51802    18429    18199    19726    11924    13745    13482    9043    5385    10005    9101    5852    7211    7336
10859    17093    15724    23305    15458    21273    21154    20101    19144    18623    18905    16078    16980    18816    16079    15456    18557    14545    20893    18471
19971    18023    19252    20917    16467    18421    11041    18578    13534    20203    12528    15396    6640    11973    7463    15240    11311    13641    12542    14876
7475    8538    10114    8261    19510    17432    12449    11266    23528    18978    18827    21419    18493    21720    14358    36787    54326    47868    30480    17987
32123    41549    32172    30482    39807    30228    31153    35404    38889    31657    29480    12391    10176    9477    6694    7553    6179    7879    8312    5134
17136    19830    20184    40065    65297    49572    38557    21573    18651    10373    7636    8729    4525    5235    9062    7213    7510    4091    5817    6617
18522    38474    33351    34047    46441    45193    39166    48615    37324    24514    17320    11319    17360    11290    9490    10099    7144    8021    4836    8838
12836    41473    41662    56351    51785    41790    52124    43797    39298    25859    14687    14079    13087    10227    9511    7693    6269    6225    6695    5921
6871    6463    3889    5660    4064    5320    4996    8848    11738    11177    9334    13843    18472    35812    46826    41964    48145    48362    41089    32973
4580    6479    5775    7037    5241    5054    5125    7077    10344    10157    9588    14134    10282    33009    48441    43925    52533    56090    57631    32591
3402    4709    4666    6803    7586    7327    4240    11451    14631    9735    8804    17783    21111    21953    26599    67081    66763    52766    26663    26118
6747    5182    5065    5829    9558    9402    6154    9116    7483    5208    10651    17582    12003    27245    46365    59735    59890    55438    34119    25328
6640    7552    6582    9289    3576    4875    6427    9135    9071    13543    11232    14678    15146    26464    35858    54881    57060    61107    43662    25774
6450    4483    5459    5539    4711    5803    7300    10634    12196    10686    16355    11614    13815    22881    39412    70763    55207    50938    56273    30994
6362    3231    3886    7584    5363    6810    8166    6171    11278    10064    13716    12418    22447    23684    32635    66573    58482    71068    43790    26413
4448    5464    6271    6512    6102    5546    6309    9407    13679    10988    10244    14883    14566    23029    38205    52461    72032    58086    41401    29653
6921    5434    8755    6819    7064    6388    9364    10427    12752    5780    7061    8337    18646    23395    37227    58212    70701    55172    27666    16379
6401    5235    5067    6465    5114    7363    7115    8557    13260    8422    16104    16023    10374    20621    29963    50903    62809    62132    38217    25945
