10906    12612    26603    40306    38795    21976
11955    13515    23777    47112    37426    25165
14072    11276    24967    32612    29714    11814
13507    7878    27571    38165    45636    17385
11418    18325    38132    45854    39784    25345
13809    13042    18353    31806    31679    22856
8578    9754    32293    35463    29231    24692
12188    11765    22876    36955    25083    18869
8626    17121    28184    47239    33377    18326
8776    18406    21148    36127    27820    15882
11965    15978    36135    45021    35478    12378
8951    13626    42756    46590    32784    12784
12653    12089    24261    42180    23679    16380
11172    15374    25766    34452    29676    12055
8219    16783    38724    37245    39286    14151
8173    16587    18551    31151    24577    14165
11600    9792    20673    20899    26204    13273
12475    22243    31956    59281    41066    24806
12672    16052    18475    24870    24748    18082
10902    13467    34499    33012    31811    18262
11027    11364    29056    40817    21722    15588
13489    16403    30782    46785    31310    14738
10024    14588    35420    42829    36910    16138
13341    20766    23240    36636    35739    18830
7757    13221    14699    33344    39844    19378
10605    16564    33776    40207    33465    13612
