4855    3084    3747    2404    2935    3345    3385    1764    4588    4514    5785    6939    12386    29264    35537    26666
3322    3099    6010    3596    2391    6859    2080    3590    4515    5554    6076    9819    12150    25224    30462    34203
3660    3420    3349    2532    1916    6007    3715    5557    3549    4420    12312    8862    18071    15258    17647    14180
2096    3303    5596    3417    3481    1777    4297    4402    5047    6408    12340    14624    22646    24026    21607    15075
11571    15950    24064    27222    22659    14650    12451    9746    9750    4154    5157    5232    5341    3727    2353    4831
3803    3154    5948    2419    3315    1990    4872    5047    5035    4509    3001    6613    9277    20513    23701    28348
2931    4455    4183    5320    4262    2999    4725    5247    7279    9985    15628    20974    14821    11783    12646    12773
2499    4748    3113    3126    3978    3161    6003    4375    5695    10939    11539    12410    14765    7675    13538    20172
2889    3914    3907    3301    3084    9436    3223    3177    8520    4912    8074    7431    11208    25615    29769    24413
2783    2410    5338    2857    6765    2438    6555    6184    11443    13014    11008    14941    10551    9705    11901    10266
13827    13009    17294    17930    15866    10753    10307    10966    8219    5684    10287    6729    4642    4091    4518    2833
8573    8486    26271    33279    20187    18247    3549    5003    4533    6818    3590    3989    3314    5062    4433    2157
6313    15963    7887    9760    6085    7528    7251    7224    11274    8504    10138    8337    11401    5952    4324    3301
8702    8547    4930    11866    11540    7164    6489    7540    6607    8695    8065    8280    7200    7433    8795    6642
6559    11850    27404    28295    20908    13305    5919    4646    7006    3730    2953    2615    3205    3922    6569    5522
7752    6827    8336    8909    9522    6767    5278    8331    7015    6082    8105    5615    2986    5704    9377    6598
11509    6843    5725    3605    5641    8321    6273    5644    5090    4676    4345    5576    3532    5123    9659    10879
7907    18543    38003    35463    34264    16678    4112    4650    3446    4295    4821    5425    4450    2671    4571    2528
6751    4575    5810    4108    7889    8359    8801    5883    6823    7779    8065    5379    7027    10167    8574    8909
2875    8703    16114    20082    16354    10505    5415    7658    8813    9192    6372    5537    4173    5121    7103    7936
2220    3257    4542    4047    7198    7072    9779    8130    7666    11080    13081    8508    10641    10194    11075    11084
12091    14332    13411    18309    11052    11130    9883    12378    12135    8248    5090    5062    5355    6665    5851    2515
7040    10780    32031    23277    27180    12075    3596    4845    4135    4438    5551    5046    4262    4803    3153    3697
4160    6390    5874    3343    2869    6248    3037    3038    6741    9532    10917    17954    18787    18432    10265    20965
2988    2142    3111    2647    5524    3550    3622    4526    6095    7084    7388    10674    12397    15994    22255    18246
2150    3913    3451    3178    2264    4142    4024    4013    4146    11519    9576    4458    13929    19959    27860    29647
