15695    27295    41872    53758    42964    29820
16251    17537    49741    62635    47230    25104
18460    19294    37256    63238    55374    20065
16435    18748    45823    52661    44408    23201
16027    27291    45556    60933    39103    23347
16816    19892    44418    55496    42330    21205
13594    25193    42852    50043    27670    24617
14815    22818    27850    46008    37502    17121
15505    12882    29326    30587    26184    12864
12993    15291    23560    30189    21234    16076
14336    14959    22608    23854    21592    17912
20687    26636    53554    58406    43314    22993
17823    24651    40721    57252    51209    24094
19525    21902    54432    60934    42864    23096
15734    25469    57238    60755    49188    27366
14742    23358    50005    65323    43052    18052
15268    36733    67613    79738    51127    18582
11220    23723    43623    58532    41575    24429
17273    20684    55306    67932    49232    27565
19782    28883    57381    87517    61817    31151
20914    28532    55013    71330    57216    21102
