4967    6358    7686    7608    7722    3994    13858    11269    9880    16714    20361    14581    21186    26059    22681    16480
5801    4352    3680    5589    8432    5739    9068    12346    16465    21963    23158    23206    20626    15408    20777    21888
6532    8889    12960    8059    11509    6056    9962    20488    19149    18841    18668    16358    17419    14558    12069    12170
10719    18439    9516    14247    13589    13173    14019    10693    17334    23874    16794    9724    9500    8078    4567    7010
13731    19735    9784    7669    7925    12896    10623    12710    20980    14243    22007    19641    14146    9909    9754    6504
15077    12961    12623    13529    11411    10836    10352    10778    14673    12712    13175    15979    12397    14216    12407    7031
9832    16446    10917    5218    13008    11294    15245    9262    5926    11498    13742    9617    7354    12022    21424    11164
16609    11074    7731    5912    12197    15222    9359    6894    11915    8508    5831    8092    12415    8569    11650    14136
6483    6029    11815    9210    7597    5564    5434    7999    9653    7669    7996    6701    9463    7454    9105    9176
8429    6138    7601    9348    5272    6433    7020    7662    6361    7697    5532    7335    6244    13174    8174    6923
7435    5620    5228    6799    7332    8573    4897    6764    7916    5337    9923    5162    11752    9435    6540    6548
7315    7488    5332    9983    8845    9763    14775    17017    20140    19172    18087    21114    22541    17841    14759    11418
13880    13879    14095    19260    13614    8186    15464    16803    14929    14400    18455    13033    10592    10193    12678    6289
17835    20799    21596    15995    11354    18058    16978    20410    20734    16535    9635    8387    3044    9289    6829    5275
23212    15117    15694    11480    18631    19165    20494    24220    23635    17457    16673    6613    6088    7339    5392    4540
18178    22890    20944    23149    15843    14793    17921    23067    15302    8464    5676    7776    4065    6375    5625    4464
28825    35238    22123    24715    24215    23901    24203    22785    20477    11469    6000    5706    5564    5359    4285    4196
2379    6178    3399    3881    3044    6197    7367    7423    6094    9919    19206    19902    31778    27702    24980    23653
19235    29623    26320    14932    20685    21463    20000    16480    12295    8039    6523    5345    10438    10967    6885    8762
32008    30675    34331    27694    34244    25763    24169    18604    11770    9932    4384    9810    6808    6256    6327    3756
18361    21970    26988    37278    27449    31638    22546    13667    7576    6073    9226    5505    8228    6834    4427    6341
