31232    36852    75471    86304    71197    27074
27791    37551    85098    102338    66218    29766
21971    40440    80884    95737    55559    18081
21090    42468    78713    98994    63606    40841
26836    33567    68971    71591    80992    32554
15979    28528    62018    89482    69233    40792
21228    35712    61370    79186    73003    32715
30985    51132    91488    106105    66352    23813
26731    41996    86728    90737    60747    14290
21345    37316    70650    101555    60671    37312
24694    29369    67200    78407    62421    27130
23656    35366    56175    89990    58760    35150
20970    37296    65973    74200    58320    25031
26654    30372    56983    87895    58089    26766
27347    39029    65563    90313    55857    21488
23727    25511    55885    60316    48390    23600
31784    42198    75829    85452    55516    32914
22542    40065    65236    96917    56146    22905
30703    39115    76467    110673    74770    40283
28759    45343    96699    101568    65709    30187
33046    51681    83013    95429    72649    27801
23453    43892    90184    111398    58861    29765
27567    47065    92732    92845    67208    19376
22624    35522    101663    106763    56826    30260
21756    29587    60771    92789    67611    35843
26139    34224    70632    88830    69680    32581
25314    34140    81463    95315    76340    37040
25744    46148    89739    93090    72135    26226
18160    44723    85606    89706    64412    30077
22002    56559    75799    82220    61224    25153
19332    32246    61425    76711    66891    28722
