19430    33264    45485    52808    42685    31397    24067    14215    11504    8126    7005    4286    6763    6249    4665    6327    4769    5085
13895    26762    50678    59048    45084    35979    29221    20367    12256    10325    6316    6332    4484    5990    4965    6447    4721    5892
12369    31933    39067    44660    46134    31502    27182    13948    15205    12140    5864    3991    6069    3497    5125    4750    4941    4295
6723    13147    7121    17699    22785    38506    36323    27406    9079    11456    10379    12249    21870    18080    21496    23337    27474    20582
3490    4772    3557    2810    7443    7937    9103    7278    5854    8003    11973    15677    10393    29501    58634    59810    43812    24464
2543    5748    4587    3456    5584    3969    7229    8665    10136    14847    14199    21036    39201    33227    37627    24520    34389    35069
3276    2974    6052    3743    4591    7313    4504    13313    10203    12676    26206    16323    23630    33838    34671    38017    28815    33069
16713    20714    44623    56941    52213    39266    27899    27655    22344    17620    6535    5763    6751    7100    5866    3459    4054    4359
34277    38182    32890    29652    26217    30002    34634    23047    18807    5871    5727    9269    8018    5424    4818    6854    3035    4505
32836    32276    23710    23141    29292    31674    33092    23194    29934    16566    14133    7447    7610    3551    7561    3401    3519    5912
4084    3375    2329    4013    7442    6459    9602    13773    17412    27124    26036    29228    29207    20788    22888    19914    27183    18364
5317    5971    9117    4766    7895    7104    13606    31143    18546    30534    20743    21127    26236    17864    13956    23649    19297    22226
5744    6288    4091    7543    16431    18878    18180    26462    23371    19532    14830    17209    19176    18252    18274    15919    15336    16274
7147    3774    14168    18333    20633    17227    16576    21325    15773    15261    11874    15204    11313    16312    30563    22155    13100    16021
11457    13979    21622    19046    15584    24324    23325    20457    13394    18621    16966    18297    13858    17532    14770    8798    13226    14341
9656    5791    8279    8940    6434    10363    10811    12094    10147    7728    12198    15519    9666    19325    28768    28999    20449    12262
7392    10762    25556    41901    36260    25831    11011    17925    19419    21326    16939    13923    16574    10454    8372    16431    12630    10987
31978    21051    28014    24361    20617    20823    26382    34360    30662    14335    11512    8689    6510    7150    4390    5781    4125    3071
34044    37220    37576    29181    40832    26462    29335    30028    26353    11694    16312    12113    7894    9056    4039    7080    5961    6831
31659    42879    45352    46491    48412    36961    22845    23679    17231    6950    9492    8172    5318    6583    3194    2528    4011    6508
28485    45116    51223    41182    38032    42326    28223    18042    9981    12516    10895    4433    7064    4170    3503    5037    7660    5731
18438    28563    49572    44942    42046    40321    43436    23787    12623    8086    12388    3936    2846    5100    3885    4186    5037    8361
19627    34394    51050    48201    47332    36198    27525    26247    10208    10126    4855    3577    4449    6755    3384    5201    2432    5232
18150    34072    40567    37745    48577    42790    34442    16589    16215    11828    8423    8784    4977    5572    6196    6928    7530    4273
1914    5678    3114    3409    6520    3175    5597    5157    7171    5791    12449    12951    23432    40838    46535    49330    43509    31787
4257    3602    4511    3557    3649    4852    7904    6434    4898    7064    7824    11458    21123    36762    61938    60355    44593    27305
16708    24337    51383    54470    52601    32594    31930    14702    18150    8870    7658    9708    5601    3685    4053    5105    4396    3661
16457    26796    47556    57056    58957    44919    19856    24711    13820    4738    5133    3719    3057    3651    6797    6091    3574    6194
11899    21982    47208    59504    46662    36928    24640    21360    9197    7252    9288    5757    4276    10499    2784    4764    5292    3392
8897    23350    49199    56407    43776    35442    21012    14468    13905    12490    6624    7766    7135    4949    3310    3928    5074    5225
3770    1946    2260    7987    2812    5470    7174    9627    9913    5452    10311    8519    9064    24904    56780    58584    41981    18773
