24418.333333333332    20489.0    32343.333333333336    71011.66666666667    67488.0    40019.33333333333
22381.666666666664    19806.333333333332    35127.666666666664    64183.0    69735.0    40548.66666666667
23196.666666666668    17962.666666666668    29961.333333333336    58734.0    71303.66666666667    51477.0
24515.666666666668    20046.0    33238.333333333336    55252.99999999999    69589.66666666666    41284.666666666664
21422.333333333336    20041.333333333336    24912.0    54522.33333333333    77348.0    45704.0
18676.666666666664    21436.999999999996    32297.0    59332.666666666664    66478.66666666667    48340.666666666664
22300.999999999996    23310.333333333336    40191.66666666666    63183.33333333334    63052.0    35605.33333333333
23475.0    16965.333333333336    28869.0    62018.333333333336    69232.0    43204.33333333333
20429.333333333332    18065.0    41900.33333333333    64722.0    65411.66666666667    36324.33333333334
20775.0    18707.666666666668    30421.999999999996    53654.0    57321.66666666668    33823.333333333336
19492.333333333336    19619.0    30699.33333333334    53370.666666666664    58782.99999999999    34153.33333333334
18711.333333333332    17576.666666666668    28570.333333333332    45621.0    53038.99999999999    33120.33333333333
19309.666666666668    19824.0    27439.66666666666    46507.33333333333    49530.666666666664    31490.66666666667
19990.999999999996    17446.666666666664    29348.333333333336    45847.666666666664    45099.666666666664    31840.66666666666
17758.333333333332    17527.666666666668    24367.333333333336    42317.00000000001    49351.999999999985    29723.33333333333
15683.333333333336    18279.000000000004    25488.333333333336    44809.66666666667    40391.0    26661.33333333334
19631.333333333336    18753.0    30462.333333333336    52466.00000000001    46094.666666666664    25983.333333333332
19226.66666666667    19945.0    30977.666666666664    58835.33333333333    58172.666666666664    31534.999999999996
18248.000000000004    21309.0    37931.66666666667    51863.33333333333    58570.33333333332    32946.33333333333
19708.0    19183.999999999996    36087.66666666667    56307.0    59897.33333333333    35862.0
17716.333333333332    20273.333333333332    30182.333333333336    57048.0    62092.0    41827.333333333336
20887.333333333336    17256.333333333332    31515.0    60701.66666666666    60462.666666666664    40172.66666666667
25020.333333333336    21611.000000000004    34611.0    67460.66666666666    67947.0    35607.333333333336
22652.33333333334    20527.666666666664    32800.666666666664    55770.0    64272.0    41356.333333333336
19676.666666666668    18154.333333333336    32970.33333333333    60008.66666666666    78322.33333333333    39518.33333333333
17331.666666666664    17811.0    28048.666666666668    59819.66666666667    67412.0    42449.666666666664
22053.333333333332    20716.333333333332    38494.66666666666    65512.33333333333    63262.66666666668    35241.00000000001
20533.666666666668    17063.333333333336    24493.666666666664    60823.0    57706.333333333336    39565.0
22992.666666666668    18745.666666666668    29808.666666666664    55971.333333333336    66301.0    44945.66666666667
22942.33333333333    18651.333333333332    32434.333333333332    55651.00000000001    62777.000000000015    35587.666666666664
19303.0    17275.333333333332    38394.66666666667    66214.0    62056.66666666667    32253.666666666668
