13743.333333333334    26132.333333333336    37633.666666666664    46525.0    37786.66666666667    18907.666666666664    10239.0    13434.999999999998    8129.333333333333    7699.0    3935.333333333333    3642.3333333333335    4194.0    3673.6666666666665    4345.0    4078.9999999999995    6547.333333333333    5122.0
7778.666666666666    12728.0    17153.666666666668    20479.0    14748.666666666668    7515.666666666667    7521.666666666666    6448.666666666667    7783.333333333333    6756.666666666667    7863.333333333334    8171.666666666666    16301.666666666666    20012.666666666668    27114.0    27544.666666666664    22468.333333333336    13392.0
3583.0000000000005    4299.666666666666    4469.333333333333    5042.666666666667    4730.0    4076.3333333333335    4775.333333333334    4882.666666666667    5875.666666666667    6777.333333333333    8764.666666666666    14263.0    21215.0    33872.666666666664    44828.666666666664    34748.66666666667    27931.0    18499.666666666668
5493.0    3723.0    3047.0    3024.6666666666665    4934.333333333333    4194.333333333333    7310.666666666668    5385.0    6712.0    6531.000000000001    8486.666666666666    12068.666666666668    20355.333333333332    34080.666666666664    37604.0    36524.0    26815.333333333336    17637.666666666668
3496.333333333333    3304.666666666667    4630.666666666667    4931.666666666666    4266.666666666666    3227.0    4480.0    4317.666666666667    7300.666666666666    5005.666666666667    10314.0    14562.333333333332    25771.666666666668    29183.333333333332    32746.666666666668    33080.66666666667    33115.666666666664    20214.666666666668
3997.333333333334    3569.3333333333335    3455.0    5291.333333333333    4081.3333333333335    5635.666666666666    4429.666666666667    7108.0    5698.333333333333    8243.333333333334    9105.333333333334    17446.333333333332    23922.333333333332    32036.333333333332    29734.333333333336    34466.333333333336    25418.0    22924.333333333332
19425.666666666668    26363.333333333332    32272.333333333332    29229.999999999996    27895.333333333336    24777.333333333332    20471.333333333332    12069.666666666666    8972.666666666666    7715.0    6118.666666666667    4605.0    5699.0    5424.0    3620.666666666667    4426.0    4506.666666666667    4051.0000000000005
4097.333333333334    3436.666666666667    3932.3333333333335    4953.0    4718.666666666667    3507.666666666667    5162.666666666667    6140.666666666667    6717.333333333334    8176.0    12810.333333333334    20521.333333333336    23145.0    22582.333333333332    30359.333333333332    29661.0    29179.666666666664    24662.666666666668
19617.333333333332    20779.333333333332    25490.0    27855.33333333333    24986.999999999996    22597.666666666668    21833.333333333336    18083.666666666668    13252.666666666668    7994.000000000001    7917.666666666667    6043.666666666666    5281.000000000001    4697.0    5971.0    4839.0    5658.333333333334    3954.666666666667
16125.333333333334    22495.333333333336    23957.0    22102.666666666668    17627.999999999996    16297.0    19479.333333333336    17081.333333333332    11633.333333333334    9065.666666666668    7100.666666666666    6303.666666666666    6321.000000000001    3509.666666666667    3509.333333333333    3208.666666666667    5569.666666666667    3316.0
14194.666666666666    18948.333333333336    17868.666666666668    28723.333333333332    17319.333333333332    15638.333333333332    13838.666666666666    15243.666666666666    16002.333333333334    13530.666666666666    9086.999999999998    5817.333333333334    4440.333333333334    5166.666666666667    4947.666666666667    4811.0    5123.333333333334    5416.333333333333
7563.000000000001    5240.666666666666    6358.666666666666    6064.0    7321.666666666666    7265.333333333334    10006.333333333332    12217.666666666666    12844.666666666668    16694.666666666668    13734.666666666666    10119.0    11570.666666666666    11221.333333333332    18458.666666666664    17989.0    11789.0    10179.666666666666
11314.0    14476.999999999998    15396.0    16491.666666666668    16313.666666666668    10632.333333333334    10549.333333333332    11624.0    12397.0    10497.666666666666    10066.333333333332    10712.000000000002    12435.333333333332    8844.0    5817.000000000001    5828.0    5954.0    4752.666666666667
9332.666666666666    11085.333333333334    17898.0    17553.333333333332    12612.333333333332    13815.0    10705.0    9705.666666666666    9563.666666666666    8038.666666666666    9215.0    8714.666666666668    10611.666666666668    11767.0    9537.0    7731.666666666666    6658.000000000001    5029.333333333333
8948.0    11569.0    15634.000000000002    16048.333333333334    13319.333333333334    8726.333333333332    8221.666666666668    10605.0    9862.0    8118.999999999999    9012.0    6326.333333333333    7908.333333333334    8725.0    8935.666666666666    10006.000000000002    10616.333333333332    8463.333333333334
9415.666666666666    9775.333333333332    12135.333333333334    15576.666666666668    10533.333333333334    9150.0    9801.666666666666    8284.0    8137.0    11066.333333333334    7314.666666666667    7575.000000000001    7267.666666666667    5514.333333333333    8420.0    7989.333333333334    10959.333333333334    12397.0
12604.000000000002    13303.666666666666    15397.333333333334    20274.0    17243.666666666668    12543.0    12705.333333333334    11162.666666666666    10170.000000000002    10815.0    10637.333333333334    7142.333333333333    5858.666666666667    6074.666666666666    7210.0    6402.666666666667    8109.666666666667    5736.666666666666
16835.0    16138.999999999998    18297.666666666668    21041.000000000004    20346.666666666668    15850.999999999998    16467.666666666664    15922.0    17749.333333333336    14545.666666666666    10399.333333333334    6436.666666666667    4947.333333333334    4696.666666666667    4554.666666666667    5659.666666666667    4245.666666666666    4557.333333333333
16255.666666666668    19675.666666666664    23554.666666666668    27567.666666666668    21664.0    18041.333333333332    19537.0    15933.333333333334    11741.333333333332    9132.0    5036.999999999999    6455.333333333333    6171.999999999999    4242.666666666666    3580.3333333333335    4284.666666666667    3698.6666666666665    4295.333333333333
18221.0    19215.0    13342.000000000002    12349.666666666668    16342.0    18638.666666666664    16020.666666666666    13401.666666666668    8587.666666666666    7154.333333333334    6719.000000000001    7664.666666666667    10427.999999999998    11340.666666666666    15085.0    15733.666666666666    9839.333333333334    6963.0
4640.666666666667    4828.666666666666    3084.333333333333    2959.3333333333335    3859.3333333333335    4159.333333333333    6349.999999999999    6113.333333333334    8819.666666666668    8192.333333333334    10629.666666666666    14799.666666666666    23818.666666666668    26194.0    27819.333333333332    25689.000000000004    26920.666666666664    20261.333333333332
16025.33333333333    22783.666666666664    29191.333333333336    31906.666666666668    31528.666666666668    23129.0    17180.666666666668    9852.0    7393.333333333333    5918.333333333333    6653.0    4749.666666666666    3995.0    3763.3333333333335    4244.333333333333    3293.0000000000005    4724.333333333334    4664.0
18216.666666666668    29127.333333333332    33081.666666666664    34628.66666666667    33477.0    26259.333333333332    16508.666666666664    11575.666666666666    7704.666666666667    6800.0    6082.333333333332    6084.666666666666    4368.333333333333    3222.3333333333335    4446.666666666667    3699.0    3960.3333333333335    3014.0
3756.0    3814.0    3255.0    4543.0    3881.3333333333335    4723.666666666666    4429.666666666667    5326.666666666667    4225.666666666667    6384.999999999999    7594.666666666667    10696.0    17729.333333333332    31596.999999999996    36008.0    37333.666666666664    28725.333333333332    23355.0
3493.3333333333335    3424.6666666666665    4379.333333333333    4180.333333333333    2873.3333333333335    5395.0    4649.666666666667    6190.333333333333    6279.333333333333    6624.666666666667    7968.0    12164.333333333334    21195.333333333332    29337.666666666668    36794.66666666667    41440.333333333336    32814.99999999999    19445.333333333336
3011.0000000000005    3599.333333333333    3918.666666666667    4564.0    4761.666666666667    4942.333333333333    4389.0    3831.0    6015.333333333333    7031.666666666666    7710.666666666666    10612.666666666668    17692.333333333336    30527.0    36151.66666666667    39655.0    27598.666666666668    16860.666666666664
14148.0    20955.0    40699.99999999999    45413.0    31389.666666666668    16965.0    12759.666666666666    10732.0    9743.0    6273.666666666667    6142.333333333334    3791.0    5038.999999999999    4449.333333333333    4379.666666666667    3796.0    3991.6666666666665    4612.333333333333
4588.0    8906.333333333332    15486.333333333332    18711.333333333332    15840.333333333332    8074.666666666666    5090.333333333333    7919.0    6016.666666666666    5866.000000000001    5892.333333333333    6673.333333333333    14188.666666666666    16485.0    24468.333333333332    21500.0    18194.666666666668    16283.66666666667
3776.666666666667    3550.3333333333335    3912.3333333333335    4259.0    4005.0    6069.333333333333    4295.333333333333    5053.000000000001    4167.0    6993.999999999999    5635.333333333334    8510.0    17409.333333333332    32073.666666666668    43245.0    40329.66666666667    28836.666666666664    16643.333333333336
7739.0    11929.333333333334    19396.333333333332    22732.666666666668    16646.666666666668    11205.999999999998    10160.666666666666    6682.666666666667    6570.0    5754.333333333334    6099.0    6709.333333333334    7137.0    16239.333333333332    25761.333333333332    22795.0    14161.666666666668    10323.333333333334
9610.0    19972.333333333332    37905.66666666667    36090.333333333336    33860.0    16244.0    11903.0    8928.666666666666    7048.000000000001    8607.0    5248.666666666666    5656.0    4106.666666666666    5559.0    7213.0    6708.333333333333    6206.999999999999    4629.666666666667
