27296    51447    80010    71018    71508    31103
18661    37856    82844    96730    62928    33795
19090    48963    79574    85440    67795    23951
19051    35224    70969    93110    72239    33491
25219    29934    69883    101421    60118    35234
23636    28865    77795    83308    79407    39996
22535    34249    62230    80747    80303    33038
23899    28057    62549    107806    88802    43258
24400    31475    68638    88748    78146    33915
25986    29676    71893    71819    61191    32437
33844    26060    62356    83944    69467    45093
29694    33481    70746    67852    57746    29336
30072    29048    51731    93838    60801    33175
18529    35265    62162    80398    42238    23144
19982    34725    79424    82030    65410    40265
29658    31456    46975    61874    44191    29475
36305    36486    54250    78969    68173    32027
24409    44639    74345    98311    42244    26253
35375    54769    88043    93772    68082    32889
23133    39696    81231    90662    65768    25755
26215    51319    90414    106263    65253    27859
41192    44553    107023    108894    62621    24716
28604    40551    76074    87125    61174    34164
34945    45231    83371    94393    60541    22428
27081    49652    78703    82372    65349    23640
34109    38226    85557    86257    65253    23575
23434    36996    76617    95056    75382    26578
20981    27173    74664    87821    79147    35434
19793    32889    62899    79330    67730    26106
25995    46944    80803    91123    72153    32358
26472    51749    75819    80527    64301    27720
