15041    10051    41416    67943    56032    38285    19064    14280    17702    7174    5880    5436    4675    6400    3190    6255    6388    7170
9339    30052    37110    55301    53757    24965    40685    13056    10737    12037    12107    4952    5395    6358    3824    5720    5372    2047
10226    12838    40891    64306    64070    42704    7590    14729    15916    10601    7316    3612    3925    3908    3725    8737    4147    5572
2585    2403    3294    7027    7260    7124    6354    5993    8306    8814    7259    11152    23564    41025    45906    47536    48313    40169
4978    4571    4356    7324    3772    6232    7189    6427    5407    6874    10703    12945    26472    40528    37512    47938    48882    39699
6481    5924    3911    5652    8306    7895    5046    6935    6521    6235    11941    12593    18498    31433    57475    55285    53196    29680
3053    3311    4647    4541    4093    3478    4631    10645    8979    4349    8235    9221    12855    20750    57621    62247    54023    36423
6313    2873    3995    4503    3194    5460    7509    7790    8602    6169    8457    19811    35803    35831    52883    59108    49791    36279
5489    4363    2790    4160    5263    7493    5957    10059    5543    7998    17332    18194    19577    31076    35813    58250    50770    35195
3970    6034    3751    5027    2722    5004    6593    6737    15989    17554    26256    33106    30014    24114    31978    27702    25697    20754
5396    5085    6432    5625    5946    5897    7069    9159    8847    8735    13309    14139    11626    27670    62489    59391    44825    19124
4165    4055    7258    7929    7535    7169    8879    16149    20103    27629    26243    19378    19096    21548    33020    19897    17772    21030
6668    4226    9442    10079    8936    21666    18331    30248    20131    20107    21764    18402    18453    20575    17542    16132    13324    22639
4182    8686    15759    12946    30018    24783    14478    24143    15717    13986    14950    14946    14407    6821    11982    10046    13777    10109
5858    3807    4918    3871    3767    8596    6692    14577    11650    3244    12843    14378    16604    20452    50250    67885    47001    25443
18771    17754    20360    17707    16898    11002    13941    21350    14754    6219    15249    11648    8994    11868    11212    9942    8714    7246
10987    5332    10565    5728    6238    7175    9471    16329    18515    17117    25979    24911    33462    20717    22827    23882    27681    19294
31108    28596    27784    20502    20713    21594    16949    25827    24384    21223    18796    12734    7663    7296    6299    6935    5759    6039
27895    30346    29224    43992    62284    45269    24055    22206    20420    19959    7098    5024    3099    7481    4415    4524    9308    6331
17993    23079    34761    45799    59364    35693    25008    19745    13665    9038    6995    3893    3437    5944    4437    6385    7267    3742
15943    29450    40643    34748    39202    43850    43649    34118    17693    11098    11192    4442    9246    7088    4128    6890    3812    10131
15238    36219    48815    53216    43139    48887    35823    24784    16545    9247    8008    6414    7750    9679    10519    4990    5448    4278
13710    10686    28129    56841    67266    49631    20537    16999    16432    8699    7508    3411    5670    4728    3516    8082    3578    2269
14576    36520    36145    46508    50258    44794    31701    15820    13347    5727    9506    8588    5846    7891    2431    3423    3891    3937
13422    7670    44848    63754    67104    39536    12265    14242    13000    8789    7270    6106    5930    2925    6782    5515    4535    3104
10294    18546    38902    52682    47036    48176    24367    20589    8169    11080    10246    5872    5851    6920    4721    6474    6866    6186
8159    28945    44656    57891    56788    38169    20527    17135    10800    13745    5311    4058    4998    3486    4374    5927    3469    5625
4869    4339    5243    3943    5441    4437    6542    7512    6024    9070    10904    11164    14118    27687    52162    60006    50724    41035
3708    4188    2897    6076    3072    3664    6530    8900    8696    7771    5869    10063    11459    23017    46130    56052    46404    34251
16277    13604    31848    57856    54060    47156    27242    18241    10116    13537    6950    7227    5591    5957    12059    10504    6317    4834
8715    16745    34272    59490    53294    48050    21131    17199    11911    13671    8698    6243    7674    4147    2568    4071    3715    4994
