17085.333333333332    29903.333333333332    66040.0    80098.33333333334    76681.66666666664    42119.33333333332
18574.333333333332    31555.33333333334    72099.66666666667    89865.66666666666    74112.33333333334    38886.33333333332
14416.666666666664    24753.333333333336    47678.666666666664    79791.33333333334    75291.0    51558.33333333333
15216.333333333332    25833.666666666668    48953.0    77924.66666666667    79750.0    49146.00000000001
17159.666666666668    25989.0    53693.0    81108.33333333334    79617.66666666667    46944.33333333334
17933.333333333332    31415.666666666668    66139.99999999999    87896.66666666667    85408.66666666669    44146.33333333333
18384.999999999996    27815.999999999996    59184.00000000001    83887.66666666666    87911.33333333334    41202.333333333336
20738.66666666666    29751.66666666667    70253.00000000001    84896.33333333333    77787.99999999999    38979.66666666667
18030.0    31819.0    69704.66666666667    79693.66666666667    78870.66666666666    37545.666666666664
20215.66666666667    29113.666666666668    59098.0    90715.66666666666    70179.99999999999    42231.66666666668
19730.666666666668    29700.666666666668    51364.00000000001    83398.66666666667    70505.33333333334    38572.0
18808.666666666664    24336.666666666668    48496.333333333336    74585.33333333333    66466.33333333333    40974.666666666664
20208.666666666668    22134.666666666664    44440.0    71185.33333333334    69750.0    45719.99999999999
18101.666666666668    24452.33333333334    43779.33333333333    72489.0    70700.33333333333    45683.33333333333
20445.666666666664    24696.0    51061.333333333336    72734.33333333333    65094.66666666667    41464.99999999999
16055.666666666672    23768.0    49384.333333333336    71940.66666666666    57072.0    34879.0
16358.000000000002    23652.333333333336    43835.333333333336    69342.66666666667    56579.0    38101.666666666664
15769.333333333332    27523.999999999996    43615.666666666664    70257.33333333334    72295.66666666666    42118.33333333334
17608.000000000004    26095.000000000004    48824.99999999999    69949.0    72336.0    41719.33333333333
17730.666666666668    20922.000000000004    51577.66666666666    76291.33333333333    77666.0    48611.0
15487.666666666668    26647.333333333332    50879.99999999999    79432.66666666666    76328.66666666666    44970.0
15179.666666666666    21682.333333333336    50977.0    80410.66666666667    81910.99999999999    55050.66666666666
16635.0    23940.0    50751.66666666667    86929.66666666667    80175.0    52608.333333333336
17812.0    28469.333333333336    56424.333333333336    87056.33333333333    84070.33333333333    39894.0
20165.0    31897.66666666666    60395.66666666668    88345.66666666666    80961.00000000001    46237.00000000001
22009.66666666667    31481.333333333332    62845.66666666666    86341.66666666666    73319.66666666667    46760.66666666667
21163.333333333332    29322.666666666675    75599.33333333334    86589.33333333333    80226.66666666667    40691.333333333336
20207.666666666668    22301.666666666668    53861.333333333336    80380.66666666667    84157.66666666666    56792.666666666664
15441.333333333332    23626.666666666668    50025.0    79033.33333333333    85043.66666666667    52877.33333333333
16362.333333333338    19911.333333333336    51870.666666666664    82084.33333333336    87446.33333333334    47313.66666666667
15497.666666666666    25351.666666666668    54130.33333333333    85234.33333333334    76461.0    51423.0
