16950.0    28581.333333333336    48594.666666666664    50740.666666666664    51095.666666666664    32463.666666666668    22183.666666666668    7073.0    6220.666666666666    7788.333333333334    7101.0    4155.0    6026.333333333333    5867.0    4640.0    4396.333333333333    3340.6666666666665    4710.0
20325.666666666668    33926.0    45776.66666666667    58350.666666666664    48064.0    29146.666666666664    14291.999999999998    11553.333333333334    9833.666666666668    10784.333333333332    8806.0    6157.666666666667    4880.0    5672.0    4860.666666666666    4182.0    4180.0    4302.333333333334
3264.0    3748.3333333333335    3014.666666666667    3173.0    4055.0    4697.999999999999    3607.3333333333335    6108.333333333333    5499.333333333333    9368.666666666666    6176.333333333334    15525.666666666668    30820.333333333332    41272.666666666664    51976.33333333333    46080.666666666664    32213.666666666668    22887.0
4133.666666666667    3580.6666666666665    3526.0    3704.666666666667    4924.333333333334    3579.333333333333    5635.0    5911.0    6376.333333333333    7808.333333333334    8064.999999999999    16403.333333333332    28988.666666666668    36413.666666666664    49084.333333333336    45199.66666666667    40685.0    22804.666666666664
2980.0    4656.0    3893.3333333333335    4593.333333333333    5236.0    4774.0    6490.333333333334    6267.666666666666    4528.666666666667    9892.0    10669.000000000002    16735.333333333332    28757.33333333333    40106.0    44605.666666666664    46467.0    41795.333333333336    22065.0
30375.0    34703.666666666664    50843.333333333336    47242.99999999999    47256.00000000001    32030.666666666668    20267.0    12847.333333333334    7370.0    6003.666666666666    6139.000000000001    7669.666666666667    6984.666666666666    5965.666666666667    4068.0    4446.666666666666    4301.0    4426.333333333333
26933.333333333332    38120.333333333336    35912.0    44811.666666666664    40157.66666666667    35517.66666666667    18606.0    14518.333333333332    11861.0    7009.0    6510.0    7551.666666666667    5679.666666666666    5797.333333333334    4841.333333333334    5349.333333333333    4796.666666666667    4413.333333333334
28681.999999999996    35133.33333333333    39021.66666666667    35300.666666666664    40005.66666666667    36993.666666666664    24321.666666666668    16653.0    12066.333333333334    9712.333333333334    8013.333333333333    5788.999999999999    7905.333333333333    5126.999999999999    4849.0    5345.0    3640.3333333333335    3848.0
26900.0    34760.33333333333    34420.66666666667    37485.0    29707.333333333332    31646.66666666667    28773.333333333332    19419.000000000004    15877.333333333332    8860.0    8573.666666666668    6703.333333333333    4887.333333333333    8614.666666666666    4929.333333333333    4372.333333333334    3988.333333333333    5745.0
30807.33333333333    34741.33333333333    28565.0    30643.333333333332    26512.0    32143.666666666664    27638.666666666664    24248.0    19251.0    8569.333333333334    8961.666666666668    5721.333333333333    5796.666666666666    5895.0    4532.666666666667    6344.666666666667    5246.0    5937.0
16436.0    21177.333333333336    24417.333333333332    22761.333333333332    22564.666666666664    20344.0    18500.666666666664    15416.333333333334    18086.333333333332    17021.333333333332    18505.0    13745.0    11837.0    11886.666666666668    11949.333333333332    8909.333333333334    8774.0    10939.666666666668
3881.3333333333335    6003.333333333333    5300.666666666667    4484.666666666667    7058.000000000001    7406.666666666667    8408.333333333332    13510.666666666666    21661.333333333332    25710.666666666664    18920.666666666668    19623.0    21684.333333333336    20453.0    24227.666666666668    22785.0    24656.666666666668    17892.0
4987.0    6894.0    4631.666666666666    4961.333333333334    6918.333333333333    15239.666666666666    16199.666666666666    21103.0    20644.0    18979.0    17676.0    17098.666666666668    16350.0    19788.0    23401.0    21044.666666666668    19245.666666666668    18277.0
7004.666666666667    6880.0    7407.0    11908.0    16141.333333333334    20517.666666666664    17628.666666666668    16708.0    15345.0    14532.333333333334    13814.666666666666    17078.333333333332    13114.333333333334    20202.333333333332    23411.0    21834.666666666668    16901.999999999996    14775.999999999998
8011.666666666667    11416.0    16174.666666666666    20337.333333333332    18766.333333333332    15953.333333333332    14630.333333333332    14898.0    14016.666666666666    15440.0    10771.0    16118.333333333334    13230.666666666668    17588.666666666668    18222.333333333332    18527.0    17166.0    14228.666666666666
14155.666666666668    17397.0    15549.0    16441.666666666668    13853.0    14719.0    12789.0    12749.0    11022.0    11237.000000000002    11217.0    12488.000000000002    13408.666666666666    14332.666666666668    16173.999999999998    18084.666666666668    15887.333333333332    11595.000000000002
13064.666666666666    13370.333333333334    16097.0    12870.333333333336    12032.0    10634.666666666668    12964.666666666666    12258.999999999998    12159.0    12975.333333333334    11930.666666666666    10454.666666666666    12705.333333333334    18923.0    22061.0    18167.666666666668    14394.0    10805.666666666666
5634.0    4540.333333333333    5303.666666666667    5634.666666666666    5911.333333333333    6250.0    7541.000000000001    8151.333333333333    18974.0    23464.333333333332    22613.333333333332    20896.0    21488.0    26066.0    22865.666666666668    25387.666666666664    20628.333333333332    20230.666666666664
3252.6666666666665    4959.666666666667    3197.3333333333335    5956.0    6215.666666666667    6233.333333333333    6889.0    6360.333333333334    10535.0    15031.0    23424.0    27976.000000000004    22015.333333333332    24731.0    26139.333333333336    31199.0    26838.666666666664    25579.0
4321.666666666667    3831.6666666666665    4381.0    4337.666666666666    3978.333333333333    5679.333333333334    7598.333333333333    7403.333333333333    6824.333333333333    9240.0    19483.666666666664    22197.333333333336    34520.666666666664    32504.666666666668    30561.0    32940.0    35245.333333333336    27750.333333333336
2868.6666666666665    4007.0    4648.0    4011.3333333333335    5657.0    5723.0    5839.666666666666    7384.333333333332    6376.666666666667    10224.000000000002    13525.666666666666    22742.0    31356.666666666668    32038.666666666664    37501.666666666664    37876.666666666664    33751.66666666667    28213.666666666664
4353.0    3337.666666666667    3667.0    5070.0    4969.333333333334    6215.666666666667    7092.333333333333    6194.666666666667    8498.0    8284.333333333332    12547.0    20306.333333333336    32470.333333333332    37790.33333333333    40178.99999999999    35947.33333333333    35053.333333333336    33235.666666666664
4169.666666666667    5014.333333333333    4934.0    3024.0    4371.0    6634.666666666666    5731.0    6599.333333333332    6533.666666666667    7752.666666666666    11926.333333333334    18389.333333333336    30759.666666666668    38643.33333333333    40118.666666666664    48150.666666666664    40822.33333333333    27465.0
9060.0    11626.333333333332    14024.666666666666    16705.666666666668    13266.666666666666    12199.666666666668    10356.333333333334    9314.333333333332    7403.666666666667    7548.666666666666    8878.0    15192.0    26173.0    31022.000000000004    35084.99999999999    38794.0    28083.333333333332    18993.0
20485.333333333336    35497.0    48345.0    48547.66666666667    46479.333333333336    36355.0    19429.666666666668    12409.333333333334    6474.999999999999    8732.333333333332    5898.666666666666    6649.666666666667    5590.666666666667    6178.0    5023.333333333333    6433.333333333333    4176.666666666666    5296.0
19068.0    34041.0    53463.333333333336    52122.33333333333    42393.0    32526.0    16061.333333333332    11944.666666666668    9980.666666666666    7687.333333333333    6702.999999999999    6204.333333333333    6208.333333333333    4602.0    5084.0    4948.000000000001    5262.333333333334    4459.0
20986.666666666668    35291.33333333333    51742.66666666667    59468.00000000001    49887.0    33267.0    14072.333333333334    9737.666666666666    8527.0    8887.666666666668    7203.666666666667    5022.333333333333    6905.333333333334    5028.333333333333    4079.0    4404.0    3879.666666666667    5203.0
3674.3333333333326    3292.333333333333    6390.666666666667    4809.333333333333    5595.666666666667    5506.0    5280.666666666667    4616.666666666666    8887.666666666666    7143.666666666666    10803.666666666666    15033.666666666664    25583.333333333332    43397.333333333336    56882.99999999999    53968.666666666664    32256.333333333332    24578.666666666664
4533.0    3973.3333333333335    3680.0    3674.666666666667    5500.333333333334    5473.666666666666    4134.666666666667    6318.333333333333    5712.333333333333    8789.333333333332    10025.0    13232.333333333332    25218.666666666668    42083.666666666664    54134.333333333336    50539.333333333336    38492.33333333333    20532.000000000004
3818.3333333333335    4818.666666666667    4534.666666666667    4059.0000000000005    3944.0    5483.666666666666    6418.333333333333    4876.333333333334    7103.666666666666    9272.0    9819.333333333334    12903.666666666668    23430.333333333332    44307.666666666664    55355.333333333336    47685.333333333336    39442.333333333336    17716.0
3646.0    4681.333333333334    4180.666666666667    4639.0    4247.0    4341.666666666666    5197.666666666666    5868.333333333333    8139.333333333333    9338.0    7811.999999999999    11600.666666666666    27801.666666666664    46338.333333333336    55553.333333333336    47479.0    34807.0    22427.0
