17470.333333333336    22190.000000000004    49864.333333333336    79361.33333333333    74803.99999999999    49863.66666666667
18319.000000000004    27119.0    55409.33333333333    88883.0    81604.0    42283.33333333333
18185.666666666668    22790.0    48512.33333333333    70227.0    76817.0    50425.333333333336
22000.666666666664    23673.0    53653.66666666667    85220.00000000001    79945.33333333336    48305.66666666668
15971.0    19028.333333333332    41925.66666666667    74301.0    79387.66666666667    53249.333333333336
17125.666666666664    20891.333333333332    39849.33333333333    65215.00000000001    81053.66666666667    52834.66666666667
17883.0    19531.666666666668    42869.666666666664    70521.66666666666    83617.0    50715.666666666664
16454.666666666664    19286.0    41815.33333333333    69451.66666666667    69786.33333333333    44825.33333333333
18212.0    18623.666666666668    44281.0    70277.0    78512.0    45920.0
18673.666666666668    19663.333333333332    40961.333333333336    69118.0    72568.66666666667    48790.0
19506.999999999996    28821.000000000004    54065.66666666667    83199.66666666669    68464.66666666667    39812.66666666667
18581.333333333332    23536.333333333336    46643.33333333334    75449.66666666667    65710.33333333334    45459.33333333333
16655.666666666668    20669.333333333332    36393.333333333336    61224.99999999999    71773.33333333334    46219.33333333334
18234.333333333332    22450.666666666664    46570.33333333333    69381.0    64455.33333333334    44871.333333333336
15047.000000000002    26495.999999999996    45502.00000000001    65498.333333333336    64771.666666666664    43695.666666666664
24546.999999999996    20315.333333333332    36064.66666666667    59206.666666666664    51443.99999999999    38125.333333333336
18817.999999999996    22002.666666666668    37519.66666666666    56868.33333333332    58525.0    36236.666666666664
14373.999999999998    26022.666666666668    46106.0    77763.00000000001    74840.66666666667    44323.666666666664
15252.333333333334    18076.333333333332    42084.33333333333    79829.0    74200.0    51614.66666666667
15327.666666666668    19282.0    46063.333333333336    70845.66666666667    75401.66666666667    43327.666666666664
19682.333333333332    26884.0    57790.33333333333    92221.99999999999    80180.33333333333    45062.666666666664
20968.999999999996    25941.33333333333    62067.00000000001    79387.66666666667    84996.33333333333    43020.99999999999
15986.0    25664.333333333336    51129.333333333336    82685.66666666667    74822.66666666667    51750.66666666666
17341.0    19677.000000000004    46698.0    77148.33333333333    84379.0    54671.99999999999
17827.666666666664    23250.33333333333    46563.333333333336    81156.66666666669    80797.00000000001    49206.666666666664
19926.000000000004    23853.0    49973.66666666667    81132.0    71296.33333333333    50542.33333333333
20413.333333333336    29201.0    61872.0    87852.33333333334    77890.66666666667    37387.99999999999
21045.333333333336    32817.66666666667    60215.666666666664    88193.66666666666    72573.0    45933.0
18050.666666666668    24395.33333333333    62491.333333333336    84617.0    78482.0    38765.666666666664
16097.333333333338    20003.666666666664    57555.99999999999    73241.66666666667    77337.0    47441.0
16979.333333333332    24836.333333333336    47144.0    72605.66666666667    75381.0    48360.33333333333
