9516.666666666668    12795.666666666666    20195.0    20159.0    25607.0    13129.0    11672.666666666668    8835.333333333332    7482.0    6644.333333333333    7873.0    6191.333333333333    13477.333333333334    20720.666666666668    34475.0    31173.666666666668    26617.666666666664    16988.333333333332
11964.666666666666    27246.333333333336    45237.333333333336    53513.666666666664    42500.0    37334.33333333333    22914.666666666668    14560.333333333334    6486.0    8799.666666666666    7389.666666666666    6336.333333333334    4418.666666666666    5680.333333333333    4588.333333333333    4423.333333333334    6254.0    3969.9999999999995
8355.0    9190.333333333334    12744.333333333334    15920.333333333332    14939.000000000002    13524.0    8206.0    8093.666666666667    6812.333333333333    8096.333333333334    9325.666666666666    9720.0    18667.0    27806.333333333332    31670.666666666668    35560.99999999999    28054.333333333332    20271.0
15959.333333333334    26763.666666666664    34364.666666666664    41124.666666666664    39884.33333333333    30169.666666666668    23000.666666666668    10829.666666666666    9055.666666666666    8594.0    7978.666666666667    8809.0    10177.333333333334    8681.666666666666    10906.666666666666    9368.666666666666    9652.666666666668    7477.333333333334
2784.0    3682.3333333333335    4455.333333333333    3752.0000000000005    5034.333333333333    4029.0    4021.3333333333335    4830.0    5760.333333333333    5746.333333333333    9478.666666666668    13147.0    24865.0    32275.666666666668    41981.333333333336    46021.0    40986.333333333336    31013.0
3016.0    2944.6666666666665    3687.0000000000005    3325.333333333333    3676.0    5308.333333333334    5954.333333333333    6083.999999999999    8102.666666666666    8956.333333333334    10076.666666666666    19097.333333333332    25366.333333333336    35515.0    34563.666666666664    37641.333333333336    36280.333333333336    27374.333333333332
4036.6666666666665    5596.333333333333    4129.666666666667    3213.6666666666665    4387.666666666667    5495.0    4641.333333333333    5983.333333333333    5911.333333333333    8063.0    11411.666666666666    18539.000000000004    24629.666666666664    32250.999999999996    38831.666666666664    38746.66666666667    38318.0    30953.0
4649.666666666666    4069.6666666666665    4165.0    5496.999999999999    3799.3333333333335    5116.0    3806.666666666667    6654.333333333334    4235.666666666667    8069.333333333333    11756.666666666668    20893.0    24175.0    29200.999999999996    31276.000000000004    30626.333333333336    34116.666666666664    29512.000000000004
5394.333333333333    3899.6666666666665    6905.333333333334    4759.333333333334    4526.0    4843.000000000001    5649.0    6495.666666666667    8032.0    8721.333333333334    14212.0    22410.333333333336    25550.333333333332    27673.666666666668    31089.000000000004    30381.0    32061.0    33222.666666666664
4928.666666666667    5496.0    5172.0    5017.333333333333    5311.0    4790.666666666667    6513.666666666667    5202.666666666667    6951.0    13115.333333333332    21730.000000000004    26035.666666666668    22516.0    24681.999999999996    29343.0    25671.666666666668    27176.666666666668    30121.666666666668
26493.333333333332    24206.333333333332    29043.666666666664    28034.666666666668    25085.333333333336    23462.666666666668    20227.333333333332    21120.666666666668    23872.333333333336    18879.666666666668    13500.666666666666    8212.333333333334    4927.333333333333    6169.0    6318.333333333333    5472.0    4018.666666666667    4826.333333333333
17208.0    19516.666666666668    21350.666666666668    28423.0    25872.666666666664    21185.666666666668    17710.999999999996    19174.0    20237.666666666668    17459.666666666668    17417.333333333336    10962.666666666666    9305.333333333334    7770.666666666667    6329.0    5085.666666666666    5804.333333333333    4566.333333333333
4482.0    5157.666666666667    6332.0    6080.666666666666    6651.666666666667    13334.666666666668    16103.0    16231.0    17968.0    18306.666666666668    16645.666666666668    14716.999999999998    17849.666666666668    17290.0    21443.666666666668    20808.999999999996    18115.333333333332    15418.333333333334
5579.666666666667    5386.666666666667    7630.666666666667    10070.333333333332    16657.666666666668    19634.666666666668    17990.0    18894.333333333336    14775.0    13318.333333333332    19622.0    13846.666666666668    14176.666666666666    14247.0    18013.0    21779.666666666668    19600.0    14740.666666666668
9046.666666666666    9747.0    17690.666666666664    18864.0    15797.666666666666    16911.333333333336    11545.000000000002    14380.333333333334    11903.0    15305.666666666664    13732.333333333332    13591.0    13510.666666666666    13539.666666666666    17586.666666666668    16977.333333333332    18519.666666666668    12361.999999999998
13734.333333333334    12522.0    17528.666666666664    19401.333333333332    14875.999999999998    15182.0    13225.666666666666    10757.666666666666    9936.999999999998    10316.666666666668    11170.0    12578.666666666666    10140.333333333332    11207.0    10338.333333333334    10258.999999999998    9601.333333333334    16927.0
11909.333333333334    14326.333333333334    16761.999999999996    19267.000000000004    20956.666666666668    15918.666666666666    14319.333333333334    11202.333333333334    8884.333333333332    12521.333333333334    13876.333333333332    15209.0    9141.0    8919.666666666666    7235.666666666667    9678.0    9423.333333333334    10420.0
11934.000000000002    9248.666666666666    13798.333333333332    8533.666666666666    11668.333333333334    10593.333333333334    12063.666666666666    12167.333333333332    16381.333333333334    17378.333333333336    18937.333333333336    20998.0    19646.666666666664    17747.0    22862.666666666664    20801.0    18395.0    20275.333333333332
2983.3333333333335    4813.333333333333    4738.666666666666    5097.666666666666    3831.666666666667    4343.666666666666    7264.0    7118.333333333333    9626.666666666666    13909.333333333332    19500.0    26663.666666666668    25933.0    28350.333333333336    29856.333333333332    28291.999999999996    29958.333333333332    28776.333333333336
3882.3333333333335    4364.0    3397.6666666666665    3574.333333333333    5229.0    5999.666666666666    6766.333333333334    4486.666666666667    7286.0    9231.666666666666    16037.333333333334    19453.000000000004    25231.666666666668    27723.333333333336    31446.999999999996    28816.0    30606.666666666668    36715.333333333336
24455.666666666664    29400.666666666664    38560.666666666664    39785.0    40131.666666666664    36867.333333333336    27116.333333333332    17327.0    12795.666666666666    9550.666666666666    7261.333333333334    7433.666666666667    6357.333333333334    6393.000000000001    5574.333333333333    3725.3333333333335    5106.666666666666    3979.3333333333335
16838.000000000004    30230.333333333332    33500.0    37210.0    31779.666666666668    26228.333333333332    23328.666666666668    14644.333333333334    10176.333333333334    8446.000000000002    9557.333333333332    7621.666666666666    10846.333333333334    10373.0    11197.666666666666    10974.666666666666    11071.666666666668    12358.333333333334
7743.0    10684.0    17214.666666666668    22312.000000000004    17969.333333333336    15141.666666666668    9697.666666666668    7566.666666666666    8896.333333333334    8878.0    8400.333333333334    9205.333333333334    15815.666666666668    26252.666666666668    31175.666666666668    32614.0    25975.666666666668    26496.000000000004
4827.0    6442.666666666667    4505.666666666667    5460.0    6424.333333333333    5170.666666666667    4360.0    7282.333333333333    5544.333333333334    7592.666666666665    8967.333333333334    14045.999999999998    21670.333333333336    35703.66666666667    49744.666666666664    40127.66666666667    40079.0    31967.000000000004
3185.3333333333335    3158.666666666666    3407.666666666666    4260.666666666667    5926.0    5639.333333333333    4513.666666666666    5639.666666666666    8345.333333333332    9442.333333333334    8001.0    11012.999999999998    21880.000000000004    35418.0    44730.333333333336    47417.0    43805.333333333336    33018.33333333333
6696.333333333333    10655.666666666666    17798.0    20918.333333333332    18024.333333333332    15850.333333333334    10080.0    9175.666666666666    9922.666666666666    6199.999999999999    9172.666666666666    8999.333333333332    16754.0    25026.0    31694.666666666664    33921.333333333336    29294.0    16540.0
14981.333333333332    30239.0    47032.666666666664    48794.333333333336    48329.33333333333    33977.0    17979.333333333332    10974.0    9792.0    9463.0    8208.333333333332    6186.666666666667    6566.666666666667    4691.333333333334    3507.3333333333335    4767.666666666667    5035.666666666667    4091.666666666667
15159.0    28922.0    42920.99999999999    53775.333333333336    49078.66666666667    37084.0    20305.0    12256.0    9088.0    7889.0    6816.333333333334    6753.333333333332    5542.0    5601.0    5035.999999999999    5459.666666666667    4617.666666666666    4474.333333333334
8927.333333333332    15920.666666666668    25181.333333333336    30797.666666666664    29115.333333333332    17687.0    11952.666666666666    8199.666666666666    7521.333333333334    6071.333333333334    6290.666666666667    8678.0    11722.0    18770.666666666668    30584.333333333332    29164.333333333332    24196.666666666668    16020.999999999998
3252.6666666666665    4485.333333333334    3957.333333333333    3726.3333333333335    4787.0    4106.333333333333    3891.0    5997.0    6282.0    7422.333333333332    9222.333333333334    8056.666666666667    18380.0    38238.0    49376.666666666664    52592.0    42083.33333333333    25820.333333333336
3976.0    3504.3333333333335    5494.666666666667    4120.666666666667    4472.333333333333    4168.999999999999    4850.333333333333    4857.666666666666    5233.0    7882.666666666666    7387.666666666667    10811.333333333334    14277.0    37640.66666666667    51049.333333333336    50957.666666666664    41922.33333333333    22700.000000000004
