18330    29305    52517    76464    34645    22934
18089    30747    54505    63868    48928    22672
15968    21806    56670    66469    40866    21091
13626    25462    54030    51917    40975    16785
13245    24051    49870    60251    36325    22784
14242    16376    34596    50712    33802    16639
9686    23494    44298    48087    41498    25291
11289    14297    29936    44029    30754    15443
22324    32310    36933    34824    39957    21464
12680    20196    26060    26599    22022    13726
17346    22069    39010    50135    37799    20889
14354    21945    40996    61792    44867    24690
17137    17120    42076    55695    37799    20679
17509    23099    50087    65478    39258    30528
18296    21328    41076    71604    48154    17847
19970    25883    44402    59172    48224    24136
12624    30528    51701    69394    42674    19229
17859    28975    62487    70002    53668    25667
15842    32985    50746    71702    55201    26238
17194    35050    51768    64846    45154    15174
16689    33911    51568    73551    51849    20338
