25437    24489    21181    21914    23935    25516    16925    18177    13866    4898    6376    3004    6932    7067    10177    4301
19520    20907    22155    17783    17763    20448    19676    24041    24760    11867    9154    6654    9902    6733    3789    3657
20586    21158    16296    17972    11911    17273    15959    19297    24459    20227    11573    6154    6146    6078    4085    3696
17665    10921    19109    12921    20869    11573    14275    16042    13904    11660    16262    13376    8667    5062    4635    5854
11272    15558    12794    13723    16301    11941    10228    14380    17595    16154    14583    15341    12898    10346    6771    6641
10955    8457    8451    8553    15757    10424    8327    12073    12045    10142    11650    9331    15882    9454    9135    5731
14310    12805    10372    10267    11653    7593    12082    15426    12672    9262    9270    14577    14661    11973    13747    11684
8029    11320    8447    9020    9808    8904    6193    6304    11153    9482    6940    6031    7515    9359    14588    12655
13198    10553    9063    12006    13622    15344    9884    8296    12027    13198    13637    10486    10708    10244    12216    13330
7616    8033    8389    6292    8238    6637    6125    6842    11236    6435    7603    7893    7242    8108    6856    7738
9597    4931    8009    7467    9464    13926    10685    21183    15891    19874    10546    11246    10220    9202    10128    14879
6775    8921    7438    5636    9011    11621    16909    18658    15607    17028    18385    16223    17673    14141    11900    12718
10684    7309    8721    7757    11832    12892    11914    12404    21186    16770    17920    13109    12252    8568    8559    8629
4949    6816    4770    4326    7031    11797    18638    16689    18352    18182    18968    23420    16185    20418    17532    17886
5099    4513    2892    5218    4820    9137    8569    11075    20516    25890    25149    18812    20788    17926    17499    20402
3646    3407    4274    4282    3500    8343    7531    11478    18342    19404    30416    14284    27731    20418    19784    24947
29657    15881    22338    24514    19365    18033    23851    17210    12644    8280    6670    6545    5057    7894    5038    3173
32080    25037    18639    32756    36338    33573    18783    15849    7303    5236    6451    7035    6575    3637    4457    4909
25990    24594    29684    26434    35878    26468    19037    17153    6826    5559    5105    7386    9041    5460    3511    4588
31635    25746    28926    23370    31355    16297    14196    9866    5991    6138    5320    3901    7255    6501    9326    3363
30413    32992    31981    28836    32856    20293    15896    8942    5818    6561    6578    6679    5871    7867    2942    3381
