20054.33333333333    34560.0    64044.66666666668    68069.66666666667    48525.0    23574.33333333334
13676.999999999998    23528.666666666668    58830.666666666664    61900.666666666664    44270.333333333336    25272.333333333332
16543.000000000004    32023.999999999993    64544.33333333334    65029.00000000001    45539.333333333336    21152.000000000004
15223.666666666666    25652.333333333332    53239.0    68707.66666666666    43153.66666666667    25992.333333333332
13256.666666666668    28433.0    57688.66666666667    66259.66666666666    51928.00000000001    21433.666666666664
14150.000000000002    29137.0    48147.0    62144.0    46502.0    26724.333333333336
13923.0    23972.0    48674.666666666664    63532.666666666664    45018.666666666664    23205.666666666664
14877.666666666666    25353.333333333332    49686.0    69610.0    47031.66666666667    21607.333333333332
15700.333333333334    24311.666666666664    51333.333333333336    62599.66666666666    49283.33333333333    25338.666666666668
18169.333333333336    30744.333333333336    56596.666666666664    63052.666666666664    44008.33333333333    21493.33333333333
16110.666666666664    25965.666666666664    51254.0    53426.0    42893.333333333336    21514.666666666668
14901.999999999998    26053.333333333332    42368.33333333333    53408.66666666667    44098.00000000001    23243.333333333332
13595.666666666668    27141.666666666668    55676.333333333336    60071.333333333336    41600.666666666664    24419.0
15565.666666666664    29128.333333333336    53997.00000000001    56041.66666666668    32593.333333333332    21277.333333333332
17454.0    28462.66666666666    46516.333333333336    56208.333333333336    36803.333333333336    18086.333333333332
15803.000000000002    28352.666666666668    44450.66666666667    50236.00000000001    37125.66666666667    19175.333333333336
15563.666666666668    27440.333333333332    53585.0    54083.66666666667    40705.333333333336    24085.333333333336
18812.0    30107.333333333336    54817.666666666664    57850.66666666667    39240.66666666666    20688.0
13944.0    40961.666666666664    55571.66666666668    59813.00000000001    34904.333333333336    17727.333333333336
17379.666666666668    28408.999999999996    55172.33333333333    72243.66666666666    42628.0    25464.666666666668
17813.000000000004    35271.33333333333    58269.99999999999    71663.33333333334    42884.66666666668    19326.333333333336
17802.333333333332    39064.66666666667    59267.33333333333    62824.666666666664    37799.333333333336    17775.666666666668
15994.0    26169.333333333336    57797.33333333333    59463.333333333336    41699.33333333333    23356.0
15143.000000000002    27098.333333333332    47577.333333333336    56703.0    41602.0    26422.666666666668
14616.666666666666    26080.0    52900.0    60173.333333333336    45741.666666666664    24313.666666666664
15165.0    26250.0    51686.666666666664    65980.33333333333    46955.333333333336    22503.33333333333
22244.333333333336    36735.0    60639.33333333332    64827.000000000015    38570.00000000001    22343.33333333334
16632.333333333336    35743.66666666668    60813.0    58757.66666666666    32785.333333333336    20988.666666666664
13895.000000000004    32432.666666666668    54413.333333333336    60477.33333333333    44607.333333333336    25909.999999999996
16605.666666666668    31176.666666666668    58442.666666666664    64845.666666666664    41951.666666666664    20712.0
15446.666666666666    27141.666666666668    56904.666666666664    58879.0    40452.66666666667    25040.0
