11793.333333333334    23897.666666666668    39652.0    43173.666666666664    35474.333333333336    24498.666666666668    14386.000000000002    7598.666666666666    9099.0    8659.000000000002    5988.333333333334    6135.666666666666    5539.666666666667    4310.333333333333    5320.333333333334    3722.0    3949.666666666666    5629.666666666666
4380.666666666667    4405.333333333333    2939.9999999999995    3921.0    3750.3333333333335    4668.333333333334    3408.6666666666665    5038.333333333333    5070.333333333334    6391.0    5731.333333333333    8341.0    15063.666666666666    28415.333333333332    37763.0    41149.0    29266.666666666664    17775.666666666668
7559.666666666667    12070.666666666666    21505.666666666668    32842.66666666667    26923.666666666668    18469.666666666664    7585.666666666667    5384.0    6881.999999999999    7370.999999999999    6333.666666666667    6820.333333333333    8569.666666666666    11866.333333333334    14793.666666666668    19781.0    17810.333333333336    12262.000000000002
4469.0    3816.666666666667    5173.333333333334    3870.3333333333335    3489.3333333333335    3573.333333333333    5366.666666666667    3259.3333333333335    6111.333333333334    6470.333333333334    5781.666666666666    10370.666666666668    15952.333333333332    28047.000000000004    35556.666666666664    42773.666666666664    30860.666666666664    17026.333333333336
2677.6666666666665    3417.333333333333    2224.0    3352.0    3682.0000000000005    5303.666666666667    5802.0    4414.0    5305.000000000001    7267.333333333332    8239.333333333332    8741.666666666666    13199.666666666664    28311.666666666668    38947.0    41506.333333333336    31709.666666666668    24899.333333333332
4090.333333333333    4433.0    3583.0    4305.333333333334    3177.3333333333335    3462.0000000000005    4198.0    4435.333333333333    4866.0    6960.666666666667    6843.0    9148.0    17032.666666666664    27399.666666666664    33894.0    34742.0    32497.666666666664    21736.333333333332
3153.6666666666665    3052.6666666666665    4495.0    2605.6666666666665    2524.333333333333    3794.9999999999995    5443.666666666666    3508.333333333334    4916.333333333333    5038.333333333333    7552.666666666666    12184.0    17464.333333333332    27046.666666666668    33336.33333333333    31442.666666666664    31603.666666666664    19163.333333333336
3597.3333333333335    5232.999999999999    3997.3333333333326    3306.0000000000005    3718.0000000000005    3346.6666666666665    3050.6666666666665    3267.3333333333335    4356.333333333333    6170.666666666666    8968.0    13016.333333333334    16630.333333333336    29550.333333333332    34423.0    37752.333333333336    29305.999999999996    18476.333333333332
3784.3333333333335    2974.0    5255.666666666666    5634.0    3828.333333333333    4303.0    4131.666666666666    7550.0    6941.333333333332    7632.666666666667    11108.333333333334    17968.333333333336    15818.666666666664    22505.666666666664    27031.333333333332    32866.666666666664    24973.000000000004    24260.0
3465.0    4122.0    3662.6666666666665    4778.0    3500.6666666666665    4696.0    6835.666666666666    6038.333333333333    6439.333333333334    9572.333333333332    16995.666666666668    16994.333333333336    19199.666666666668    23295.333333333332    33704.666666666664    26370.333333333332    22961.333333333332    21433.333333333332
3921.6666666666665    3807.333333333333    4514.333333333333    3056.333333333333    4085.666666666667    3750.333333333333    6329.0    5413.0    8898.0    14043.999999999998    16319.0    16634.0    15505.000000000002    17192.666666666664    23320.66666666667    24529.333333333332    21682.33333333333    18161.666666666668
4025.333333333333    3172.333333333333    2990.0    3659.0    5999.666666666666    5481.666666666667    5431.0    8490.0    10522.0    12455.666666666668    14872.333333333334    13564.333333333332    14128.666666666666    17983.666666666668    23630.333333333332    24301.333333333332    19616.333333333332    13750.0
4420.0    3870.3333333333335    4678.0    4958.666666666667    6712.666666666667    8036.333333333333    10131.0    15900.999999999998    12779.666666666666    13693.0    11594.0    12186.333333333332    12097.333333333336    18025.666666666668    20518.666666666664    24453.333333333336    20389.0    18059.666666666664
11411.000000000002    14746.666666666666    18324.666666666668    23398.333333333332    20856.333333333336    17599.333333333332    9216.0    8834.0    10379.333333333332    9994.333333333334    8167.333333333333    9654.333333333334    11486.333333333332    9919.666666666666    8247.333333333334    6553.333333333333    4299.333333333333    5515.666666666668
10182.000000000002    9797.333333333332    15618.0    23463.666666666668    26499.0    12530.333333333334    10783.666666666666    8271.666666666668    8602.666666666668    10945.333333333334    8132.666666666667    8147.333333333332    8973.0    9683.666666666666    9012.000000000002    8754.666666666666    9352.0    4781.999999999999
10471.000000000002    11477.0    10359.666666666666    8755.0    7506.333333333333    6960.333333333334    8539.0    5146.666666666667    8074.666666666667    10485.0    9060.666666666666    9407.0    10034.333333333334    12396.333333333332    16342.999999999998    19728.333333333332    18721.0    11678.0
8827.666666666666    4754.666666666667    5552.666666666668    6179.333333333334    6109.0    7382.0    6637.333333333333    7113.333333333333    8049.666666666667    11213.666666666666    12632.0    13668.0    11499.333333333332    17334.0    27454.666666666664    25726.666666666668    20140.666666666668    15188.666666666666
14441.333333333334    18064.333333333336    24302.666666666664    25830.666666666668    21810.999999999996    14899.000000000002    10975.666666666668    14441.666666666668    15182.333333333334    15506.333333333334    9665.333333333332    7558.333333333333    4904.0    4015.6666666666665    5277.333333333333    4612.666666666667    5665.666666666667    4362.333333333333
19232.666666666668    18639.666666666668    19907.0    26989.666666666664    22751.333333333332    23013.333333333332    18287.0    16564.666666666664    12917.333333333332    9095.333333333332    5898.000000000001    6243.999999999999    2807.0    4307.0    3619.3333333333335    4899.333333333333    3859.6666666666665    3889.6666666666665
11594.333333333332    10299.0    8833.0    8968.333333333334    11390.666666666666    11962.0    12407.333333333334    9282.0    9505.333333333332    6522.0    10684.0    11281.666666666666    14896.333333333334    21708.333333333332    20460.333333333332    24280.0    24892.666666666668    12330.0
13101.666666666668    20106.000000000004    22651.333333333332    31304.333333333336    32345.0    20861.0    15621.666666666666    10072.333333333334    9377.333333333334    7147.333333333333    5399.0    5614.0    4865.666666666666    7054.666666666666    9665.666666666666    13814.0    10089.000000000002    6138.666666666667
16069.333333333334    21307.0    28201.666666666668    30979.0    31444.666666666664    27832.0    17285.666666666668    10721.666666666666    8747.0    7183.333333333333    5030.000000000001    4860.999999999999    5111.333333333334    3640.0000000000005    3864.666666666667    5151.666666666667    4390.333333333334    2713.666666666667
3401.6666666666665    8894.666666666668    11024.333333333334    13189.666666666668    9747.0    8082.0    3980.666666666667    4538.0    5445.0    7078.333333333332    6184.333333333333    11203.666666666666    14953.666666666666    26784.0    20816.666666666668    25516.333333333332    22641.000000000004    20998.333333333336
3778.6666666666665    2259.6666666666665    3191.6666666666665    2656.0    3208.666666666667    4939.0    4517.666666666668    5399.0    4275.333333333333    6138.333333333333    7896.333333333333    7357.333333333334    17162.333333333332    27764.333333333332    33585.333333333336    32694.000000000004    29281.000000000004    18441.666666666668
3891.0    3097.6666666666665    3284.3333333333335    4677.333333333333    4044.333333333333    3678.3333333333335    4253.0    3388.0    4138.666666666667    7140.0    7895.666666666667    8377.0    16358.0    27102.666666666668    37999.666666666664    37861.666666666664    27279.666666666668    19358.333333333332
2810.666666666667    2892.666666666667    3754.3333333333335    5087.333333333333    2933.3333333333335    5054.0    3542.6666666666665    4481.666666666666    5316.666666666667    5133.666666666667    7625.666666666666    9710.0    15736.666666666668    30498.999999999996    37315.0    40867.333333333336    27445.0    18335.0
9630.0    15191.333333333334    26693.333333333336    41947.0    40462.0    21736.0    10771.666666666666    6775.999999999999    7431.333333333334    7365.333333333333    7216.333333333333    6306.000000000001    7361.0    6300.333333333333    10243.0    8778.333333333332    5605.333333333333    5544.666666666666
9999.666666666664    18443.333333333336    32982.666666666664    38464.666666666664    39373.666666666664    23060.0    11020.333333333334    6007.0    5646.0    6693.0    4812.666666666666    5182.333333333334    3387.3333333333335    5118.666666666666    4112.333333333333    3537.333333333333    4369.0    3510.6666666666665
3513.6666666666665    4051.6666666666665    2849.333333333333    5302.333333333333    3307.3333333333335    3545.666666666667    4387.666666666667    4230.0    4636.0    5651.666666666666    9135.666666666668    9757.333333333332    11026.333333333334    30218.666666666664    41471.0    42248.666666666664    31303.33333333333    15099.333333333334
5771.666666666667    7444.666666666666    15744.0    18568.333333333332    16071.333333333334    12123.0    8409.0    5722.0    5159.666666666667    6317.666666666667    5940.0    6435.666666666667    6794.333333333333    17279.333333333336    28150.333333333332    32678.333333333336    23446.666666666668    11678.333333333332
3060.0    3557.333333333333    3119.0    2793.333333333333    3831.0    3733.0    4978.666666666666    4123.666666666667    5410.000000000001    5624.0    8371.0    11375.666666666666    13941.000000000002    26130.333333333336    39894.33333333333    39802.666666666664    30068.999999999996    14050.666666666668
