21987.666666666668    19123.0    47902.666666666664    70488.33333333333    64373.666666666664    33465.33333333333
17725.0    18033.333333333336    33985.666666666664    61778.333333333336    66242.33333333333    39543.666666666664
21208.0    20140.0    29766.666666666664    66105.66666666667    66813.66666666667    39920.333333333336
18979.666666666664    18552.666666666664    33121.0    63876.33333333333    68888.66666666666    40528.333333333336
20112.666666666668    17987.666666666668    45400.66666666666    69262.66666666666    64227.00000000001    37999.00000000001
18892.333333333336    21478.666666666664    41248.666666666664    66279.0    66411.66666666667    30853.333333333336
27014.0    21831.33333333334    43808.0    66828.66666666666    60410.66666666667    33383.666666666664
18515.0    15902.0    27002.0    50540.0    60885.666666666664    45606.66666666666
24484.333333333332    18311.0    29766.0    57894.33333333333    59195.666666666664    38459.0
19804.333333333332    18750.333333333332    32758.333333333336    59164.99999999999    58688.333333333336    36978.0
20738.333333333336    17245.333333333332    25938.333333333332    51520.99999999999    57026.666666666664    34883.666666666664
20250.0    18251.666666666664    31713.666666666668    51491.0    56284.66666666668    29021.333333333336
18027.0    19000.999999999996    28549.0    49428.33333333333    53618.66666666666    34572.333333333336
19972.0    19309.0    29421.333333333332    49645.333333333336    50076.33333333333    31737.0
18055.33333333333    15230.333333333334    29429.333333333336    50405.0    53693.666666666664    30271.0
17901.0    17456.0    24762.666666666668    40948.666666666664    42041.00000000001    29018.0
18722.0    14830.333333333332    26979.666666666664    40827.0    37704.666666666664    23151.0
17176.333333333332    18425.666666666668    26830.0    41772.0    42132.0    25815.333333333336
22281.666666666664    18860.666666666668    39410.33333333334    61852.333333333336    47350.66666666667    33746.99999999999
19062.666666666668    18062.333333333332    40776.33333333335    57121.66666666667    60934.666666666664    32410.33333333333
23098.66666666666    19840.0    33575.333333333336    72695.66666666666    63684.333333333314    30576.000000000004
23682.33333333333    22043.333333333336    40660.33333333333    66314.66666666666    60552.33333333333    34511.666666666664
21779.333333333332    16953.666666666668    34071.66666666667    57839.33333333333    62995.33333333332    38160.00000000001
19795.333333333332    15813.666666666666    34129.33333333333    57590.333333333336    67752.0    39197.0
16753.333333333332    17142.333333333336    27950.666666666664    64510.333333333336    67344.66666666666    39827.66666666667
22316.333333333332    17325.333333333336    32463.666666666668    63936.33333333332    68636.0    38098.00000000001
23070.333333333336    16137.0    32347.000000000004    64969.00000000001    61939.0    39117.33333333333
17919.000000000004    19556.666666666664    38130.66666666668    70951.66666666669    57624.00000000001    33584.0
23443.666666666668    21235.000000000004    43804.66666666666    65274.999999999985    63185.66666666668    30128.99999999999
23835.999999999996    19660.333333333336    40907.66666666667    74524.66666666663    63591.99999999999    29242.333333333332
21043.333333333336    17327.333333333332    41195.99999999999    66258.00000000001    59344.66666666666    30157.0
