9445.333333333332    15747.999999999998    28484.0    35198.0    30296.000000000004    19814.666666666664    12668.0    9543.0    9101.333333333332    6675.0    7245.333333333332    8127.333333333333    9083.666666666668    10702.333333333334    14566.333333333332    11985.666666666668    11366.666666666668    7290.0
3712.0000000000005    3715.333333333333    3117.3333333333335    3878.333333333333    2851.6666666666665    3991.6666666666665    2938.6666666666665    4864.333333333333    7564.333333333334    5212.666666666667    6935.666666666667    10515.0    16387.333333333332    23277.333333333336    39493.0    43645.0    31892.0    23316.666666666664
4282.333333333334    3427.3333333333335    5483.333333333334    4568.333333333334    4085.6666666666665    5963.333333333333    4267.0    5829.333333333333    5805.0    5650.333333333334    4871.0    10665.333333333332    15279.0    27707.666666666668    44457.66666666667    38559.0    33641.666666666664    19411.0
3947.0    3817.0    3043.0    4580.0    3811.3333333333335    3289.666666666667    3374.3333333333335    4865.0    5713.0    5562.333333333333    7382.999999999999    8943.666666666668    17595.666666666668    28397.333333333332    40527.333333333336    40879.0    32107.333333333332    26110.666666666664
13022.999999999998    24469.666666666664    31890.000000000004    35998.666666666664    35478.66666666667    32186.999999999996    19021.666666666668    11227.0    6864.000000000001    7698.666666666667    6805.999999999999    5473.333333333333    4144.666666666667    4448.666666666666    4354.666666666666    3805.3333333333335    4739.666666666667    3359.0
17140.666666666664    22896.0    34058.333333333336    33295.33333333333    31117.333333333332    21184.666666666668    21175.333333333336    10374.333333333334    9542.333333333334    7718.999999999999    6163.0    4952.333333333333    4957.0    5245.333333333334    4320.666666666666    4216.0    3560.333333333334    3245.6666666666665
12614.666666666664    17381.333333333332    25229.666666666664    27479.333333333332    24876.333333333336    15106.666666666666    13468.333333333336    8768.0    9594.333333333334    5299.0    7834.000000000001    9627.0    12393.333333333334    13602.0    10223.666666666668    14076.333333333334    11887.0    13815.333333333332
4040.3333333333335    3774.3333333333335    3495.333333333333    3247.6666666666665    3650.0    3931.0    3731.333333333333    4516.333333333333    7202.666666666666    5212.666666666667    8503.333333333334    13903.0    21295.999999999996    26393.666666666668    25504.999999999996    28863.666666666668    28293.666666666668    22891.333333333336
3425.3333333333335    3352.0    4314.0    3024.6666666666665    3934.6666666666665    4778.333333333334    3989.6666666666665    4516.666666666667    6115.333333333334    7766.666666666668    10514.0    18181.333333333332    20897.0    22995.333333333332    29105.333333333332    30278.666666666668    28625.0    22296.333333333336
3662.3333333333335    4057.666666666667    4087.666666666666    4463.666666666667    3073.3333333333335    4148.333333333334    4545.333333333333    6392.0    6614.666666666667    8995.0    14072.333333333334    16282.333333333334    20610.666666666668    23320.0    25133.333333333332    31863.666666666664    24034.666666666668    20787.333333333332
3971.666666666666    3044.0    3233.6666666666665    5309.0    4293.666666666666    5073.666666666666    3870.6666666666665    6097.0    5959.666666666667    9451.333333333332    15557.333333333336    18090.999999999996    16853.333333333336    16521.0    23633.333333333336    27142.000000000004    24208.666666666668    15042.333333333334
12435.999999999998    13944.0    12663.0    10081.999999999998    12050.333333333334    11307.0    12040.0    10672.333333333332    13784.333333333334    13538.666666666666    9108.333333333334    9407.666666666666    7224.999999999999    11073.333333333334    15386.666666666666    14455.333333333334    10753.333333333334    7085.000000000001
4075.9999999999995    3619.9999999999995    6296.333333333333    5266.333333333333    4746.0    7931.666666666666    11266.333333333334    11959.333333333332    14860.666666666666    14939.333333333334    13677.333333333332    10805.333333333334    13602.333333333332    15411.0    18143.333333333332    17791.333333333332    15007.333333333332    13796.333333333334
4395.000000000001    4269.0    4746.0    4725.666666666666    7425.666666666666    9565.666666666668    13139.000000000002    13905.0    10636.666666666668    11241.0    13118.0    12946.0    9508.0    14851.666666666668    17455.333333333336    20471.666666666668    15708.999999999998    12052.666666666666
4185.333333333334    5110.666666666666    5870.0    11807.0    14979.666666666666    10654.333333333334    9585.666666666668    12061.666666666668    10595.999999999998    10081.999999999998    11694.333333333334    10728.666666666666    7610.666666666667    15773.000000000002    13309.666666666666    17616.666666666668    14390.0    11029.333333333332
7721.333333333333    6305.666666666667    9724.666666666666    9077.0    7024.000000000001    7585.666666666667    6349.666666666667    9490.0    7795.666666666667    8774.0    13068.666666666668    7643.333333333334    8099.333333333332    10711.0    13529.333333333334    16818.0    13252.0    9158.0
7565.0    8900.333333333334    14290.999999999998    16968.0    14729.000000000002    10749.666666666666    5826.666666666667    7606.000000000001    8915.666666666666    6477.333333333333    6143.0    7206.0    6843.666666666667    9208.0    6434.333333333333    8209.666666666668    8189.333333333333    7952.000000000001
9028.0    7964.0    11468.0    15805.999999999998    14840.666666666666    7512.999999999999    6135.333333333333    8165.333333333334    10011.666666666668    9987.333333333332    9950.0    10467.666666666668    7463.0    9996.0    8859.333333333334    7491.666666666667    9487.666666666666    7516.666666666666
15115.666666666668    16840.333333333336    22957.333333333336    22042.0    22179.000000000004    18032.333333333332    17293.0    13944.0    15519.666666666666    12517.333333333334    8142.333333333334    7810.999999999999    7397.333333333333    6056.666666666666    4523.333333333333    3942.666666666667    5495.666666666667    3692.9999999999995
20604.333333333332    14488.333333333334    23466.333333333336    27865.333333333336    27481.000000000004    18857.333333333336    18316.333333333332    17123.0    13020.666666666668    8106.0    6762.0    6078.0    5672.333333333333    4780.333333333333    3563.0    3356.3333333333335    3167.0    5660.333333333333
19389.0    22484.0    26612.333333333332    26962.333333333332    29023.666666666668    24125.0    19087.000000000004    17233.666666666668    10386.333333333332    6418.000000000001    7212.0    5637.000000000001    4880.666666666667    4806.333333333333    5374.0    4314.333333333334    4869.666666666667    4654.666666666666
17308.0    24311.333333333332    32724.666666666668    26267.333333333332    24546.666666666664    26917.666666666668    21012.666666666664    14759.333333333332    11225.333333333332    8530.333333333334    6015.0    6798.333333333332    4606.333333333333    4629.666666666666    5904.333333333333    3828.0    3639.0000000000005    4740.666666666667
5065.333333333334    9933.0    12361.666666666668    9051.999999999998    9599.666666666666    15648.0    8021.999999999999    7478.333333333333    6290.0    7022.666666666667    8679.666666666666    11038.0    12887.666666666666    20841.0    26676.000000000004    21707.333333333332    26288.333333333336    13208.666666666668
4054.333333333334    4691.666666666667    4460.0    4033.3333333333335    3564.6666666666665    3053.6666666666665    5163.999999999999    4450.666666666666    5908.333333333333    5909.666666666667    6591.333333333334    8885.0    17756.666666666668    28691.999999999996    31772.333333333332    37589.0    34200.0    23501.0
3462.3333333333335    3317.6666666666665    3618.3333333333335    3511.3333333333335    4762.0    4869.0    4267.333333333333    5402.333333333334    6094.666666666666    6145.000000000001    6342.333333333332    7142.666666666666    16456.333333333332    28356.0    33842.333333333336    37537.33333333333    38407.0    19994.999999999996
6749.666666666667    9012.333333333334    13045.000000000002    15040.0    13790.333333333332    11851.666666666666    9339.333333333334    7065.0    7329.333333333333    6603.333333333333    6970.333333333333    7231.0    12355.0    21123.0    29472.666666666668    26234.666666666668    21670.666666666668    17892.333333333332
3716.3333333333335    3772.0    3890.0    3737.6666666666665    3557.3333333333335    5299.333333333333    4755.0    4283.0    6899.666666666666    6361.666666666668    7723.333333333333    11226.333333333334    16092.666666666666    27360.0    38381.0    39749.66666666667    33072.66666666667    17702.0
8579.0    19282.000000000004    33314.0    39614.0    38374.00000000001    25463.0    13793.666666666666    8346.333333333334    8811.333333333332    7991.333333333334    5519.333333333334    3953.0    3203.3333333333335    4581.0    4120.666666666666    4341.0    4108.0    4371.0
9813.0    18292.0    29512.333333333332    40618.66666666667    36887.333333333336    27345.333333333332    15067.666666666668    10758.333333333334    9679.666666666668    8256.666666666666    7365.333333333334    5616.333333333333    6017.333333333333    3298.6666666666665    4274.666666666667    4493.333333333333    4950.333333333333    4825.999999999999
10573.333333333334    16533.333333333332    30919.666666666668    45479.66666666667    42129.333333333336    24439.0    13749.0    8985.333333333334    7830.666666666667    9323.666666666666    7486.666666666667    6130.0    5344.333333333333    4124.333333333334    3786.0000000000005    4360.666666666667    5958.333333333333    4609.666666666666
7623.0    18924.0    33100.0    41992.666666666664    39237.33333333333    23081.0    11602.999999999998    10506.333333333332    7440.666666666667    6197.0    4573.0    5383.333333333333    4067.9999999999995    4093.666666666667    5229.666666666666    4482.666666666667    3253.666666666667    4537.333333333333
