24027.333333333332    19453.0    35347.66666666667    68400.66666666667    57259.00000000001    25344.333333333332
20889.0    19096.333333333332    42126.0    61012.33333333333    54833.333333333336    30149.666666666668
19924.999999999996    18150.0    39145.66666666667    62405.333333333336    56082.33333333333    30009.000000000004
19798.0    15903.999999999996    32856.0    68869.33333333334    57505.33333333334    32721.0
21122.333333333332    18710.666666666668    36423.0    50924.666666666664    63411.666666666664    32968.00000000001
17238.0    20376.0    26746.999999999996    54831.33333333334    59688.66666666667    42044.33333333333
16614.0    16518.0    24926.666666666668    50710.0    56032.333333333336    37695.666666666664
19433.666666666668    16876.666666666668    28876.999999999996    48936.66666666666    52192.333333333336    31291.666666666668
23213.666666666664    17462.333333333336    25888.66666666667    44227.0    54800.66666666667    34629.666666666664
17593.0    15674.666666666666    28146.999999999996    45000.66666666666    52505.99999999999    27083.666666666668
19025.666666666668    19989.666666666664    30729.333333333332    48936.99999999999    50466.666666666664    28634.999999999996
18356.333333333332    15964.333333333332    29507.333333333332    50136.33333333334    52650.0    31898.999999999996
21048.666666666664    18381.666666666664    30418.666666666664    51610.33333333334    46541.66666666667    26280.33333333334
20958.666666666668    18414.333333333336    29101.666666666668    56492.66666666668    44399.666666666664    29364.333333333336
17238.666666666668    17624.333333333332    26866.666666666668    44551.333333333336    48654.666666666664    25172.666666666664
19149.666666666668    15079.0    29929.999999999996    43091.66666666666    45418.66666666667    28548.999999999996
18698.333333333332    18122.0    27623.66666666667    42170.99999999999    43180.33333333333    23735.333333333332
20872.33333333333    22007.666666666664    32553.0    56260.0    62949.333333333336    32002.333333333332
23171.66666666667    21882.000000000007    43437.666666666664    57017.00000000001    52937.33333333333    28164.333333333336
21060.66666666667    24965.333333333336    44045.66666666666    67874.33333333334    54643.0    27911.000000000004
20800.66666666667    22353.333333333336    42026.333333333336    71537.99999999999    58465.66666666667    27296.000000000007
21189.333333333336    20081.66666666666    45972.66666666666    65459.66666666668    61725.33333333333    37327.66666666667
18582.333333333336    22004.666666666664    40819.333333333336    65283.66666666666    58571.00000000001    30650.999999999996
21163.333333333332    22727.999999999996    40192.000000000015    65248.666666666664    64276.666666666664    29519.333333333325
23594.333333333332    22054.333333333332    44804.333333333336    63967.66666666667    61008.66666666666    32413.333333333336
20280.333333333332    21235.666666666664    38887.333333333336    70755.33333333334    59139.99999999999    33614.333333333336
17925.0    16605.0    28049.333333333336    57583.99999999999    61358.0    35436.666666666664
20491.333333333332    16688.0    36248.33333333333    55087.99999999999    63191.0    31953.0
17917.333333333336    17443.333333333336    26380.0    65639.33333333333    66032.33333333334    43363.0
18402.999999999996    17975.333333333332    27039.666666666668    63840.66666666667    61896.00000000001    34143.0
21319.333333333332    18763.0    33064.666666666664    58095.0    60756.0    35003.333333333336
