10506.999999999998    13915.666666666668    26252.333333333332    31234.333333333332    40064.0    26246.333333333332    14584.666666666668    12502.0    10985.333333333334    7033.333333333333    7614.666666666666    4778.333333333333    4445.333333333334    4285.666666666667    4120.333333333333    2555.0    4176.666666666667    4530.999999999999
8017.666666666666    13156.666666666666    21502.333333333336    36638.0    36858.333333333336    29234.999999999996    16357.333333333336    11325.333333333332    8013.666666666666    8107.666666666667    7076.666666666666    5248.333333333334    5678.0    3304.333333333333    4063.666666666667    4776.333333333333    4678.333333333333    4068.9999999999995
7256.333333333333    13129.666666666666    27161.666666666668    27907.333333333336    35393.0    25079.333333333332    20956.666666666664    11010.666666666668    8455.333333333334    7186.666666666667    5627.666666666666    5959.333333333333    5613.666666666666    4912.0    3821.9999999999995    4479.0    5743.333333333334    6023.666666666667
9672.0    15688.000000000002    18913.333333333332    30670.0    31670.333333333332    35042.333333333336    21948.333333333332    12113.0    10038.0    6821.0    5308.0    5089.333333333334    4306.0    4295.333333333334    3285.666666666667    3886.6666666666665    4480.333333333333    4426.0
11568.0    17131.333333333336    22585.333333333336    29471.0    29821.333333333332    24278.333333333332    19144.0    14341.333333333332    9837.0    7540.000000000001    6448.666666666667    6548.0    4200.666666666667    4627.666666666667    3565.9999999999995    4751.666666666667    3791.666666666667    3908.333333333333
7065.333333333334    7614.333333333333    11396.666666666666    8208.0    8194.333333333334    7745.666666666667    7205.333333333333    9204.666666666666    6052.0    5308.999999999999    8193.333333333332    12284.0    12729.333333333334    18312.0    23544.333333333332    25327.0    19489.666666666668    23050.333333333336
3104.6666666666665    4482.666666666666    4030.3333333333335    2578.666666666667    3468.0000000000005    4356.333333333333    5341.333333333333    5021.666666666666    7403.333333333333    5290.0    7667.0    10964.333333333334    14621.666666666668    20427.0    27389.333333333332    29910.333333333332    22303.333333333332    24136.666666666668
3309.9999999999995    3979.0    3576.3333333333335    3176.0    3892.333333333333    3566.0000000000005    3930.6666666666665    8145.666666666667    7799.666666666667    7198.666666666667    12810.333333333332    15247.666666666668    15992.666666666668    18904.666666666668    19089.666666666664    23225.333333333332    21927.0    21836.333333333332
4690.666666666667    5899.666666666666    3849.3333333333335    3832.0    2686.666666666667    3041.9999999999995    6002.666666666667    7229.666666666667    5096.333333333334    7396.333333333333    9637.0    15644.0    16947.666666666668    22423.0    18740.0    22714.666666666664    22868.999999999996    21521.333333333332
2913.0    3526.9999999999995    5367.666666666667    3604.6666666666665    4099.0    4700.333333333333    3869.0    4265.0    6322.333333333333    8390.666666666666    9983.666666666666    16046.999999999998    14679.666666666666    18640.666666666668    17750.333333333332    20760.333333333336    22515.000000000004    18569.666666666664
3481.6666666666665    3961.6666666666665    3526.666666666667    3791.0    3797.3333333333335    4893.0    4413.666666666667    5736.000000000001    6246.0    14183.333333333332    17885.0    14596.000000000002    12411.333333333332    16832.333333333336    16981.666666666668    24434.333333333332    23530.333333333332    17082.0
12022.666666666668    8078.0    13121.0    14890.333333333336    16987.333333333332    14946.333333333332    8548.666666666668    11445.666666666666    14604.666666666666    10884.333333333332    13788.333333333334    14321.333333333336    9552.666666666666    7663.333333333334    7166.666666666666    6880.0    6459.0    7153.0
11311.0    8407.666666666666    12634.0    17595.333333333332    13945.333333333334    13501.0    11504.333333333334    12546.333333333332    11470.666666666668    10807.666666666666    10599.333333333334    12285.666666666666    11106.666666666666    10051.0    7654.333333333333    5849.0    6969.000000000001    6043.0
8553.333333333332    9296.333333333334    12524.333333333332    20213.000000000004    17023.0    13395.333333333334    12851.333333333332    8540.666666666664    9453.333333333334    9602.0    9357.666666666668    11601.666666666666    8825.0    11460.666666666668    10054.666666666666    10935.999999999998    8056.666666666667    6986.333333333333
7050.333333333333    7370.666666666667    14518.333333333334    15613.666666666666    14627.0    12324.0    10478.333333333334    8687.0    9154.333333333334    10978.666666666666    10589.666666666668    8597.333333333334    6962.000000000001    6752.666666666667    9018.666666666668    8421.333333333334    7621.0    11343.333333333334
10265.666666666666    13112.666666666668    8005.666666666667    6517.666666666666    5691.666666666666    7941.666666666666    8526.000000000002    10097.666666666666    11323.333333333332    8955.666666666666    8300.0    7936.333333333333    7452.333333333333    9002.333333333332    12566.333333333332    15988.333333333334    14761.666666666668    14772.999999999998
9630.0    9479.0    9211.666666666668    8951.666666666666    7344.0    9745.666666666666    8915.333333333332    9595.000000000002    7655.666666666666    8197.0    6325.666666666667    9768.333333333334    7854.333333333333    7595.666666666666    13304.333333333334    14155.333333333332    16785.0    9017.0
16871.0    17665.333333333332    19304.999999999996    20290.666666666664    21879.666666666664    17306.666666666664    20347.666666666668    17443.0    17627.333333333332    13489.333333333334    10580.666666666666    6036.333333333333    5563.333333333333    4540.0    3650.666666666667    4626.0    3507.0    5915.0
15516.333333333334    18557.666666666664    20933.333333333332    25799.333333333332    22420.666666666664    18555.333333333332    18689.0    17452.333333333332    16205.999999999998    13410.666666666666    6539.666666666666    5767.0    6019.000000000001    4417.666666666667    4000.0    3515.666666666666    3862.666666666667    4947.666666666666
12392.000000000002    20704.666666666664    26391.0    30131.333333333332    26265.666666666668    27042.666666666668    21502.666666666664    14845.0    10051.666666666666    9269.333333333334    5107.0    5330.0    7103.0    4517.0    5472.333333333333    4975.333333333334    4936.666666666667    4462.666666666667
11965.666666666666    19554.666666666668    24203.333333333332    30216.0    34694.666666666664    25741.333333333332    21533.333333333336    15779.333333333334    9946.333333333332    7466.333333333334    6362.666666666667    6494.333333333333    5114.666666666667    5074.333333333333    4254.666666666667    4177.666666666667    4244.666666666667    5656.0
12601.666666666666    23479.0    28725.666666666668    30544.0    31958.999999999996    28656.666666666668    19492.333333333332    17244.000000000004    8593.666666666666    8006.333333333333    7684.000000000001    5088.333333333333    5400.0    4732.333333333333    4141.333333333334    5115.666666666667    4448.666666666667    5843.666666666667
10000.0    18618.666666666668    26598.333333333336    26830.0    31551.0    31510.333333333332    22973.333333333336    14073.0    9770.666666666668    6509.666666666667    6632.0    4630.666666666667    5391.333333333333    2958.3333333333335    4591.333333333333    5347.333333333333    3645.0    4281.0
7885.333333333333    22320.0    26466.666666666668    33108.0    34989.0    30333.0    18574.333333333332    14430.0    8940.0    7697.666666666667    6855.666666666666    5293.333333333333    4374.666666666666    4047.0    4510.666666666667    3914.0    4832.0    4556.666666666666
7532.0    17853.333333333336    24613.0    37839.33333333333    40817.666666666664    30051.333333333332    22464.666666666668    11750.0    10071.333333333334    6770.333333333333    5155.0    6393.0    4134.666666666667    4461.333333333333    4493.0    4758.333333333333    4871.0    3813.333333333333
6973.333333333333    10891.666666666668    22766.333333333332    24710.333333333332    29725.0    22493.333333333332    13805.666666666666    9128.666666666666    7537.333333333333    7928.666666666667    7096.0    8701.0    7069.000000000001    9253.666666666666    14094.666666666668    17424.333333333332    13402.666666666666    10911.333333333334
3461.6666666666665    4160.0    4910.0    5176.666666666667    3492.6666666666665    5411.999999999999    3713.6666666666665    4713.666666666667    4091.0    6050.000000000001    5888.666666666666    7168.333333333334    9197.666666666666    17156.666666666664    31330.333333333332    46935.666666666664    30734.333333333332    23365.000000000004
4044.0    3586.333333333333    4248.0    3741.666666666667    4523.666666666667    3773.0000000000005    5310.333333333333    4995.0    4135.333333333333    5604.666666666668    5909.666666666667    6691.0    11898.0    20252.999999999996    30544.666666666664    44501.666666666664    34275.0    25624.666666666664
3328.333333333333    3582.0    3799.0    3340.6666666666665    4027.0    4974.999999999999    5400.666666666666    5113.333333333334    4317.666666666667    6091.0    7841.000000000001    7181.666666666667    9718.666666666666    15986.333333333332    42762.66666666667    46730.66666666667    38349.333333333336    24230.333333333336
3571.0    2937.3333333333335    3062.666666666667    2663.3333333333335    3488.0    3626.0000000000005    5343.333333333333    4662.0    5457.666666666667    6428.666666666667    7697.333333333333    6406.666666666666    8285.0    17555.666666666664    37312.333333333336    36737.0    40563.33333333333    27500.333333333336
4774.333333333334    4025.0    5100.0    4049.666666666667    4270.333333333333    4305.666666666667    4135.0    3957.9999999999995    4744.0    5584.333333333334    6881.0    9825.000000000002    10234.333333333334    16418.333333333336    41793.33333333333    41490.33333333333    34892.66666666667    20520.000000000004
