41607    28035    30857    82423    97911    75815    30208    21851
33197    24766    33055    64522    108286    76666    30894    22535
33085    26152    53223    73322    89162    53829    25851    28082
28513    26991    57337    88690    99918    55263    29182    27983
31437    29963    54650    94604    90335    45875    26951    27742
32091    26964    54467    98418    97944    58389    18399    31706
27893    31038    58244    102053    96454    51772    28195    27943
30909    34390    45141    78136    93299    66482    28511    22895
30226    29107    32888    80678    89185    61675    32505    24778
28394    22503    40763    66328    100486    54360    32890    25181
37055    32735    42846    79407    89299    49470    29344    22755
41677    27304    39977    68941    77573    52382    27407    21825
22628    20444    26869    57666    69205    54250    35929    24055
26364    24258    36235    59492    81762    55762    23312    25351
26660    21336    36066    57242    63859    52876    26910    21594
27338    25285    38585    57175    68031    50343    24913    22673
20378    25019    28302    63464    93832    58418    30177    31937
46228    23190    38359    55904    75454    55095    25229    24246
30352    27463    27152    73863    94965    64454    29840    22095
29814    24833    41812    83452    90933    55523    38535    25356
26863    28479    43169    84627    102587    63012    33238    27452
32577    29347    47460    89250    99057    58353    29713    28187
32329    36222    54136    95004    93486    58845    35617    25455
39476    32687    50194    85153    98996    50532    22387    30751
36880    23090    46481    85100    95473    50695    29733    27200
30769    26811    50078    84923    88179    51106    30623    25653
37303    26775    46707    76159    99552    66433    32374    32972
25958    26508    36683    78423    86175    73055    30659    37857
31958    24078    44663    65848    92858    50501    33604    32081
32640    30487    42848    79149    88777    68927    25498    32141
31091    26598    48639    87503    86917    57281    24543    27622
