5986    6604    5136    7068    6951    5072    4786    8215    10067    10793    11012    10759    10074    27356    36934    57732    55900    56614    41477    30171
5849    5465    8037    5763    7913    5620    7236    9142    12126    9725    7964    15260    17259    21301    44090    56227    53403    46160    31484    23897
12008    16436    30265    35904    42306    38360    33781    28546    16922    12538    16455    9873    7018    9808    16529    13110    10605    13178    12294    6770
11966    21076    27545    51831    58973    44497    48917    31598    24109    11718    16371    6872    7821    10669    5607    6757    6719    7626    7209    5996
13438    22316    39201    45790    43230    50513    40180    30257    22552    14099    11803    10570    6767    7144    6943    8646    5739    7143    6614    8612
10955    31274    34961    46961    53540    46169    45459    32091    23291    15259    12944    7667    9798    8060    6388    5940    5168    8366    7734    6353
19964    33705    45508    44170    34354    35582    38373    43537    32100    19431    11956    9950    11379    6447    4607    8953    5308    6744    7197    4327
4616    5937    4934    4751    4319    6970    7114    10116    10499    11440    14446    15808    33981    36126    40318    34742    46248    34136    38858    34404
6579    4512    5371    4754    5950    3550    7613    7492    10843    10686    13330    27357    28405    35736    43468    27809    32087    28148    36005    41347
6289    9096    9729    6428    6811    7658    7654    9814    12423    11887    24719    23678    27837    20793    29747    25542    27974    30159    38746    33921
33432    24951    23558    27570    31787    26561    26551    20691    26146    27541    24306    18859    12711    7580    9978    8226    7236    8417    7019    9791
26096    25106    21369    17211    18579    24596    21768    19974    15720    22463    21877    25520    17248    17882    15604    7423    12939    6301    9640    9770
6048    5414    7142    11805    9742    13385    19702    16537    20217    21352    16683    17621    21844    14728    17413    16636    24034    16100    20939    13704
7343    6202    14492    14261    17142    25674    18234    20812    19984    16114    24252    18986    13327    15332    16933    14974    14934    19384    18806    15350
7178    16046    22583    21342    15129    15980    14803    18735    14313    21658    14441    13131    11949    14762    16120    14815    13046    13177    14512    12823
17989    19799    18273    21914    13509    18843    20020    25662    18294    17469    12704    14795    13180    11791    11292    11009    14310    9045    11984    12461
3979    4450    5403    8758    5896    6482    8453    9950    12532    14969    21352    24484    33963    34315    25185    18802    32129    22882    27514    30029
5522    6036    6241    11440    5402    5245    8126    9337    11743    10737    20344    22571    24366    25918    30639    30781    28426    23461    26631    30739
6587    3902    7405    10613    4978    5903    5995    8752    8584    14147    11967    18207    22857    35332    30785    33266    31994    32178    40828    35904
8625    5547    6611    7942    3474    10994    7505    6598    8215    11892    7339    16424    30306    25497    43552    41473    35105    39443    36761    36955
12291    21249    37124    36087    33658    42838    47891    35284    32336    21917    8450    8014    7597    8976    10909    6917    10213    6623    11193    9860
20911    25272    41607    44227    43672    40750    46317    39231    17464    13219    14558    10677    7375    10550    7761    6703    6728    5326    6332    5264
16301    21549    31844    42754    53151    49506    39144    46365    25021    13434    11809    16825    7602    7463    9190    8064    9741    5605    8100    7626
10810    20278    29443    45015    52842    46087    44960    37545    24472    16634    14603    8334    9299    7545    6602    7933    6209    8145    7278    6142
9475    21218    37293    54075    53214    35984    34267    32964    20600    14080    16441    9700    6351    5200    8608    8904    5344    5283    8667    6984
9300    15046    39204    51968    53612    43208    45155    22757    19230    15887    11439    8032    6793    5618    7903    7279    5549    7941    6394    5827
21896    21491    30294    44056    57562    53864    40120    26946    21333    15001    14606    6839    9624    6526    6336    12755    7209    7353    7942    6522
5530    6716    4997    4755    6376    4927    7210    8235    7650    9528    10458    16594    16601    17664    40357    55466    64936    57613    37145    12560
7536    4658    7111    5880    5817    6101    4953    7079    5560    7316    10147    16401    16663    22319    39206    51628    53576    48185    29278    26177
16895    15496    31638    52007    51698    59916    40658    19631    19010    12971    11677    11990    11461    5597    6505    4182    7186    5507    8330    8112
16359    16142    24474    46888    49990    58752    40864    27815    14925    21646    9505    8448    6461    5861    8122    6403    7634    7467    5005    7433
