18158.333333333336    32017.333333333325    62549.00000000001    79975.33333333334    76616.99999999999    42448.33333333334
17186.333333333336    22037.333333333336    53955.0    77395.33333333333    73377.66666666667    47525.666666666664
18127.333333333332    25548.666666666668    48667.66666666666    79839.33333333333    78980.33333333333    47894.66666666667
17008.999999999996    22088.666666666668    53544.0    73026.33333333333    80282.99999999999    47215.333333333336
20441.33333333334    30339.333333333336    60439.99999999999    83381.33333333333    76807.33333333333    52009.666666666664
17537.333333333332    30091.333333333332    64682.66666666666    92528.0    79450.99999999999    41447.333333333314
17959.666666666668    23798.666666666668    59526.99999999999    85371.33333333333    80266.66666666666    45643.0
18957.333333333332    20807.333333333332    43358.99999999999    75769.00000000001    78981.99999999999    47110.66666666667
13140.0    21736.333333333336    47135.0    71738.33333333334    71948.33333333333    44713.666666666664
20727.666666666664    20550.0    44282.333333333336    60971.0    67708.66666666666    48733.0
14108.66666666667    17180.333333333332    42942.33333333333    62821.333333333336    61533.66666666668    40685.33333333333
19188.000000000004    20835.666666666668    43411.66666666666    65974.66666666667    60991.66666666666    40094.0
20368.666666666668    25667.0    56316.33333333333    76716.66666666666    65558.66666666667    37579.99999999999
20327.333333333332    22061.333333333336    42374.33333333333    57121.33333333332    65108.33333333335    42473.66666666667
17212.333333333336    21439.666666666664    42327.33333333333    62673.0    58116.333333333336    31766.666666666664
18157.0    24037.333333333336    46518.33333333333    64424.99999999999    63980.333333333336    38197.66666666667
18409.333333333332    19150.666666666668    36432.66666666667    52230.33333333333    45338.666666666664    30432.333333333336
17763.666666666668    22395.333333333336    45837.33333333333    73979.66666666666    62173.00000000001    37136.66666666667
15543.333333333334    18890.666666666668    41664.0    69216.99999999999    72473.66666666667    37056.33333333333
19652.0    27362.99999999999    53389.99999999999    78281.99999999999    69150.33333333334    41180.333333333336
19187.0    30074.333333333336    60213.666666666686    85806.0    82572.33333333334    36987.333333333336
19071.666666666664    26537.333333333336    63758.000000000015    97067.33333333333    79419.0    40747.999999999985
19789.0    35391.0    61632.66666666667    89147.33333333333    80532.66666666667    41333.33333333332
17645.333333333332    30448.333333333332    61776.66666666667    89609.99999999999    76982.0    48653.66666666667
17506.66666666666    24677.0    58930.0    87879.00000000001    78456.00000000001    48480.0
22394.666666666668    25223.333333333336    61507.0    92879.00000000001    79037.66666666666    47227.66666666667
20122.0    29601.333333333332    68581.33333333334    94544.33333333333    80325.66666666666    45925.00000000001
24320.0    28069.333333333325    57286.66666666666    89127.33333333333    82967.33333333334    46578.999999999985
19920.333333333336    28227.66666666667    61250.33333333333    83945.0    83455.0    45301.0
17251.666666666664    29116.666666666664    71362.00000000001    79815.00000000001    79823.0    47025.66666666666
19115.0    25907.333333333332    63822.99999999999    80924.3333333333    85273.33333333331    52106.66666666667
