14994.0    22777.666666666668    42910.0    52044.666666666664    52830.99999999999    38718.33333333333    19255.333333333332    12966.0    6919.333333333333    7783.666666666666    6626.333333333334    6807.333333333333    5044.666666666667    6140.999999999999    5039.666666666666    3789.0000000000005    3399.666666666667    3717.666666666666
6411.000000000001    9699.0    15331.666666666668    21270.333333333336    20457.666666666668    13133.666666666668    7886.333333333333    5640.333333333333    5731.333333333334    6247.0    9001.0    12968.333333333334    17238.333333333332    23780.0    32895.0    32806.333333333336    30051.666666666668    20928.333333333332
3728.333333333333    4875.666666666666    4789.0    4516.0    3402.6666666666665    4999.666666666666    5653.333333333333    6801.666666666667    5448.333333333332    9150.333333333334    6164.333333333334    12104.666666666668    19478.999999999996    37568.333333333336    46385.666666666664    47361.333333333336    47937.333333333336    28692.333333333332
3810.000000000001    4476.0    4760.666666666666    5179.666666666666    3717.0    3234.6666666666665    7448.666666666667    5774.666666666667    7856.666666666668    8365.0    8209.333333333334    13038.666666666666    20890.000000000004    28812.333333333336    43965.0    51856.0    40956.666666666664    30815.333333333332
16266.666666666666    28521.0    32175.0    36886.666666666664    34626.333333333336    28004.333333333332    27979.0    16886.666666666664    10421.0    9625.333333333332    8813.666666666666    7350.666666666667    7931.666666666667    11208.0    13730.666666666666    12676.000000000002    10786.333333333334    9530.0
18504.666666666668    33618.66666666667    39257.99999999999    45384.66666666667    43496.666666666664    39162.666666666664    27979.000000000004    17151.0    12773.666666666666    7180.666666666668    6761.666666666667    6288.000000000001    6699.0    3638.9999999999995    4612.333333333333    4937.333333333334    4466.0    3824.666666666667
15675.666666666666    26140.999999999996    26704.333333333336    30053.333333333332    28155.333333333336    25547.0    20581.333333333336    15091.0    9762.666666666666    8535.333333333334    9663.666666666666    10833.666666666666    14413.333333333332    15008.666666666668    14115.666666666666    11837.0    15365.0    15082.333333333332
3788.3333333333335    3452.0000000000005    4206.666666666666    4209.333333333334    5830.666666666667    5068.0    5682.666666666666    4724.666666666667    6428.0    7363.666666666666    13034.0    18174.666666666668    27755.333333333332    34395.33333333333    36243.66666666667    33473.333333333336    40368.66666666667    30786.333333333332
2920.6666666666665    3935.0    4244.333333333334    5020.999999999999    3367.9999999999995    4697.0    6233.333333333333    5570.000000000001    6123.666666666667    11147.000000000002    15010.333333333332    20041.0    25681.333333333332    30784.333333333332    34214.0    32555.666666666668    28333.333333333336    30531.666666666668
4322.333333333334    4309.333333333334    4234.333333333334    5187.333333333334    4325.0    3685.0    6464.333333333333    6910.666666666666    6839.333333333333    14408.333333333334    18691.0    23592.0    26147.333333333332    25132.333333333332    31230.333333333336    26019.0    26463.333333333332    25011.333333333332
4026.6666666666665    4410.0    4077.0    3537.9999999999995    4555.333333333333    5700.666666666667    7032.0    7813.333333333332    13234.333333333332    14387.666666666668    19476.333333333332    20039.0    18112.000000000004    24516.666666666668    22958.666666666664    25641.0    20363.333333333332    19389.666666666668
3982.666666666667    4238.666666666666    5769.0    5522.666666666667    4614.0    5488.333333333333    6636.333333333334    10580.0    18113.666666666668    19554.0    23087.0    16595.0    19338.333333333332    20753.333333333336    22047.333333333336    22763.0    22964.666666666664    18447.666666666664
17993.0    16469.666666666668    24639.0    24998.333333333336    26873.666666666668    18686.0    18861.999999999996    15827.666666666666    16490.666666666668    15034.0    20345.0    16582.0    12797.0    12452.0    8349.666666666668    5296.333333333333    6132.666666666667    4378.666666666666
14147.333333333334    13869.333333333334    20390.0    17561.333333333336    21932.0    16178.0    16546.0    12516.333333333334    11808.333333333332    11068.666666666666    11966.666666666666    13157.333333333334    13909.0    15320.0    15413.666666666666    9815.0    8943.333333333334    4924.0
6504.0    7965.0    17015.0    19464.666666666668    16708.666666666664    13116.666666666666    13015.333333333334    14983.0    11160.333333333332    12970.0    12970.000000000002    11878.333333333334    10399.0    12798.000000000002    13520.333333333332    13350.666666666666    14197.0    11519.333333333334
14128.0    14242.0    17452.0    14707.333333333334    14278.333333333334    15436.0    13871.666666666666    13279.999999999998    9174.666666666668    11389.0    14786.000000000002    14964.333333333334    12068.000000000002    14597.333333333332    16720.666666666668    15042.666666666666    15940.000000000002    13237.666666666668
9682.666666666666    11526.0    13435.0    16596.0    15272.000000000002    10710.0    10179.666666666666    10037.333333333332    8700.333333333332    12109.666666666666    9983.0    10173.666666666666    8227.666666666666    8366.666666666666    12257.666666666668    10928.333333333332    13740.0    10068.333333333334
10191.999999999998    8580.0    11041.666666666666    14873.333333333334    13515.999999999998    16983.666666666668    10700.666666666666    7842.333333333333    15966.000000000002    18695.0    20587.666666666664    14635.666666666668    18720.333333333332    15669.333333333334    14058.333333333332    18091.666666666668    14050.333333333334    15081.666666666666
4231.333333333333    4485.0    4122.0    4171.0    5501.333333333333    4001.0    6363.666666666667    7046.666666666666    6712.666666666667    10023.666666666666    17238.000000000004    20816.333333333332    25656.0    25960.999999999996    24925.333333333336    29073.0    27767.666666666668    26749.333333333336
16667.666666666664    19130.333333333332    17273.666666666664    16226.666666666666    15363.333333333332    23976.000000000004    20991.666666666668    19876.0    13247.0    12508.333333333332    6552.666666666667    10259.0    11726.333333333334    16374.0    17767.0    20287.0    17166.333333333332    13624.666666666666
19791.000000000004    33513.666666666664    37734.33333333333    42126.333333333336    34769.0    31108.666666666664    25608.999999999996    21957.333333333336    13141.000000000002    8975.333333333334    7066.0    6469.999999999999    4403.666666666666    7024.333333333333    4726.333333333333    5394.333333333333    6572.333333333334    4458.0
23948.0    27862.333333333332    42311.333333333336    43707.666666666664    40743.0    33201.0    30097.999999999996    16499.0    14186.666666666666    6848.0    7639.0    7540.666666666667    5341.333333333333    5438.333333333334    5242.0    5202.666666666668    5273.666666666667    5518.666666666667
20160.666666666664    28195.666666666668    44374.333333333336    46720.333333333336    43630.33333333333    41883.333333333336    26082.0    14990.666666666666    9755.666666666666    7894.666666666666    7239.333333333334    7213.0    5445.999999999999    6870.333333333334    4408.666666666666    5218.666666666667    3515.666666666667    4226.666666666667
15457.666666666668    25068.999999999996    35945.0    47882.666666666664    51034.333333333336    42152.0    30082.666666666668    13499.666666666666    11144.333333333334    6903.333333333333    9030.0    6796.666666666667    4882.0    4612.333333333334    6128.333333333333    5573.0    4045.0    4878.0
13736.333333333332    25835.333333333332    36596.33333333333    54141.66666666667    48093.0    41674.333333333336    24316.666666666664    13892.333333333332    11486.999999999998    7720.333333333334    7332.666666666665    5499.0    5375.666666666667    4820.666666666666    4329.333333333334    3487.0    4474.0    3117.0
12328.666666666668    22592.666666666668    39379.333333333336    45176.333333333336    39836.33333333333    38472.66666666667    18390.333333333332    10619.333333333334    10501.0    9330.666666666668    9712.666666666666    6816.333333333333    9362.333333333334    11346.0    13908.0    11393.000000000002    8222.0    10881.666666666668
15826.666666666668    26690.333333333336    42200.99999999999    57824.666666666664    52156.333333333336    39571.666666666664    25203.666666666664    15434.333333333334    10376.666666666668    9594.333333333332    6525.0    6146.0    4874.333333333334    6998.666666666665    4422.666666666666    5193.666666666667    4566.666666666666    5493.000000000001
13889.666666666668    22789.666666666664    42502.66666666667    54452.0    54163.33333333333    39634.66666666667    23315.333333333336    11842.999999999998    7531.666666666666    10425.999999999998    9604.0    7828.0    4477.333333333333    5534.333333333333    6164.333333333333    5329.666666666667    4160.333333333334    4703.666666666667
12723.0    22822.333333333336    39178.66666666667    55870.0    57085.66666666667    37097.666666666664    22161.666666666668    12133.000000000002    6836.666666666667    9868.0    7536.666666666667    6531.333333333333    6341.0    6735.666666666667    4170.666666666667    4230.0    3986.333333333333    6791.0
9301.666666666666    22307.666666666668    49607.66666666667    60043.33333333333    53276.33333333333    39033.333333333336    14644.0    10638.333333333332    11356.0    8240.0    7966.0    7032.000000000001    5829.666666666666    5208.666666666666    4961.0    4708.0    4848.333333333333    5392.0
11514.0    17460.666666666668    42691.00000000001    58543.66666666667    57623.666666666664    44090.33333333333    23241.666666666664    9277.333333333334    8899.0    9197.0    8386.0    5397.666666666667    7114.0    5180.666666666667    3698.0    4237.0    5328.0    5270.0
