28268    28975    35032    69609    80795    63739    35621    28820
25988    25694    33164    78817    89850    75084    42867    29389
29241    23605    35255    78448    75215    77895    39225    25983
30981    27993    27290    73710    90925    79040    36948    27373
38325    21968    45516    90662    89003    71458    30850    28804
29869    24723    38965    92221    105006    91166    28744    29619
32855    25517    49204    76445    65037    67788    35532    31811
40033    26232    40081    84725    104238    53401    32272    29139
29709    25926    43177    94150    100949    73427    37872    26882
30034    23759    36175    68165    92499    71257    30861    29438
32412    23620    34469    88457    106357    77252    43018    26425
35852    26815    41651    56213    93431    43344    24843    23273
28192    23800    35722    61571    84476    56854    29895    27537
29164    27684    31740    58520    63714    60340    29209    22106
27820    24144    32440    50779    67691    57746    21825    22047
25487    26626    32895    65580    66595    47666    33648    34922
17196    23463    30312    46366    43168    43038    29284    22196
34358    32717    41366    87933    105041    63166    21862    31147
33252    22874    29662    80042    84012    84757    36502    27770
29750    29175    49672    81114    71588    65892    26597    33167
34820    39303    48560    102140    97032    74436    30471    29029
23412    39038    59164    93779    115767    76018    24746    26661
34420    36071    42741    107239    105751    62863    30962    29107
48538    20692    51633    88955    97412    80139    45714    26564
44884    32415    54944    88050    87874    78542    30052    30303
31257    30209    40688    74492    91937    87426    48777    33119
28318    29338    39369    73904    90056    86575    39697    22547
33384    25279    31056    79765    88819    74494    43281    27488
25789    26238    36565    84604    97106    87025    37733    23953
30022    28295    37313    81152    92116    83009    28348    22614
45442    26052    41851    86366    95803    72867    35568    28548
