6842    5035    4382    4000    10605    6585    8462    10934    14364    5829    5560    12537    17290    15686    26097    51838    68505    52566    27665    16077
4328    3867    4569    5382    6155    8073    7439    7985    9276    10862    7931    10040    12787    23470    26251    62778    62559    57076    39684    30341
6064    4775    6843    5781    6291    4647    7468    10831    11552    6839    6786    11524    18113    16345    30608    60502    66680    60274    28540    14404
4524    5087    7263    5593    6327    5826    5832    7181    11360    9896    9843    10535    12904    17925    39267    59392    61894    51389    40028    22194
4198    3834    5052    5448    4996    8032    5758    10211    10022    13567    12075    12459    21382    23849    35826    54171    65282    57099    36780    26545
11190    14231    20540    26292    28852    28317    29111    29128    16401    13781    9737    13804    18383    26009    24112    29781    32158    20325    23445    24716
11901    20592    15078    31435    62157    64523    44730    23027    16315    17706    13250    10011    10793    5074    5724    6304    4921    8296    5019    7333
9590    12887    15917    20841    41394    26489    22760    15750    14438    17238    8042    16884    24172    17164    24656    20466    26646    14970    33483    26334
6957    4890    4241    4404    7622    7367    7494    7303    10234    13750    17733    22844    49326    43571    39745    36676    37076    28940    39193    42726
4986    5590    7658    4849    6903    8676    5418    9478    10537    18158    20671    29699    32997    23983    24679    28435    46915    29327    30992    32237
38643    38061    29100    32351    29680    22749    23988    31491    30681    28441    29928    23117    11725    10749    10032    9899    7800    9981    6803    6791
30285    22516    23978    28196    23907    14140    19390    15693    19817    16641    28229    23780    18420    14777    12577    7417    8479    5450    6691    5039
20510    26898    19658    23862    17350    15652    19145    20348    23267    12893    16089    15172    25450    21093    22916    14264    10425    7760    6552    8743
14247    14537    13927    28127    19333    19667    25774    12789    17120    14386    12556    10173    16596    14610    16603    20415    18315    10372    9945    12985
12324    17765    17736    12462    16138    20691    15201    15250    17296    10202    18649    9238    11801    10829    15775    10201    12127    23440    13734    23633
14309    29650    26806    20019    18413    19781    29706    18246    18736    18446    12935    10520    15052    13424    12139    9503    10321    8764    14376    12273
14551    17925    14062    12207    9458    13690    9423    11031    14374    11951    12739    9979    8567    9758    14073    13302    10136    10107    16067    21623
37949    36424    35080    33047    22568    33814    21472    31777    34131    29737    17143    15675    10277    10805    18201    6422    5036    4819    7456    5757
7860    6311    5233    5513    7247    6130    7643    7332    12503    8253    12643    14423    29698    21816    29100    44409    62996    46723    29679    33359
16154    14819    23627    36216    65108    64809    30012    28842    21707    13261    11313    7351    7329    3813    5984    7298    6073    8204    9123    5912
13995    19584    25685    41716    53074    56286    57046    39494    29725    17837    15045    10729    9999    8301    9549    12464    11363    6863    7491    9545
15029    24722    30724    58066    49580    50006    50711    40741    35938    21839    10358    16278    8032    5116    8282    7487    5096    7233    7669    5678
14582    19477    27715    52157    59648    56064    49356    37251    26697    17299    11779    16053    8260    8539    7676    7468    6277    9430    7722    5704
13592    20076    29754    58500    49202    59063    46531    40997    37642    17770    10192    15198    11614    9809    8425    6431    6914    6344    5612    5981
17760    19493    34404    54713    58782    63453    34696    32949    19721    17220    18232    11286    7623    8155    9311    6414    8609    6826    9466    7951
3483    7444    7837    6827    6144    6303    7943    8078    6525    13459    10176    12722    16963    24077    47538    65615    63411    57277    46647    19436
4915    6410    4465    4295    3766    8372    7240    7831    12376    8327    6802    15613    14628    28142    34730    60617    61646    52810    41759    25060
3491    5665    7942    5735    5683    5148    8911    8985    7022    9926    8400    8286    16113    18265    47259    55669    55590    55789    50488    19199
4939    7890    3342    5988    5941    3182    5491    6186    17250    6918    9693    13551    13282    24370    40442    59539    68859    53036    42960    26154
6671    6037    4444    5158    7673    8225    3421    7345    11533    11422    6227    9506    11900    29064    33267    61562    62262    63120    33281    20751
6310    6403    5977    8642    3067    9724    5889    7353    14347    8052    10821    12573    19492    23398    33114    61963    60648    69033    39298    26393
