19423    33465    60572    79295    50196    22463
15639    24697    48693    61855    43655    24082
15278    30988    54465    54133    38379    12100
19088    29946    48718    53511    41605    20904
20619    23606    42955    56604    35810    20178
13368    22847    41759    53136    29061    17337
13623    16177    32532    53131    35802    20942
14049    18625    38331    41898    27617    16506
18456    18465    33822    42608    28075    28228
21491    23452    41339    37053    30471    23524
31176    28208    55920    53215    38990    19989
19208    29013    45796    59996    41619    19824
20393    23040    41751    59642    47298    20875
16169    27617    46127    45379    40697    15446
18240    20967    49017    57691    40047    17162
14428    22387    46551    54488    38799    24848
11733    19152    43699    57833    46269    16754
17575    19441    45789    66403    34436    26521
19802    32356    67390    84193    44052    22873
15795    19515    46406    52353    43594    31444
20915    17952    45722    63416    47907    26158
