29854    23167    24584    31202    20546    24246    20277    20194    16801    7814    12454    8589    8411    7091    5884    4300
13454    16707    14370    24326    20010    15428    17949    17502    19231    15532    12341    9143    7007    6022    4979    4620
14893    16787    16451    16595    13195    17343    13913    13411    11783    21596    16568    10674    3908    5603    4278    8345
14910    16993    16272    19202    11322    17085    13024    12592    8757    19087    14622    15641    11300    8945    7449    6571
11149    11020    13169    12508    11797    15624    16107    17364    15319    8922    17976    14706    11639    9921    7109    5442
9508    11805    13651    9922    12183    12899    7125    7931    10034    13698    11902    11701    12170    14063    14089    4827
7583    8873    11788    8871    10690    12949    11170    8841    12747    11513    11467    9917    10393    13139    15158    7108
7664    13185    11385    10377    13252    10248    9904    4480    10598    7194    8587    7608    11862    11698    7660    11324
10567    10248    11030    11095    11268    9295    11550    12921    13839    11083    12474    7363    12282    7146    9271    8222
7274    14063    11316    12689    8605    10275    15344    11034    13098    14013    8450    8180    10723    9728    10920    11618
17287    13203    20773    9982    17283    11660    13891    11302    16785    19765    17256    13244    10821    11067    11475    11704
9797    9843    9382    11096    10258    14991    15039    14439    12549    19874    18450    12110    11649    20163    14344    11472
9788    11890    7294    8232    13034    13177    15350    20110    21560    19222    15752    10823    7364    11271    15454    12678
17194    13597    16209    11253    12167    16261    16195    19619    16320    11515    11488    8390    8309    4517    5634    2767
6759    6743    6575    4441    6273    6657    4119    8551    15313    17378    20550    26257    25092    15054    17335    16027
3258    4181    4032    3254    3699    6558    6084    5891    9041    15713    20779    22429    23086    26859    25310    21327
3938    5485    3701    2353    6153    7791    4785    4195    10842    11584    24736    20822    20900    20886    26461    20808
4375    3698    5925    6505    5166    5489    6138    7041    7725    10059    16057    26978    23971    26933    24218    29887
22897    29367    28241    26201    32158    32352    24740    17590    12592    8202    8981    7045    2550    5515    5768    6467
4585    2994    4008    4930    4400    8900    5483    9348    8000    10858    15429    18349    30169    28196    26677    26781
4690    5424    5106    4350    7641    8248    6964    5068    8726    6203    15913    19208    21053    29992    39767    33717
