5761    2059    7305    5420    7423    4103    7189    9708    10238    8229    15776    35286    46028    53171    33515    14847    7549    5463    9793    11424    17063    12729    17552    42488    52513    30543    31921    10192    7484    8240    7176    5096    9108    5892    5240    4630
5575    3212    3798    6289    11381    5844    6414    3428    12448    19182    21825    39903    36017    38153    30505    31860    14287    9540    10751    8615    7285    17875    32166    35578    41680    34628    33710    16586    10692    6642    5759    8538    6083    5699    3424    3128
6508    5554    2374    2468    3850    4939    5012    12833    12734    16071    21316    28688    32174    26026    42383    29991    18382    14655    9859    9555    13494    18474    26344    39189    19189    27558    30788    17387    15635    8758    4567    4084    4412    9237    5056    3696
6592    5557    3926    5485    7716    3305    7478    8873    13868    17867    21751    25985    26636    20635    22736    24305    18127    10425    6563    9457    14149    26430    25969    27543    28585    30375    25005    20878    11795    6537    5003    6681    5458    5458    4637    3687
4314    8309    4590    6620    5584    3787    11666    15466    19316    24182    29394    32008    19284    17904    23810    31287    16753    17730    12547    15004    25333    26523    29438    21317    24942    39526    30229    24774    17070    13458    11797    7775    9235    5184    5935    3874
7786    6175    3358    5410    6739    7343    8092    9251    17292    18177    30059    26510    24673    19911    22637    30489    19038    15035    15754    12202    19237    26475    24104    28459    24179    24472    21067    19009    21719    8727    7824    6411    5359    3758    7710    4429
4299    7325    6968    5052    4813    8542    10243    12673    21524    20798    22168    15106    21531    22602    21807    22102    22773    24209    18262    23405    28188    15175    20261    10069    19512    22195    19728    32597    24216    18087    9149    10170    8238    3834    3448    3345
7348    9460    7766    5987    10737    10352    16792    16620    23050    31335    13867    22000    14415    16832    15981    16029    21779    34021    31481    18378    22971    22463    21440    16966    21510    15984    12395    20563    17175    21968    13231    8180    9046    9124    5850    4686
7613    6628    9223    11981    13655    23122    23638    15522    16168    12426    16280    23456    13230    20966    20438    25569    27903    20701    33444    28964    32066    26924    14193    21733    20000    13801    17040    19222    14430    14405    19870    14079    12374    9589    12024    10696
16300    19709    14085    21268    13974    16490    19121    18009    14085    17871    26337    23540    18124    17380    21958    12590    15408    15307    17580    22694    19318    17209    16090    15342    24499    22086    17591    17161    15781    10592    11730    13095    12469    13058    17224    11613
9782    8410    12333    13840    11900    16527    9869    13487    17501    19061    13938    14109    10996    12660    12351    25373    16140    16774    14645    13149    10844    13373    14244    15918    10635    12008    8314    16538    14496    11030    15156    13426    15293    10417    9898    9651
6709    8651    15702    15925    15829    14974    10024    16397    16726    18385    16945    13368    23294    24550    25631    23587    33224    30786    31842    23996    19758    26111    25351    19747    21432    23286    15579    12238    7967    11321    14469    15079    15868    10699    14513    7551
7191    6200    7119    5288    12031    19701    20080    20313    23325    21484    18751    14319    14526    14664    13366    14419    22127    28183    38441    27129    26100    28527    16906    11843    21121    18847    10927    15955    13499    20306    22755    16979    8516    10439    4611    5345
6081    4591    3158    4337    5023    10251    11022    16941    19416    22467    24119    21752    16885    24982    15596    25415    26576    33140    40921    35043    22689    21700    16605    26355    16634    20941    24034    29743    20042    19493    15895    18225    4523    7922    5740    3566
7079    5150    3537    6833    11954    7257    4625    13799    15644    31064    19836    22832    17759    25027    29432    23789    23643    22037    17597    16145    15522    24138    32999    20717    16390    24877    19859    19722    19828    13159    8430    5327    5054    4208    6871    4948
3652    3547    3401    3990    4495    9507    6824    7889    12183    22620    27514    22498    20100    17670    26039    19035    26027    18932    19249    17625    17754    28919    23803    24613    19166    20255    24015    26060    17266    9820    10946    3945    6894    6270    4742    6746
2980    4847    4851    4437    10517    7912    8937    5395    6831    21210    22394    26966    24402    21906    31128    29214    19290    14798    12545    7654    17113    28970    23527    28845    27541    31041    26033    25982    14298    10746    7180    8002    5736    4015    6587    4587
4239    3258    6137    5942    5731    4088    9478    4908    9047    14732    28658    25309    24280    28029    28050    26159    22145    14660    12315    11093    13500    16649    23208    29218    35775    24047    26406    23383    14878    10131    9352    5850    6911    9181    2747    6526
3111    6192    4514    5121    6944    7612    3858    6127    9881    11032    31219    35387    34242    31651    26288    20241    17891    13603    6759    6839    15639    16850    29726    33420    28203    38486    27693    13774    13879    9339    8477    6673    6335    6228    4818    4462
2336    3616    3699    3581    3323    2733    8266    6286    12672    11211    23613    26607    27412    37273    36888    26346    10193    7999    5419    6973    15655    26397    22319    26984    41719    25769    29557    11033    14706    7095    6556    5679    8590    7812    5090    4623
5796    5828    4986    3978    8692    2954    7919    8070    8031    14999    21227    40011    38410    32106    34978    24757    13273    9891    10358    9483    10874    12819    24716    31296    40985    24379    26839    19810    9318    6309    9603    2898    7269    3651    4580    3873
