45553    70466    145401    138082    110558    58094
35740    86901    149008    163719    103461    49671
39542    70997    139539    163528    96815    42819
39372    70234    122347    133909    95970    53645
50423    86112    143937    178693    106118    50682
46321    75674    120710    164692    104342    47131
36782    67445    141617    161610    103312    53648
45044    80611    142990    162037    105113    51987
44956    93005    146732    168630    126169    63881
49449    88222    159042    167948    87276    64751
44669    62709    111601    131308    81226    52573
46420    87782    170608    184109    112329    46266
48337    84592    151161    156931    108219    52093
53320    103218    138479    178589    114413    53804
44635    88282    131706    154001    93258    55206
36134    75470    125909    145516    108253    52729
34306    75110    141026    143127    109578    55270
37510    74149    123251    148608    112305    50197
35027    88445    124596    148252    101452    54742
40275    76855    125418    138369    88469    56644
41871    70156    126306    142141    104414    60078
