20183.0    18399.66666666666    35388.66666666667    64201.00000000001    64710.0    33780.666666666664
22428.0    24979.666666666664    46465.66666666667    71101.99999999999    57954.99999999999    29887.999999999996
19693.999999999996    21592.66666666667    43933.66666666668    69026.66666666667    60879.0    30822.666666666668
18444.333333333336    15376.666666666666    28241.0    51027.66666666667    62084.333333333336    40636.666666666664
20580.999999999996    16762.333333333336    28695.333333333336    53368.333333333336    60598.66666666667    42524.666666666664
19508.333333333332    18231.666666666664    32297.66666666666    60268.666666666664    57227.0    29529.333333333332
18559.000000000004    18892.333333333332    27495.333333333332    55999.66666666667    62286.0    35293.666666666664
18470.333333333332    18013.666666666668    26222.0    48908.333333333336    60242.0    31031.0
17472.0    19728.333333333332    32978.0    61851.66666666667    58243.0    33251.33333333333
21812.666666666668    21865.000000000007    39355.33333333333    55948.666666666664    50683.33333333335    33178.00000000001
17863.333333333332    18565.333333333336    26881.666666666668    50933.33333333334    53016.99999999999    27952.333333333332
17252.999999999996    17163.333333333336    28844.33333333333    43291.66666666667    46370.99999999999    30301.999999999996
22507.333333333332    15888.0    28039.666666666664    47461.33333333333    49315.666666666664    27142.666666666668
17892.999999999996    17785.666666666668    27105.333333333336    47151.333333333336    49916.33333333332    28731.666666666664
16386.333333333336    17981.333333333332    25029.66666666667    45622.66666666667    42739.666666666664    27572.333333333336
16595.333333333336    18164.999999999996    23984.66666666666    45867.333333333336    47289.00000000001    30103.666666666668
16947.666666666668    15736.333333333336    23365.0    41158.0    36984.0    25138.333333333332
16933.666666666664    16904.666666666668    28610.0    48703.66666666667    52122.333333333336    33539.666666666664
21092.666666666668    15348.666666666668    26155.666666666664    51250.33333333334    54756.00000000001    30612.999999999996
20884.666666666668    15786.333333333334    26498.666666666668    50219.0    55634.0    36860.0
20077.333333333332    18357.666666666668    27528.66666666667    48779.333333333336    59584.66666666666    40824.99999999999
18526.333333333332    15764.666666666666    26664.666666666668    51940.333333333336    62551.33333333333    38686.33333333333
19630.666666666668    21154.333333333336    28478.333333333332    51303.333333333336    58579.0    34228.666666666664
17007.333333333332    17236.666666666668    35167.333333333336    52790.33333333333    68064.66666666667    39621.333333333336
21751.333333333332    18156.0    31341.333333333336    58941.333333333336    62099.666666666664    40361.66666666667
18491.333333333336    16912.66666666667    31370.66666666667    51327.33333333332    62260.0    39559.333333333336
22759.000000000004    21088.333333333336    41070.666666666664    65192.66666666667    59973.0    33572.333333333336
22753.0    20114.666666666664    36090.99999999999    66411.99999999999    63857.33333333334    34683.333333333336
19500.000000000004    20007.000000000004    40353.33333333333    69519.99999999999    64088.333333333336    36074.0
22279.0    20657.66666666666    38256.333333333336    61496.0    63996.000000000015    34762.66666666667
19945.333333333336    14430.666666666668    33754.666666666664    59309.333333333336    67397.0    38176.333333333336
