6317.0    8877.0    14740.666666666666    16436.333333333332    12841.0    12783.333333333334    10238.666666666666    8110.333333333333    5966.0    5225.0    7928.0    6915.0    11789.333333333332    13268.333333333334    26608.666666666664    29808.0    22994.000000000004    15816.333333333334
9776.999999999998    16435.666666666664    30523.333333333332    37677.33333333333    38166.66666666667    33663.666666666664    17889.0    10838.333333333334    11318.0    6911.666666666666    7354.666666666666    5637.999999999999    3899.333333333333    5395.666666666667    3963.0    4780.333333333334    4246.0    4340.666666666667
7439.666666666666    18725.999999999996    27230.0    35255.0    40631.0    29503.000000000004    22364.0    11154.333333333334    9690.0    7671.333333333333    5571.666666666667    4507.333333333333    4323.0    5033.666666666666    3934.3333333333335    3869.3333333333335    3899.0    5146.0
2413.9999999999995    4429.0    4347.666666666666    4225.333333333334    3095.3333333333335    4463.666666666667    4872.333333333333    6099.999999999999    5423.666666666666    6088.333333333333    6503.0    9205.0    14527.666666666666    18848.0    29953.0    35669.0    32515.333333333336    23130.333333333336
3121.0000000000005    3054.6666666666665    4613.666666666667    3399.0    3598.6666666666665    4067.9999999999995    5778.333333333333    5086.0    5822.333333333333    6698.0    6872.0    10896.666666666666    19231.333333333336    20914.0    29384.0    35044.666666666664    33895.666666666664    21052.333333333332
6949.666666666667    9026.666666666668    12825.000000000002    9227.666666666668    11708.0    11844.333333333334    11350.333333333332    8588.0    6121.666666666667    4996.666666666667    6116.0    8539.666666666668    11395.0    18340.666666666668    20023.666666666668    22648.333333333332    19894.0    17467.333333333332
4156.666666666666    4728.333333333334    3029.6666666666665    4368.0    4252.666666666667    4688.333333333333    5080.999999999999    4529.666666666666    5865.666666666666    5346.666666666667    7863.0    12419.0    17871.666666666668    22005.0    31520.999999999996    25845.666666666668    27687.666666666668    27266.333333333332
2819.6666666666665    3910.6666666666665    2477.6666666666665    2621.666666666667    4065.0    3298.6666666666665    5067.0    7119.999999999999    7641.333333333334    7166.333333333333    8514.333333333334    12582.666666666666    18059.0    23063.333333333332    24734.999999999996    28378.000000000004    23029.333333333332    18337.666666666668
9466.666666666668    15370.0    10938.666666666668    9820.333333333332    10032.0    10006.333333333332    11053.666666666666    18303.666666666668    11119.666666666666    10749.333333333334    7443.333333333334    10064.0    11539.333333333334    12332.0    16720.666666666668    18916.666666666664    17146.333333333332    12501.666666666666
15680.000000000002    13795.333333333334    18398.0    21176.0    24448.333333333332    18813.333333333336    16819.666666666664    19332.666666666664    15481.999999999998    11551.0    10445.333333333334    7030.333333333334    5691.666666666667    4874.666666666667    5978.666666666666    5104.666666666667    4131.333333333334    4089.9999999999995
3793.0000000000005    3099.6666666666665    3830.0    4098.333333333333    2598.0    4506.0    6631.333333333333    5630.333333333333    6638.666666666667    11753.999999999998    14953.999999999998    15839.0    12322.666666666668    18112.666666666668    19312.666666666664    22539.666666666664    21914.0    17639.000000000004
3944.3333333333335    5290.666666666667    3750.9999999999995    5588.0    4710.0    5077.333333333333    8566.666666666666    10214.333333333332    12255.666666666666    11570.0    12400.333333333334    10040.666666666666    10003.333333333332    11430.000000000002    16554.333333333332    19633.666666666668    17351.0    14844.000000000002
6732.333333333334    6314.666666666667    7584.0    8807.333333333332    6513.333333333334    8257.0    13229.0    10688.666666666666    12159.666666666666    10753.0    11561.666666666668    10160.666666666666    10619.333333333332    13481.666666666666    13637.666666666666    15609.0    14848.666666666666    9397.0
8991.333333333332    7697.0    11622.000000000002    14428.333333333334    17842.0    14470.333333333334    12606.0    10567.333333333334    10625.666666666666    9584.0    9261.333333333334    10740.666666666666    9427.0    6537.0    9243.666666666666    8070.0    10063.666666666668    6806.0
4676.0    6897.0    8229.333333333334    11451.0    9694.666666666666    9042.333333333334    12966.333333333332    10635.666666666666    7893.333333333334    8176.666666666668    6085.333333333334    8444.333333333334    6455.666666666667    9374.333333333334    14187.333333333332    15983.666666666666    14049.333333333334    11089.666666666666
9781.333333333334    10425.666666666666    10762.333333333334    7696.666666666667    9179.333333333334    9130.0    8628.666666666668    10009.666666666666    8633.333333333334    7115.333333333333    7312.666666666667    8019.0    8035.333333333334    10160.0    13520.666666666668    19672.0    14572.333333333334    9350.666666666668
6338.666666666666    8607.666666666666    8310.0    7401.333333333333    6981.666666666667    8720.666666666668    8890.333333333332    7879.0    6876.666666666667    7591.666666666666    7125.0    8929.333333333332    7154.333333333334    9380.333333333334    12443.666666666666    13678.0    13475.0    9545.999999999998
2638.6666666666665    4562.0    3281.666666666666    3452.333333333333    4118.0    4376.333333333333    4397.0    6401.666666666667    5387.333333333333    9255.0    11726.999999999998    15926.333333333332    15903.666666666668    16936.0    22244.666666666668    22659.0    24304.333333333332    19243.000000000004
3274.6666666666665    3083.6666666666665    4173.0    3825.9999999999995    3589.6666666666665    5100.0    3662.666666666667    7910.666666666666    6567.666666666666    9171.666666666666    6192.333333333334    15943.999999999998    14985.666666666666    18938.333333333332    21351.0    23624.0    25312.0    22509.333333333336
3053.6666666666665    3594.666666666667    3101.0    4352.333333333333    4132.0    4390.0    5066.666666666667    5497.0    4500.333333333334    5469.666666666667    6895.666666666666    11407.333333333334    18362.333333333336    21333.333333333332    22081.666666666664    28081.333333333336    29236.333333333332    25327.333333333332
3943.333333333334    2909.3333333333335    3385.6666666666665    4123.333333333333    3727.6666666666665    4778.666666666666    4490.666666666667    3880.3333333333335    6868.333333333333    5062.333333333333    7192.0    14116.0    14308.0    21717.0    28984.666666666668    34740.0    28335.0    22590.333333333336
3869.333333333334    4194.999999999999    3593.6666666666665    2960.0    3261.0    3882.6666666666665    6291.000000000001    4261.666666666667    5794.666666666666    6280.000000000001    8263.333333333332    9351.0    17001.333333333336    23616.666666666668    26927.0    35922.666666666664    24832.0    23830.666666666668
4506.666666666666    3567.3333333333335    3395.3333333333335    3958.0    3770.0000000000005    5177.666666666666    4065.0000000000005    5500.0    4504.0    6119.333333333334    5765.0    9553.0    15394.666666666668    20438.666666666668    33457.666666666664    32260.0    29294.333333333332    22647.666666666668
2972.9999999999995    3043.0    3347.6666666666665    4379.0    3154.666666666667    3566.6666666666665    5089.0    5225.0    4503.333333333333    5018.333333333333    8353.666666666668    9374.333333333334    12573.0    23950.666666666664    35176.333333333336    41272.666666666664    33674.66666666667    25212.666666666664
3507.666666666667    3068.6666666666665    5114.333333333334    3512.3333333333335    4181.333333333333    3717.666666666667    4276.666666666667    6121.333333333333    4370.666666666667    7375.0    7928.666666666667    7231.666666666667    12021.666666666666    23932.666666666668    37474.0    42072.33333333333    34025.0    22719.666666666664
3418.0    4299.666666666667    5428.0    4150.666666666666    5458.333333333333    3600.3333333333335    4021.3333333333335    5789.333333333332    4569.333333333334    9008.666666666668    8206.666666666666    7684.333333333333    10246.333333333332    19021.333333333332    31244.333333333332    35766.666666666664    33996.0    24012.0
8788.333333333332    15894.333333333334    26962.666666666668    41629.66666666667    37355.0    28338.0    16871.333333333336    11285.0    10007.0    7559.0    6570.333333333333    4704.333333333333    4904.0    5062.0    4481.333333333334    4137.666666666666    4271.0    4835.0
6503.666666666666    12947.333333333332    28490.666666666668    36590.33333333333    41528.0    29211.000000000004    17710.333333333332    12181.333333333332    10951.999999999998    9886.666666666666    5241.0    3400.333333333333    4871.333333333334    3592.333333333333    3446.0000000000005    5518.333333333333    5402.333333333333    6438.333333333334
7534.333333333333    15637.999999999998    28702.666666666668    42813.666666666664    39457.00000000001    31344.666666666664    17608.333333333336    12558.666666666668    6667.333333333333    7654.999999999999    6422.0    5580.0    4800.0    4316.666666666667    4657.333333333334    4042.0    5554.666666666667    4190.333333333334
10079.333333333334    13762.666666666666    27293.0    36786.0    42054.333333333336    27173.666666666668    19320.000000000004    12432.333333333332    9692.0    7006.999999999999    5246.999999999999    5401.333333333334    3808.6666666666665    4564.333333333333    3870.6666666666665    3966.0    3888.3333333333335    5101.0
3565.666666666667    3003.6666666666665    3326.333333333333    3591.333333333333    3745.666666666667    3515.333333333333    4693.0    4636.0    5008.333333333333    4006.6666666666665    8758.666666666668    8866.0    11258.0    19490.333333333332    41211.0    44133.66666666667    37296.66666666667    22907.0
