10776.333333333334    13427.333333333336    25623.999999999996    34985.0    44184.333333333336    32972.0    18380.333333333332    12248.666666666666    10660.666666666666    8906.0    7303.333333333334    4882.0    4755.666666666666    4147.333333333333    4803.666666666667    5591.333333333333    3822.6666666666665    5546.0
6982.000000000001    13631.000000000002    24723.999999999996    39249.0    40902.666666666664    29140.333333333332    20823.333333333332    11382.0    9479.666666666666    8363.333333333334    5811.999999999999    4037.666666666667    3368.6666666666665    4952.0    3820.666666666667    4739.666666666666    3793.0    4369.666666666666
10758.333333333334    13622.666666666666    28346.333333333332    35600.0    41796.0    34361.333333333336    19960.333333333332    11158.666666666668    10008.0    7715.666666666667    6465.666666666666    5436.333333333334    5896.666666666667    6862.0    3424.0    6008.333333333333    4221.666666666666    3756.6666666666665
9125.333333333332    15430.0    30624.0    33805.99999999999    38765.0    28067.999999999996    24240.666666666664    11315.666666666666    8503.0    9392.0    6808.666666666667    4657.666666666666    5884.0    4832.333333333334    4297.333333333333    4757.666666666666    4379.0    5073.666666666666
8908.333333333334    20058.333333333332    26496.333333333332    31843.333333333336    36033.333333333336    30260.000000000004    25970.999999999996    13598.666666666668    8062.666666666667    6276.666666666668    6746.000000000001    6402.666666666667    4271.666666666666    6137.666666666666    4972.666666666667    4130.666666666666    3926.0    4416.666666666667
9401.333333333334    15722.999999999998    28217.666666666668    35284.0    35698.0    30677.666666666668    20766.0    13283.333333333334    8960.0    10812.000000000002    7492.999999999999    6294.333333333334    5220.333333333333    4235.666666666667    3559.666666666667    4633.666666666667    4414.666666666666    3834.0
5395.333333333333    3990.0    2941.0    2940.0    4123.666666666667    5350.333333333333    4318.333333333333    5646.666666666667    6086.999999999999    6437.333333333333    7697.333333333333    9896.333333333334    13928.333333333334    26562.666666666668    26668.666666666664    31176.333333333332    31159.666666666668    25481.666666666664
3500.0    3620.3333333333335    3012.6666666666665    5175.0    4131.333333333333    3016.0    5006.666666666667    5266.0    5097.666666666666    5819.666666666666    8370.666666666666    11459.999999999998    18012.0    27450.333333333332    27994.666666666668    29491.333333333332    24676.0    28665.0
3722.0    4525.666666666667    4204.0    3687.3333333333335    3986.9999999999995    4078.0    4345.0    4984.666666666666    4111.666666666666    6824.333333333333    6550.0    13666.666666666668    18400.333333333332    24708.0    24831.000000000004    30284.333333333336    27704.666666666664    26434.000000000004
4307.333333333333    3381.3333333333335    3717.6666666666665    3058.0    3969.3333333333335    3302.0000000000005    4080.0000000000005    4016.0    5780.333333333333    6626.0    10621.333333333332    17441.666666666668    17141.0    17696.000000000004    23660.666666666664    25018.333333333332    25938.666666666668    18773.333333333332
4328.666666666666    5006.0    4905.333333333334    3921.333333333333    4063.333333333334    4314.333333333334    3799.333333333333    3969.3333333333335    5531.333333333332    8479.0    16381.666666666668    18553.0    17113.0    20185.666666666664    19824.333333333336    21165.666666666668    21461.333333333336    18654.333333333336
4607.666666666667    3533.6666666666665    3205.333333333333    4710.333333333333    3713.0    5873.666666666667    5240.0    6148.0    9381.333333333334    14736.0    11172.333333333332    15146.666666666666    13640.666666666666    16371.333333333334    16433.666666666668    22229.666666666668    19571.666666666668    18857.333333333332
3007.0    4587.333333333333    3205.666666666667    5124.666666666667    3246.666666666667    7678.666666666667    5426.333333333334    10056.000000000002    12821.0    15093.000000000002    13710.0    11130.333333333334    10643.0    13440.666666666666    16027.666666666666    23675.666666666664    18682.666666666664    16908.0
4923.666666666667    4833.333333333333    4610.666666666667    4496.666666666667    5800.333333333333    8157.666666666667    14383.666666666668    13351.0    11889.666666666666    11446.333333333334    9642.666666666666    11241.666666666666    11801.999999999998    12260.666666666668    16277.666666666668    19594.333333333332    16634.0    11831.666666666666
6494.0    6830.666666666666    9179.0    7953.333333333334    11581.000000000002    9569.666666666668    9397.666666666668    8468.666666666668    9628.666666666666    7039.0    8747.333333333332    8348.999999999998    6616.666666666667    10204.666666666668    11959.0    18701.666666666664    15783.333333333334    7578.000000000001
8824.0    9001.999999999998    12253.0    19694.333333333332    14608.333333333332    12725.0    8236.333333333332    6951.0    6442.0    7543.333333333334    5901.666666666666    6653.333333333333    7708.333333333333    8438.333333333334    8961.333333333334    9049.333333333334    7486.666666666667    9222.666666666668
6633.333333333333    8448.0    9622.0    17827.666666666668    15408.0    14787.666666666668    7963.999999999999    7689.666666666666    6401.333333333334    8254.666666666666    6506.666666666667    5266.666666666667    7787.999999999999    7192.333333333334    6883.333333333333    7094.333333333333    5260.0    6900.333333333334
9101.666666666668    14136.333333333334    16385.666666666664    14866.666666666666    19916.0    15966.000000000002    9424.333333333332    9146.0    10188.0    13254.666666666668    8480.333333333334    8104.666666666668    6962.666666666666    5470.666666666667    4604.0    6797.333333333333    6600.333333333333    5359.333333333334
12543.333333333334    13388.666666666666    10294.333333333334    8206.0    9801.666666666668    10150.333333333334    9054.0    9683.0    13452.666666666668    7167.999999999999    10282.666666666666    11318.666666666666    11743.0    10566.666666666668    14201.666666666666    15586.0    14648.000000000002    9876.0
18357.333333333336    18534.333333333336    23198.333333333336    26784.666666666664    25081.333333333332    19645.0    16130.0    15846.999999999998    16696.0    9492.333333333332    5698.333333333334    5178.999999999999    5827.333333333332    6898.333333333334    4875.333333333333    4493.0    5154.0    4069.666666666667
18774.999999999996    23550.666666666668    27042.333333333336    24887.000000000004    24913.333333333336    23103.0    20541.333333333332    19332.666666666668    14558.666666666666    9893.0    7264.0    5388.666666666666    5233.333333333333    5041.666666666667    5050.0    5432.333333333334    4521.666666666667    4321.0
16148.000000000002    19104.666666666668    25806.666666666668    29072.666666666668    28826.0    32062.0    24122.999999999996    18218.666666666664    13721.0    8993.333333333332    6371.0    5465.333333333334    6384.000000000001    3981.6666666666665    5853.666666666667    3350.666666666667    4028.3333333333335    3569.666666666666
14527.666666666666    14239.666666666668    23480.333333333332    30585.999999999996    33713.33333333333    31534.0    19764.666666666668    15735.666666666666    10822.999999999998    9161.0    5764.666666666666    5663.666666666667    5128.666666666666    4019.333333333333    3995.3333333333335    4985.666666666667    3501.6666666666665    3675.333333333333
7024.333333333334    10751.333333333334    21242.666666666668    26690.333333333332    27072.0    24162.666666666668    17167.0    11812.666666666668    7871.999999999999    6724.666666666668    5871.333333333333    6097.666666666667    5962.333333333334    7906.666666666667    10235.333333333334    10953.666666666668    8968.0    10701.666666666666
10947.333333333332    16035.333333333332    27615.0    38890.333333333336    36711.333333333336    31240.666666666668    19293.333333333332    12479.333333333332    9503.333333333334    9556.666666666666    4265.333333333333    3801.0000000000005    4204.666666666667    5061.333333333334    4068.666666666667    4608.666666666666    4573.666666666666    3565.3333333333335
11999.333333333332    17715.666666666664    23417.666666666668    35999.66666666667    38587.66666666667    29041.666666666668    20853.666666666664    11477.666666666668    8143.333333333334    7685.666666666667    5673.000000000001    5610.666666666668    4881.0    3905.666666666666    4381.333333333333    4059.3333333333335    3815.3333333333335    3961.9999999999995
4604.0    3590.6666666666665    3138.3333333333335    4408.0    5136.333333333333    4782.0    5220.333333333333    3805.333333333334    4959.666666666667    5019.0    7735.333333333333    5194.0    10835.666666666668    17675.0    33758.0    40620.99999999999    37919.333333333336    20552.333333333332
3292.0    3161.666666666667    4914.666666666667    4031.333333333333    3743.0    5062.333333333334    3934.3333333333335    5892.0    3832.666666666667    7351.0    6669.0    9567.666666666666    12188.666666666666    19434.0    37765.0    43507.333333333336    33888.333333333336    26571.000000000004
5169.666666666667    3694.0    4318.0    3408.333333333333    3849.0    3690.333333333333    3668.666666666666    4701.333333333333    4579.666666666666    7503.333333333333    6078.0    7296.666666666667    9502.333333333334    20125.333333333336    35082.0    43725.666666666664    38914.666666666664    26045.666666666668
7655.333333333333    13571.333333333334    25087.666666666664    39553.66666666667    42441.99999999999    28835.666666666668    16459.666666666668    9332.333333333334    10257.666666666666    9570.333333333332    6858.333333333334    4815.333333333333    5147.666666666667    5217.666666666667    3954.0    3761.6666666666665    4294.0    4704.0
9245.666666666668    13464.0    21900.333333333332    37174.666666666664    44277.0    28167.999999999996    23007.0    14277.999999999998    9822.0    7669.0    7224.333333333333    5525.0    4974.333333333333    4184.333333333334    4784.333333333333    4871.666666666666    3298.333333333333    5286.666666666666
