18750.333333333332    26189.333333333332    28962.0    38384.666666666664    32947.333333333336    28300.666666666668    28414.666666666668    22375.666666666668    13343.666666666666    11566.666666666666    19095.0    21302.999999999996    22080.666666666664    28640.0    32241.0    33913.0    27057.333333333336    23408.333333333336
19391.0    22770.0    28292.666666666668    26139.666666666668    23857.0    19115.333333333336    20208.666666666668    17368.666666666664    17300.0    16528.666666666668    19185.333333333336    22659.0    22510.000000000004    28817.666666666668    30922.666666666668    27152.666666666664    22395.333333333332    18933.333333333332
14051.666666666666    18920.666666666664    30607.333333333336    32956.33333333333    20901.999999999996    21130.0    18889.666666666668    20045.333333333332    22096.333333333336    24199.333333333332    20556.333333333332    19158.333333333332    22162.666666666668    26632.0    32776.666666666664    26528.333333333336    26448.0    18000.999999999996
18472.666666666668    21842.0    33178.66666666667    32995.66666666667    24183.0    18393.333333333336    18751.0    17817.333333333332    21127.0    27473.666666666668    22945.333333333332    18165.666666666668    19701.333333333332    26574.666666666668    30756.666666666668    31126.999999999996    17097.333333333332    16993.333333333332
15998.666666666666    19412.666666666668    27163.666666666664    27942.333333333336    24121.999999999996    19004.0    19989.666666666668    21866.0    26608.666666666668    26148.333333333336    24753.666666666668    19554.0    18250.333333333336    22966.666666666664    29330.333333333332    28838.000000000004    24819.666666666664    16457.0
13294.666666666666    15760.333333333334    18855.333333333332    23928.0    23941.0    29176.333333333336    23445.666666666664    23942.0    23525.666666666668    23024.0    24670.333333333332    27586.000000000004    26112.666666666664    20481.000000000004    25451.999999999996    26925.666666666668    17780.333333333332    16104.333333333334
13105.0    17469.666666666668    30321.0    30044.666666666668    28121.666666666664    20923.0    17824.0    18947.333333333336    18409.333333333336    15560.0    18760.666666666668    15030.333333333334    17052.333333333332    20005.0    26628.333333333332    29263.000000000004    21059.333333333336    16330.666666666666
12980.666666666664    15612.666666666666    20521.666666666668    21021.666666666668    17549.0    15478.666666666666    15764.333333333334    10781.666666666668    14161.333333333334    12087.666666666666    10325.666666666668    16960.0    14040.666666666666    16591.666666666664    23646.333333333332    22333.666666666668    13619.0    12646.333333333334
8722.333333333334    9902.333333333334    18465.666666666668    22274.666666666668    16898.333333333332    9968.0    7802.0    7438.333333333333    8400.666666666668    7807.0    7703.333333333334    5483.0    6544.0    14827.333333333334    22879.0    24661.666666666668    15477.666666666668    7047.0
16806.333333333332    26179.0    31215.666666666664    28151.000000000004    24012.0    18405.0    20106.333333333332    19125.333333333336    16885.0    17618.666666666668    14414.0    16909.666666666664    15593.0    18919.0    28332.666666666668    28605.333333333336    24346.666666666668    14643.999999999998
15748.0    13516.666666666666    24714.0    30818.666666666668    29699.333333333336    21846.333333333336    18525.0    23574.666666666668    15716.000000000002    17899.333333333332    20881.0    14505.666666666668    18866.666666666668    25867.0    27761.333333333332    25778.0    21845.0    11487.333333333332
11585.0    19652.333333333332    24148.666666666668    28595.000000000004    17239.333333333332    15723.333333333334    20743.0    25975.999999999996    20816.666666666668    22597.0    22068.000000000004    19653.333333333332    18473.666666666668    26905.666666666668    24821.0    27816.000000000004    19725.0    12849.333333333334
12051.666666666666    20675.666666666664    23787.666666666664    32012.666666666668    24192.999999999996    20127.666666666668    22322.666666666668    19297.333333333336    25341.0    31592.666666666668    23174.333333333336    19391.0    18194.666666666668    26695.0    26517.000000000004    29466.666666666668    19658.0    14346.666666666668
18915.666666666668    24125.333333333336    38022.0    37295.33333333333    26737.0    17692.0    20182.666666666668    19615.333333333332    16211.0    21295.666666666668    18390.0    17073.0    17752.0    27845.666666666668    36150.0    33916.333333333336    23946.000000000004    14376.666666666666
21038.666666666668    25813.000000000004    26661.0    31877.666666666664    23399.0    16410.0    21278.0    23458.333333333332    16862.666666666668    21258.333333333332    23458.000000000004    19753.666666666664    21757.0    29438.666666666668    30569.999999999996    29183.333333333336    22340.666666666664    17355.666666666664
21051.0    26747.0    32273.333333333332    34011.333333333336    26131.666666666664    25077.666666666668    25001.666666666668    14956.666666666668    17428.666666666668    11845.999999999998    20058.666666666664    22816.999999999996    21228.666666666668    28203.666666666664    34598.666666666664    30185.0    25390.666666666668    22450.666666666668
18546.333333333332    22780.0    31834.0    33772.33333333333    27092.333333333332    24760.666666666664    20126.0    17598.666666666664    13948.666666666666    12907.333333333336    16299.333333333336    24438.0    23993.666666666668    27829.666666666668    38678.0    33933.0    32406.000000000004    25426.666666666664
26187.0    29647.666666666668    29782.333333333332    27203.666666666668    31634.333333333332    30834.666666666668    23349.666666666668    18764.0    15218.999999999998    12192.0    18416.333333333332    20024.0    30345.000000000004    29750.999999999996    31572.666666666668    30819.0    36814.0    28225.666666666664
19417.666666666664    29873.0    35628.333333333336    31199.333333333332    35046.333333333336    27531.666666666668    22241.0    16062.333333333332    14760.666666666668    9463.666666666668    17360.0    18054.0    28009.666666666664    32316.666666666668    36642.666666666664    40019.0    29936.0    23950.999999999996
18120.0    27656.666666666668    35334.66666666667    39564.33333333333    30014.333333333332    22864.333333333332    21007.666666666668    14820.0    11187.333333333334    11281.666666666666    13543.666666666666    17600.0    26371.0    32909.66666666667    37106.333333333336    37192.333333333336    29335.66666666667    21475.666666666664
25178.333333333336    25132.333333333332    40718.333333333336    40434.00000000001    35629.0    24523.333333333332    23139.0    14641.666666666666    11517.666666666666    11633.0    13177.333333333334    12511.999999999998    21199.333333333336    37267.66666666667    37693.333333333336    38006.0    35683.0    23584.333333333332
