36258.33333333334    31259.000000000007    63799.66666666666    127765.33333333334    122190.33333333331    75700.66666666667
35030.33333333334    29643.333333333332    52464.000000000015    100822.66666666667    109969.33333333333    75618.0
32948.33333333333    27551.666666666668    52826.66666666668    104762.66666666667    124707.33333333333    73265.33333333333
35523.33333333333    27584.333333333336    60372.00000000001    106558.00000000001    117693.33333333331    69864.66666666667
36712.666666666664    32629.666666666668    60307.33333333332    115202.33333333331    105861.33333333331    62512.33333333333
35595.333333333336    33185.66666666667    65562.0    103499.6666666667    106882.33333333334    59280.333333333336
32115.33333333334    27874.333333333336    52279.33333333333    104146.0    98021.66666666666    60418.66666666665
23721.333333333332    25120.333333333336    51737.0    72949.33333333333    71946.0    40648.66666666667
21626.333333333332    16480.666666666664    36566.66666666667    58366.333333333336    55913.99999999999    33348.333333333336
31619.0    25395.666666666664    57093.666666666664    97557.33333333333    106285.66666666666    62317.333333333336
26287.0    28065.333333333332    51927.33333333333    102955.66666666667    103972.00000000001    65842.66666666666
32592.666666666664    29461.000000000004    50473.33333333333    96055.33333333334    106159.66666666666    64646.333333333336
34871.66666666666    27077.666666666668    60279.99999999999    107105.66666666669    115147.33333333333    64362.99999999999
34655.33333333333    31391.666666666664    65902.00000000001    116483.33333333333    114017.0    67092.33333333333
32346.000000000004    25289.000000000004    62149.00000000001    113495.33333333333    119264.66666666667    69369.66666666667
36430.0    26711.666666666668    69991.33333333333    122067.33333333334    120537.00000000001    63720.666666666664
33333.666666666664    29154.666666666664    60411.333333333336    123253.33333333331    133135.6666666667    67082.0
42375.99999999999    31518.666666666668    67858.0    118379.33333333334    137040.6666666667    73609.33333333333
32055.333333333336    31909.000000000004    71178.00000000001    132863.33333333334    131745.0    67762.33333333331
32983.0    29865.66666666666    65509.99999999999    131247.6666666667    117392.0    70387.0
34900.333333333336    29924.333333333336    76222.66666666667    120584.0    133261.6666666667    76776.66666666666
