24034    35968    74813    93003    63213    27287
24386    42370    78119    102031    67758    26695
25203    45889    79843    106888    58524    26104
25618    50419    65638    92183    45141    25799
28135    41777    85139    104174    63680    24224
26183    44297    111085    105090    57914    27225
21200    42918    71704    74987    66281    33157
27787    26162    62193    81064    47649    29351
26685    29853    57502    68973    69221    28483
16702    36479    69428    71096    66977    32407
8186    8704    6157    9604    8675    11065
8559    8253    11025    9916    8794    9318
22787    34513    65104    92903    51736    28676
44303    28064    61071    79761    42523    20438
19850    26958    61440    77518    48539    26375
18190    28331    58145    82684    39505    24591
27042    31305    52317    82711    68274    30544
33811    34468    66056    93149    64748    34490
30793    46739    70510    103474    58250    27536
23640    51377    87660    102902    56786    33699
20591    19260    39495    57272    40538    14726
17393    33189    78014    90250    76952    29630
27193    30324    74819    104819    69965    27446
24342    32826    70964    75639    67939    31835
20005    32167    69041    87950    79593    41647
27459    48993    86980    105912    56397    29538
31063    42202    77948    81440    61269    25622
24878    51035    81323    95454    61043    27799
19701    40428    83167    87024    63610    24608
20882    54679    82630    82151    61150    35626
27415    58556    61879    71486    67348    21271
