8681    25126    38706    49055    44005    43539    19560    13120    7323    5890    5899    5123    9596    8637    9573    11138    5839    7508
11555    31282    36503    51224    50847    39236    26357    22352    13465    10819    7391    3932    9153    5577    7163    4200    3970    6333
13877    29101    44974    59604    48139    36194    27403    22476    14806    12442    5990    5097    3494    2580    3999    3278    4398    4599
11433    32781    37190    40362    44057    38592    27231    15080    16164    8365    4651    4681    2898    3523    3787    4513    3348    6142
18950    25031    44213    47705    50608    39459    28260    20132    13251    9402    8739    8205    6477    8338    3586    6291    4744    3738
19695    36403    42019    48603    43971    45492    37585    29326    15571    9825    9148    8967    5118    2719    5739    4633    3890    3090
15124    11802    32335    58642    62045    36614    17750    14873    11365    10908    8485    3669    4543    4974    3940    4157    4573    4448
2930    5147    4731    3391    2699    2983    5476    6553    5469    8120    12626    13923    28403    29385    25973    31700    44490    40207
5607    3235    4863    4985    3586    2835    8876    5643    9757    14719    12805    23360    24193    36816    35635    19183    27862    36757
3382    2347    3466    6449    5787    4478    4447    7623    6570    5319    6481    13713    13034    25603    61001    62472    40937    19980
1872    2020    3025    2173    2092    3668    5063    2023    3258    2691    1963    2181    2287    3140    3886    3434    4053    3562
2094    2489    2392    4801    2270    2360    3222    4470    5620    3060    4450    2020    2022    2801    3445    2363    3206    2780
11432    13392    29442    27277    39500    29231    15225    16334    15702    12749    14739    9243    15372    16361    10535    5986    7637    5562
17182    21110    19885    14114    14078    8106    14095    21625    15225    12624    15256    7505    15053    20072    18876    20545    14492    6317
11711    16713    17967    15735    12180    13514    21162    17833    14852    7981    15028    13914    14169    13881    17186    15201    9185    12468
24559    21067    15666    18150    13278    13103    16032    15507    11163    12796    13407    15964    10337    10393    10054    10334    11583    8053
3122    7173    2499    7585    5351    8251    5613    11349    6170    4703    7374    14546    12136    24137    49284    60731    41543    20626
8936    6009    7637    8435    9739    7052    10867    10947    10946    9673    18417    32609    18416    30631    39630    46788    27516    22474
24218    40819    28628    30339    21129    37283    42881    23037    22782    13177    11958    8654    6798    3681    5603    6126    5850    4339
22167    40866    38725    41408    32279    46262    29465    27187    18993    9096    8768    11611    9024    5781    3399    3174    4759    3100
3599    3732    3700    3559    3619    3184    5214    7004    4439    3853    6408    6233    5969    11372    37787    44670    25040    12500
6462    3153    3218    4381    2636    4581    3553    5656    8374    7024    12263    15584    18580    40463    52214    56163    49600    31523
6646    3119    3934    6286    3319    5278    5417    4804    6543    7243    15527    13124    21299    41477    48940    54364    43983    43263
2626    2742    6045    4521    6397    2627    6845    7939    8149    13944    7428    14936    12967    17870    57067    64414    48997    18031
4391    2907    4809    6467    5937    6984    5731    6195    4431    13527    13984    13488    12872    30370    55921    57927    55078    29384
14052    26650    43338    47134    51802    51110    29805    18144    17715    8923    7413    7870    5426    6779    3922    5180    4804    5212
11367    19051    45717    58021    57827    24091    18130    19486    15716    11040    8923    6899    5365    2377    6013    3354    2918    3249
12251    26800    54430    55035    49499    31686    30988    15340    10272    7821    10221    6839    4464    3278    4362    6399    5610    6237
9818    22411    39943    55816    55797    36853    23195    13386    8594    13361    7767    4752    6504    4403    4534    3699    3241    4464
13882    18927    44894    59035    54955    48724    17285    15052    11416    13209    10833    5334    3336    5529    3222    3667    3342    4476
15459    10035    28406    62857    59064    35929    21343    16326    9899    11499    6655    6466    3562    2665    3990    6139    4389    3272
