4877    6131    5180    7341    5989    4759    7867    6901    6936    8569    7110    10353    16980    34338    50529    48951    54131    26696
19057    32972    45743    46980    49729    30927    21917    16198    7595    6304    7048    6441    2552    3413    2881    3980    9450    7188
14324    24973    38156    53425    40448    36770    28632    21213    15797    7865    6667    5062    6864    3825    9546    4049    4771    3079
25670    32003    39924    46236    43348    30282    30779    13464    9021    6694    6604    7357    5582    5934    5700    4541    4199    4006
20305    34184    47947    35512    34417    45140    33427    20606    9363    9058    6526    6059    6531    5173    3909    9150    4276    5501
4208    2720    5663    3633    7601    4321    6841    8575    7733    10286    12479    16116    27180    35239    45287    42448    43345    41284
5522    4850    3813    4616    4153    5625    9511    6132    6205    10092    9182    21522    33845    29420    24649    23931    27371    34999
2625    4390    4254    4812    5311    3191    7492    8158    6890    8321    19136    25222    31207    30607    31324    31390    33705    41787
11575    9087    8210    7204    13419    11354    13360    13720    9875    13611    12014    17682    22689    19397    13358    19242    25678    13199
32086    26365    28306    15652    33020    25361    21960    30015    27641    11761    9484    10175    4200    4747    7990    4686    6505    7330
26986    25871    25886    20878    22603    15161    18955    26851    24004    24844    20814    13835    8434    9432    8290    10639    5378    5975
4862    7784    7472    10770    3946    8080    20093    21490    25433    18620    13837    23110    22820    19015    20567    18422    13380    18301
6140    9706    6231    9437    10982    22362    16426    24617    18091    14437    14264    17234    16976    14151    12945    12352    19104    14309
6661    7819    11996    20369    12977    20921    23640    16131    19245    12205    13008    13587    12788    15802    14887    12085    13315    18619
18393    12140    12850    12629    12241    9518    8881    13787    14074    14262    9582    11408    12114    11861    11000    14743    13055    13081
13781    10523    14225    11899    9058    13051    12194    12844    10441    7780    8360    8989    9712    9602    12254    11802    11745    13348
10436    9751    11145    10147    5293    12155    9292    10556    16593    8741    11800    10097    8794    8275    10780    10763    12577    10665
29022    24191    17011    19931    26087    25505    22659    17088    27899    22885    10458    7062    14022    6971    4271    6065    6907    6182
24696    30562    25877    19307    27679    23495    28125    19350    22340    9878    10796    7035    7424    7135    5211    5311    5623    6221
22212    36112    34840    29849    31461    29639    36405    25595    11297    7264    6145    5227    4322    4510    5625    7837    4693    7476
31126    42300    32746    32376    33939    39754    25734    22737    12517    13724    8425    5952    4330    6623    6558    6441    5284    3878
20813    40082    47113    33278    35156    42572    28597    17979    8562    6667    8541    4663    5696    9257    4916    5217    5405    8653
19152    43722    40145    48590    44684    46467    33722    14362    8017    9704    8156    3711    5529    5862    4235    6128    5764    7648
14676    36848    40028    53182    49353    34987    21866    17798    9384    11869    7890    7051    7116    4966    7946    7496    4862    7330
17304    35586    39616    52114    37373    39371    29551    16494    6906    10497    11636    7396    6386    6595    3810    3659    7091    4373
16963    23507    47706    47464    49604    33221    28837    18971    14984    8210    9444    6335    5737    5408    5480    7397    3511    2572
15862    26331    37136    50064    49947    33959    23806    15859    8876    9956    6009    5668    6723    2177    3673    4398    5423    5746
15058    30281    49654    47479    51666    46351    19299    14716    11271    12673    11100    7059    5041    4930    3434    4750    2891    8823
14674    35701    51655    52703    55564    25355    15455    11686    10801    8745    3101    3370    2386    7123    8040    4393    5012    5658
12893    29796    40523    58046    62172    32371    18324    12278    7626    8462    5042    4011    4478    5938    8069    4817    7154    5257
9982    9288    14419    25599    27604    19103    15899    8704    9383    12597    9785    11860    10471    26889    32552    38224    33984    21279
