6002    13137    33792    31709    15428    4814
6963    19811    26133    20805    15193    8563
5426    6606    19949    24703    12659    5699
5610    10888    23940    24968    15737    4444
7185    12124    23660    12106    9676    5892
4204    20081    28667    20055    12882    3291
6902    12832    19069    24010    12968    4247
5803    7548    15755    15288    15123    4902
5315    4082    14290    10949    6923    12446
2644    4146    13418    20820    12413    7112
3066    9304    15187    12510    7009    6916
2131    4035    6627    4414    4497    3996
3211    6471    4572    7644    6971    5374
3481    3544    6063    5054    6253    3969
2076    3872    4570    4373    4567    3879
2421    2866    7890    12401    6585    7261
1837    8896    12961    12232    11181    8468
5661    6392    11083    14484    13609    5925
3848    10096    20246    12298    15077    4627
5202    11689    22931    18460    11808    7469
6606    5994    12081    20217    15088    9793
5098    11239    33158    18116    21351    6041
6852    13290    19906    27610    12197    6561
6441    11737    21853    21594    13061    4775
8035    14140    22926    20800    10784    4101
4043    12573    37952    31234    20344    8053
7698    13465    33523    34407    18677    6995
7786    16072    32197    28378    15102    3956
5323    18675    30481    30383    19973    7016
3712    18317    36082    37781    27257    5707
6292    15064    32010    41009    22407    9059
