14709    20916    17502    21630    18259    11866
16096    18386    13520    13064    16872    19530
13069    19510    14093    9440    7437    11493
17742    13944    10800    13720    11917    17464
12800    9286    8915    12469    12442    14731
16480    20655    11656    15397    14275    10717
11346    14125    13247    13695    12638    14977
9960    7667    10767    11102    15099    9824
7499    12114    7923    10179    6458    9832
10780    11567    9303    11568    9879    7456
11021    8285    7762    9450    8004    9470
3472    5032    2829    5760    5106    3501
5155    5980    3336    5218    7268    7286
5544    5374    4949    4468    3964    4065
2628    4494    3912    5824    3977    2502
7513    8887    4090    6008    6490    6436
8659    14638    9083    7537    8679    6979
12453    14099    7050    7576    7631    8345
17031    10491    11167    9022    10387    8094
12487    21635    13420    9352    8420    12245
11958    9231    9933    15514    11403    11740
14672    9852    20135    14827    20345    15172
10601    17669    11403    14155    16727    15861
10180    18398    14447    11576    12695    12165
13245    18189    15836    12062    9541    11913
21141    19613    21766    14318    18175    19186
20129    19935    25112    12975    18064    18550
10772    19891    21131    16856    15655    19186
12808    14550    18572    26191    17806    21924
18513    21958    21653    20414    23134    23184
15412    17401    20664    27190    24228    20946
