24095    48865    77604    84687    53236    26073
25944    43717    95574    86878    50270    23294
26381    29457    71999    84434    62377    28448
24813    35873    60357    92311    68616    28438
22865    41501    86357    94103    51459    23791
28408    44037    99896    93950    52004    30507
32446    40231    98170    110656    47070    28444
33410    36256    73605    83703    38285    19798
20588    40799    70689    72960    54493    25632
30634    41131    69754    79740    44125    22074
19128    43642    61509    73515    35542    24289
23712    35975    71012    60020    37616    18385
23925    33820    64312    59741    34817    20634
20438    35709    54630    63228    34744    27282
24412    29643    42655    52743    31270    23952
13216    19984    42766    56045    35693    19881
30315    40099    69980    76249    47780    32409
29241    39842    73569    78399    50694    25691
24829    40574    73848    82335    60286    25105
29440    46804    72732    96348    46391    21079
17220    45091    85300    78275    43171    20640
24244    46918    91595    86296    46989    22054
26664    44587    83733    80316    52729    31826
22933    34520    71911    90105    56915    29856
19542    33250    78221    86446    66564    29633
24529    37337    69053    84497    61946    31151
23009    30940    77306    81721    56112    20467
26840    55133    99691    96034    46785    24811
23273    33564    67220    69646    55855    31149
19339    25828    70293    82897    60162    34765
28793    48012    71209    78954    47982    25768
