16521    29352    42207    43240    37266    29653    27736    16174    17819    12832    10469    4875    3964    4569    4764    3485    5243    4391
19503    21377    43176    44869    47937    37670    21565    13538    9965    9472    6712    7650    7291    5220    6243    8770    6815    7904
4702    3712    4983    5204    3577    6530    5081    5314    6849    9714    10046    17278    26582    39609    50238    35674    43745    24258
3851    3811    5316    6941    5419    5869    5583    8673    8835    6401    9392    10602    29661    42459    41194    48095    39783    28523
19658    31349    48623    54780    31613    37826    23022    14746    9943    8316    10431    4652    3467    2782    4941    5480    5016    3431
28509    47018    38667    35503    38645    34502    24904    19737    13730    10583    11632    8715    6933    4422    6290    5907    4754    8351
28510    28702    33140    41991    34343    36608    37375    30731    17422    11475    10194    6997    9577    7590    5215    7035    4938    5174
29325    26364    30198    25896    21540    23978    28431    29886    14224    11186    9567    7874    5679    3663    5926    4308    2618    4394
29912    25499    31912    23183    17940    28540    21188    27525    21802    13108    6474    7556    7699    3746    4310    6751    4132    3884
29382    24124    16175    30630    19359    24809    26914    27724    24963    13019    5108    6466    6925    5484    7236    6658    5419    7063
20076    20079    17865    19036    21114    14482    25357    20032    18250    17644    14302    10038    12994    8589    3659    4839    4996    4273
14584    12983    17455    23300    16856    19213    13189    14374    18521    20346    18973    14853    11137    6470    5538    6021    6686    6221
16954    12726    11917    14186    11570    13219    18088    11627    16675    16663    14316    17880    12677    14844    13434    6788    6492    7193
6606    15662    24303    17381    16471    17619    8967    16899    10425    13934    10038    11477    12462    12830    10902    8147    11719    10189
18273    10709    10980    14381    12146    9322    10807    10635    11858    5538    7440    8636    6720    12314    11210    10831    20259    12616
7812    8248    8170    10013    11630    10456    10716    13806    10253    12993    6961    11099    11706    10639    9113    13219    10097    10654
3953    6092    5773    9434    4449    6370    8390    11805    13978    30989    27549    18695    25552    29406    26201    22095    16687    29414
36440    26561    20844    23587    16946    18294    38729    21472    27699    13840    9874    6953    9379    3732    6443    5208    5694    5741
9938    18443    13403    7550    11082    12978    12655    12761    13735    15008    12515    25063    26042    29855    18009    24257    24544    19139
26960    33172    26862    28343    39254    29288    27433    23009    9485    12462    8048    9396    6994    5687    6757    6299    4733    8612
27797    34034    33597    23157    28929    33929    26202    16977    12407    9153    12534    6174    4007    6115    3036    3064    4591    3994
17565    31153    42756    39148    43550    37326    28495    14699    10024    8822    7121    7875    5250    4437    3617    6647    4291    5320
14468    21244    26263    31517    32273    30315    27239    15700    13250    7903    11926    4047    8660    11055    19425    20432    14697    9441
5365    3345    6513    4767    3749    3138    3659    7406    8100    8108    7063    15562    28397    37780    51515    45165    39514    27094
2779    8098    6693    4161    4959    6945    3328    6784    6153    7216    9624    7899    20398    42159    46038    53287    49069    28066
3037    5021    3819    3684    9207    5965    4774    6181    9197    5906    9799    11122    23560    50132    49458    50777    40161    16713
3661    6583    3195    5072    7979    6433    5714    7604    7699    8872    9867    15353    17559    34524    41361    46599    40384    21096
16999    25604    54380    50532    55890    39243    24803    15195    8923    10881    5400    8925    4397    6616    4596    5819    6435    4656
4671    4057    3559    3851    8131    6594    5590    9387    7374    9714    6083    9726    16170    26317    53584    53056    32696    20147
4585    4669    2759    4429    4114    5712    5698    9108    7783    6827    8815    7619    24282    38249    43200    49678    40578    25179
14452    18089    43404    50921    49975    32664    16622    10835    16531    6837    5342    3173    4448    3248    4819    5197    4196    9965
