12092    9090    17944    20726    34062    14712
10260    11916    17539    34255    25606    17918
10367    12155    15495    30184    27812    14049
10867    10742    18034    30154    21485    16865
13288    15903    23403    29013    27154    13359
11351    10424    21303    32188    24393    15149
8752    9593    17358    22979    27847    15120
11428    9977    16240    34603    20980    9574
11242    12808    14162    21230    27398    14137
10983    9261    14276    21794    21784    16382
11722    13144    16328    26201    22580    16562
11841    12222    22808    21893    21214    14756
11097    8246    18013    33557    28587    14862
12870    10740    17025    23858    32162    16300
8005    11831    21153    17249    25016    11711
10389    12146    20312    26241    19806    15687
9071    11939    14583    24259    21681    15228
9622    12249    13964    18293    14679    11463
8712    11250    19098    20825    21227    13384
8318    12029    22134    26244    28902    12044
9417    10397    16250    26040    18078    15017
9444    11995    13972    23608    20293    15021
8108    10823    17944    27357    22319    12027
6746    12640    14875    24332    27193    17319
5805    8128    17053    28291    23696    18028
8439    10032    16902    21638    26946    13920
