3865    3590    4742    5504    3657    2543    3848    2165    4053    5923    4444    7513    14596    17822    14102    10259
2689    2356    6028    2945    3709    4162    3900    5170    4281    6050    9970    13672    14870    10257    9177    18258
4267    2380    3918    4269    2911    3541    2733    2278    4285    7359    8027    9305    11589    14885    11925    16390
11476    13677    10994    9665    10065    9396    8420    8861    2757    2701    2733    3903    2517    3403    5343    2236
2823    3873    4655    3924    2319    4729    4294    4092    3846    9626    10947    16144    13484    9890    15822    11652
2769    6077    3498    4270    6828    2408    3716    3191    5753    11197    14820    11126    11986    12444    6666    8059
3927    2021    2895    2288    5013    2872    4050    4368    9434    12248    9129    10992    7489    7397    8888    8638
1990    2877    3089    4614    3281    2894    3764    6486    7135    7722    11221    9825    9612    8789    8489    11014
4129    3419    4743    3033    5867    2929    5239    7270    10427    11498    9914    5488    9551    5585    4962    6923
3315    3149    2420    3367    4410    3226    5349    7117    8260    4534    13125    5991    6147    5851    8382    9837
2714    2685    2502    2263    3307    6040    7546    10330    7566    7590    10302    9321    8846    11325    6600    7600
8281    7841    9099    5339    5523    7220    7288    8286    7984    9924    4066    6827    3246    5403    3595    4812
6065    5632    8862    12426    8074    5467    6835    6874    6118    10011    8178    7831    5896    7836    5173    3084
3304    6289    8483    10028    5394    4994    6582    10058    6630    12206    4725    8720    6139    8274    7935    3194
6614    5252    6238    4384    8031    5274    6610    4047    5171    5569    5313    5871    5841    3359    8871    8520
4791    4971    7960    6252    6403    3753    4119    8435    3606    10610    7175    7660    5996    7385    7602    7863
3944    5614    4324    5758    8539    6610    6104    6504    6444    6009    4819    7211    4994    5311    7833    6743
6110    4937    6796    5799    4137    5038    6965    4335    3924    4113    3804    4740    4403    7009    4712    3448
6671    5650    3647    5018    5007    5065    7865    6035    6742    5138    5172    7328    7146    3896    5629    8487
8132    9224    6608    3395    7260    6677    6601    9413    12317    6404    6039    7045    3635    6476    3795    6650
3225    3447    2777    3217    3753    8021    5873    9599    8101    5429    7497    4960    6635    7414    7426    7825
4359    3591    3877    2559    2867    3476    3815    11059    6022    8591    11349    9047    5149    5274    6692    6606
9661    7631    8017    8653    6104    7855    8060    5198    11120    5209    2891    2259    3321    5849    4296    2454
2731    2455    2347    2725    4060    4630    3097    7202    3082    8493    9762    8875    11634    8180    7140    16692
3134    3428    3145    3740    4341    4153    5085    2887    3933    7354    7326    7846    10366    11530    9295    13438
3481    2851    4164    3353    2264    2636    3581    5782    3778    5057    7448    10020    9640    11490    10536    11796
