19319.333333333336    33240.0    72901.66666666669    86592.3333333333    72417.66666666667    34727.66666666667
18921.666666666668    31905.000000000004    75795.00000000001    83152.33333333331    82115.33333333334    44540.66666666667
17606.000000000004    25702.666666666668    66418.00000000001    87641.0    82899.33333333333    42798.66666666667
20488.333333333332    26347.333333333332    51291.0    80508.33333333334    83139.00000000001    45021.333333333336
19983.333333333332    25419.66666666666    57413.00000000001    92628.0    77963.33333333333    37442.66666666667
23437.666666666668    27481.666666666668    69496.33333333331    91304.00000000001    76726.33333333333    40627.666666666686
19915.666666666668    33303.00000000001    63064.33333333333    91652.66666666664    82672.99999999999    41828.66666666667
17234.999999999996    30036.333333333336    68368.00000000001    88729.33333333333    74107.33333333333    38406.666666666664
16553.333333333332    32277.999999999996    65778.33333333334    84902.99999999999    67283.00000000001    37677.00000000001
17356.666666666664    29961.0    58252.333333333336    84351.0    68751.0    29994.000000000004
24614.666666666668    28344.999999999996    57306.0    75392.0    58846.00000000001    35343.99999999999
18305.0    24468.33333333333    49570.666666666664    63230.333333333336    56740.66666666668    39266.66666666666
16227.333333333334    21922.999999999996    43874.66666666667    75119.33333333333    64287.66666666667    42129.333333333336
17323.666666666664    23339.999999999996    47984.00000000001    65106.333333333336    62173.0    36699.0
17313.666666666668    24247.0    49329.66666666667    64737.33333333333    71747.00000000001    35109.99999999999
19051.333333333332    24597.333333333332    40922.0    61496.00000000001    54954.00000000001    38174.333333333336
18108.333333333332    20299.999999999996    36406.333333333336    53596.66666666665    48377.66666666666    26253.0
18603.0    26063.0    50510.666666666664    72520.0    64411.66666666667    38871.00000000001
21112.333333333332    28492.66666666667    56441.33333333333    80291.0    68426.66666666666    34865.666666666664
19239.999999999996    25977.333333333343    70509.66666666667    84147.0    73701.0    36207.99999999999
18478.666666666664    32262.33333333333    69515.00000000001    87794.66666666666    70432.66666666669    42808.666666666664
18419.666666666668    31367.0    61783.0    80819.66666666666    79797.66666666667    38940.666666666664
18172.333333333332    26953.0    59683.00000000001    92919.33333333334    79757.0    47832.99999999999
18215.000000000004    22056.000000000004    51094.0    75349.66666666667    82367.66666666667    47546.66666666667
15500.666666666668    23370.333333333332    55302.33333333333    77625.33333333333    76138.33333333333    45712.66666666667
19842.33333333333    24730.333333333332    52130.666666666664    83527.0    79959.33333333333    49059.66666666667
13728.666666666668    18719.666666666668    52820.666666666664    76847.66666666667    75992.66666666667    53173.33333333333
17448.0    22405.333333333332    53962.0    80084.66666666667    75143.0    48106.33333333333
19017.33333333333    32874.0    65042.99999999999    79890.66666666667    73477.00000000001    39680.66666666667
15949.333333333332    23935.333333333332    53356.99999999999    77980.66666666667    79365.0    45116.666666666664
18403.333333333336    31510.33333333333    72537.66666666667    89314.66666666669    77592.33333333336    41925.333333333336
