18932.333333333332    35041.66666666667    49706.333333333336    55159.66666666667    48855.666666666664    28408.0    14762.333333333332    10588.0    8817.333333333332    7880.666666666665    8214.333333333334    6821.666666666667    5051.666666666667    4533.666666666666    4997.666666666667    3692.6666666666665    4669.0    3066.0
21945.666666666668    35269.0    54081.66666666667    53089.0    43366.0    34181.33333333333    16845.0    11518.0    9617.0    9154.666666666666    7469.333333333333    7212.999999999999    5553.333333333333    5454.333333333333    5018.666666666666    4678.666666666667    6623.333333333333    5352.0
14412.666666666666    25297.666666666668    34050.33333333333    36772.0    34398.33333333333    23179.333333333332    14638.999999999998    8354.333333333334    6863.666666666666    8364.333333333334    8816.333333333334    10913.666666666668    14148.0    17516.0    18354.999999999996    19924.666666666668    15308.333333333334    11752.000000000002
8341.333333333334    13582.0    20259.666666666664    21252.666666666664    15176.000000000002    13270.999999999998    8220.0    7448.0    8710.666666666666    7721.666666666667    8687.0    16980.0    22635.333333333332    27000.666666666668    34455.0    31851.666666666668    22950.333333333332    18252.333333333336
18900.333333333332    29957.333333333332    29982.333333333332    31127.333333333336    35549.666666666664    23932.333333333336    17976.333333333332    11518.666666666666    8795.0    8659.333333333334    7978.0    6471.333333333334    11083.000000000002    13314.999999999998    17680.666666666668    15472.0    13126.000000000002    9325.333333333334
25303.333333333332    39928.33333333333    45702.333333333336    47179.666666666664    42991.666666666664    30759.33333333334    22016.333333333336    13099.666666666664    9971.333333333332    8667.0    8244.0    6123.333333333333    5171.999999999999    4658.666666666666    4339.333333333333    5430.333333333334    3647.333333333333    5839.666666666667
29003.66666666666    43370.333333333336    42113.333333333336    44662.0    37844.0    32165.999999999996    22193.0    18707.333333333336    11675.0    8058.0    7039.333333333333    8153.666666666666    5002.666666666666    5598.666666666667    5434.666666666666    4172.666666666666    3097.3333333333335    4145.666666666667
30570.666666666668    34344.333333333336    40446.333333333336    34393.33333333333    34026.66666666667    33247.66666666667    28634.333333333332    19509.666666666664    12453.333333333334    7435.0    5515.999999999999    6744.999999999999    4741.333333333333    5679.000000000001    6087.333333333333    4426.666666666667    3961.0    4665.0
28052.666666666668    33151.666666666664    31336.666666666668    32977.66666666667    37693.0    30069.333333333332    25841.0    23293.0    12113.333333333334    8738.0    5992.0    6016.333333333333    6376.333333333333    5206.0    4636.0    4488.333333333333    5617.000000000001    2874.3333333333335
24401.333333333336    32414.66666666667    27971.333333333336    29172.333333333332    21647.666666666668    26311.666666666668    25356.666666666668    26500.333333333332    17840.333333333336    13024.666666666666    6946.666666666667    5838.0    6137.0    5569.333333333334    3984.0    6724.333333333334    4704.0    4121.666666666666
23578.333333333332    23985.0    26194.333333333332    25837.666666666664    26442.666666666668    21173.666666666668    14947.0    22504.666666666664    22853.33333333333    21170.0    8883.333333333334    8300.666666666666    7136.333333333333    7086.666666666666    6157.333333333333    3415.0    5570.333333333334    4611.333333333334
7188.666666666667    11524.666666666666    14194.333333333334    17556.666666666668    17615.666666666668    14479.0    12186.0    16291.333333333334    16376.0    20086.666666666668    19043.999999999996    15721.0    12125.333333333334    11954.333333333334    12190.000000000002    10466.333333333332    12705.000000000002    9876.666666666666
4753.666666666666    5151.0    5801.666666666666    7794.666666666667    11877.333333333332    11893.0    20911.0    19694.0    18352.333333333336    18086.666666666664    14688.333333333332    16138.333333333334    12969.0    18442.666666666664    20425.333333333332    18630.0    20868.333333333332    17084.0
5744.333333333333    5108.0    8719.666666666666    12141.0    15124.333333333336    14788.333333333332    15812.666666666666    14040.666666666666    14650.999999999998    13960.000000000002    14289.666666666666    13682.333333333334    13547.0    19295.0    20208.666666666668    21709.666666666668    14883.666666666668    14920.0
12686.333333333332    14946.333333333332    16117.666666666666    14656.000000000002    16531.666666666668    15154.999999999998    13796.0    13981.666666666668    12486.0    12579.666666666668    12021.666666666666    13296.333333333332    16174.333333333334    16814.333333333332    20484.666666666664    15986.666666666666    12939.0    11831.333333333332
18567.333333333332    11647.333333333332    14207.666666666668    14199.333333333334    12726.999999999998    13251.333333333332    9994.666666666666    11839.333333333334    10260.000000000002    11905.666666666668    12620.666666666666    11569.333333333334    11269.666666666666    14631.0    17009.0    18746.333333333332    13566.0    11183.333333333334
9806.0    13298.000000000002    18518.333333333332    14669.0    15069.666666666666    12399.666666666668    9760.666666666668    11570.999999999998    9695.0    10148.0    11050.0    7798.000000000001    10214.666666666666    9857.0    8142.333333333333    9197.666666666666    8925.0    12922.0
22606.999999999996    23839.666666666668    28689.666666666668    26607.666666666668    24661.333333333332    22101.333333333332    18683.333333333336    19112.666666666668    21029.666666666668    15173.0    7274.0    6817.666666666666    5712.666666666667    6406.666666666667    6243.666666666667    5011.666666666667    5542.666666666666    5465.0
28851.333333333336    28648.333333333332    30090.666666666664    29508.666666666664    26353.999999999996    25335.33333333333    25324.666666666668    22132.666666666668    14946.0    10732.0    8771.666666666666    6205.333333333334    8455.666666666666    6199.666666666667    5159.666666666667    5135.0    3210.666666666667    4568.333333333334
25018.0    35438.0    39377.333333333336    39560.0    33430.33333333333    29304.666666666668    28482.666666666664    16485.0    10605.333333333334    9299.000000000002    6963.666666666666    4907.333333333333    4643.666666666667    7819.666666666667    4374.666666666666    5312.333333333334    4957.666666666667    3803.666666666667
27461.666666666668    35747.666666666664    44089.00000000001    42202.666666666664    31732.000000000004    34318.0    27328.333333333336    17117.0    11781.333333333336    7521.000000000001    5260.0    7043.0    6493.666666666667    5247.0    4325.666666666667    4449.666666666666    4581.0    4593.333333333333
25114.666666666668    36002.0    37645.66666666667    42473.666666666664    39750.666666666664    36040.333333333336    23675.333333333336    13482.333333333332    9886.0    7708.0    6989.333333333334    5053.0    5342.666666666666    5356.333333333333    4078.6666666666665    4391.0    3587.333333333333    4550.666666666666
30688.000000000004    41063.99999999999    42385.00000000001    47538.333333333336    35966.0    36238.66666666667    20556.333333333336    8648.0    6362.666666666667    7278.000000000001    7535.666666666666    6503.333333333333    6345.0    5249.0    6227.333333333334    4559.0    5812.666666666667    6360.666666666667
4127.333333333334    4231.0    3118.0    4573.333333333334    3545.0000000000005    6107.333333333334    6191.666666666666    6239.666666666667    5953.333333333333    7295.0    10076.000000000002    12149.666666666668    29448.666666666668    36381.0    46344.333333333336    49504.333333333336    38716.333333333336    22627.0
4672.333333333333    3539.0    3372.333333333333    3775.0    4414.333333333333    5120.666666666666    6234.0    5461.999999999999    6411.333333333333    7968.666666666666    8467.666666666666    14937.0    25536.666666666664    41898.0    45058.33333333333    46367.66666666667    39211.333333333336    21203.333333333332
5533.0    5191.333333333334    4405.666666666667    4670.333333333333    4860.333333333333    6684.666666666666    5814.666666666667    6391.0    7426.666666666667    9054.0    10788.333333333334    14906.333333333334    26785.333333333332    37983.666666666664    50092.00000000001    51469.0    36553.333333333336    20639.666666666668
3402.666666666667    3908.666666666667    4154.0    2842.3333333333335    5258.666666666667    6213.999999999999    4570.666666666667    4161.0    9162.333333333332    6566.666666666668    8387.0    8808.666666666666    25374.666666666668    42185.0    53424.333333333336    45526.0    36887.333333333336    20448.666666666664
3522.6666666666665    4408.666666666667    3828.0    4152.333333333333    4294.0    6069.333333333333    3897.666666666667    5507.333333333334    6933.0    9258.666666666668    10874.666666666666    13169.0    22141.333333333336    43210.333333333336    53653.666666666664    47831.333333333336    33846.66666666667    20550.666666666668
14611.333333333336    33396.333333333336    52542.66666666667    54975.00000000001    50623.0    24087.000000000004    12089.666666666666    8199.666666666666    10040.666666666666    6244.0    6395.0    7027.333333333333    5736.333333333334    5921.333333333333    5411.333333333333    3479.9999999999995    5115.333333333333    4086.6666666666665
6516.0    10006.666666666666    18050.333333333332    20644.333333333332    20366.0    11584.333333333334    7669.333333333333    6822.333333333333    6926.0    7134.333333333333    8654.333333333334    9978.0    20058.333333333336    29141.666666666668    37043.0    37353.99999999999    25099.000000000004    12656.0
16780.333333333336    34800.33333333333    54409.333333333336    59265.333333333336    46685.66666666667    33104.33333333333    16358.0    11088.666666666664    8531.666666666666    7671.0    7615.000000000001    5195.666666666667    4902.333333333334    3800.6666666666665    5060.0    4849.666666666666    4599.666666666667    6566.0
