15637.0    13358.999999999998    22143.666666666668    44720.66666666667    49003.333333333336    33302.0
17007.0    13311.000000000002    26750.33333333333    49887.0    56302.66666666667    34890.33333333333
20477.999999999996    23626.999999999996    38522.99999999999    61062.33333333333    61640.66666666667    33349.0
14280.000000000002    14158.333333333334    23715.666666666664    30597.999999999996    37863.0    26686.666666666664
18929.999999999996    20023.0    32607.666666666668    52095.0    50192.66666666668    25669.333333333332
16396.000000000004    20450.66666666666    34353.33333333333    53466.0    51132.0    27450.333333333332
18718.666666666664    22438.333333333332    36882.666666666664    44972.99999999999    45037.00000000001    25035.666666666664
21572.333333333336    18940.666666666668    29318.666666666664    46833.0    55174.66666666667    30421.0
15401.0    14831.000000000002    24662.0    32840.666666666664    37455.333333333336    22043.666666666664
15724.000000000002    16569.666666666668    24188.999999999996    42615.333333333336    46907.00000000001    29760.333333333336
15437.333333333332    14736.666666666664    24254.0    40922.333333333336    40060.66666666667    26468.333333333336
20926.333333333336    15674.999999999998    26375.333333333332    45246.0    55797.666666666664    29947.666666666668
12879.000000000004    12216.666666666666    21352.0    33599.0    40563.00000000001    22646.000000000004
14658.666666666668    13382.0    23279.666666666664    36768.0    39987.666666666664    22551.666666666664
15766.666666666666    16172.333333333334    22422.666666666668    37529.0    40426.66666666667    19122.333333333332
13803.0    13326.0    16248.999999999998    25776.666666666675    25453.333333333336    18858.666666666668
16677.666666666668    19292.66666666667    29341.666666666668    43945.0    46836.66666666667    29026.000000000004
12703.999999999998    15894.333333333332    20723.000000000004    38464.666666666664    42311.0    36274.0
16972.666666666668    16141.333333333334    23143.333333333332    37396.666666666664    43276.0    29546.999999999996
11283.333333333334    12403.333333333332    19565.0    29852.0    33121.666666666664    19809.000000000004
17347.666666666668    18440.666666666668    28105.333333333332    46676.0    55832.33333333333    33494.0
15171.999999999998    14329.333333333336    19220.666666666664    34949.333333333336    33483.66666666667    26265.0
13158.666666666668    13356.666666666668    20732.333333333332    35104.66666666667    41908.333333333336    25174.666666666668
21831.0    18831.666666666664    37817.99999999999    69556.33333333334    60782.33333333332    35793.00000000001
18077.666666666668    17117.666666666664    33911.99999999999    52058.666666666664    40296.333333333336    29996.333333333332
16212.000000000002    17384.666666666668    24289.333333333332    36261.66666666666    34572.333333333336    16569.666666666668
19257.333333333332    24267.666666666664    33180.0    55420.66666666667    51696.66666666667    32506.666666666668
15750.0    15171.333333333332    27780.333333333336    46547.66666666667    46844.99999999999    33925.0
16754.666666666664    18039.666666666668    27076.333333333332    49329.666666666664    51775.0    31869.666666666668
15057.666666666666    15858.999999999998    27635.666666666657    41076.33333333333    35307.66666666667    21483.0
17439.999999999996    16836.666666666668    26919.0    43104.99999999999    46882.66666666666    25874.0
