2834.3333333333335    4226.0    3099.6666666666665    4145.666666666667    3531.666666666666    4473.666666666666    4559.0    5549.333333333334    5263.333333333333    4009.6666666666665    5231.333333333333    4962.666666666667    10359.333333333334    17175.666666666668    25686.666666666668    29877.666666666664    25116.666666666668    18063.333333333336
3064.333333333333    4453.666666666667    3713.3333333333335    3474.333333333333    3688.0    3360.666666666667    4823.666666666667    4615.0    3898.6666666666665    4662.333333333334    6717.666666666666    6566.0    11143.666666666668    17543.0    27189.666666666668    34330.0    32284.33333333334    22620.0
8169.0    14559.333333333334    26148.333333333332    32763.999999999996    32939.33333333333    29014.333333333332    20806.666666666668    13618.666666666668    9578.999999999998    10146.333333333334    8096.333333333333    5747.666666666667    5046.666666666667    3878.6666666666665    4130.666666666667    5191.0    4474.666666666667    4369.333333333334
8785.666666666668    10043.333333333334    12305.0    17884.0    22835.333333333336    14173.000000000002    9800.333333333334    9043.333333333334    7183.333333333333    5052.666666666668    4469.666666666666    3135.0    4445.0    3390.333333333333    2714.333333333333    3405.333333333333    3742.6666666666665    4893.333333333334
9170.666666666666    12827.000000000002    16972.333333333332    22082.0    26559.0    24605.666666666668    18128.333333333336    11252.666666666666    10284.333333333334    5967.333333333334    6259.333333333333    4927.333333333333    5287.666666666666    4215.666666666667    5746.333333333333    4831.666666666667    4927.333333333334    5472.999999999999
8478.333333333334    16039.666666666666    24533.666666666668    26552.0    27120.0    23407.000000000004    15233.0    12121.666666666668    8309.0    8292.0    5112.333333333333    5417.666666666666    5297.0    2945.3333333333335    2587.9999999999995    3264.333333333334    3542.666666666667    4994.666666666667
9794.666666666666    16653.333333333332    18143.0    26696.000000000004    20169.666666666668    22730.666666666668    15668.666666666666    11603.333333333334    10556.666666666668    6510.666666666666    4722.333333333333    5519.0    4618.666666666666    2664.6666666666665    4565.333333333333    3265.6666666666665    3924.666666666666    5278.333333333333
13387.0    16654.333333333332    20838.000000000004    20111.333333333332    17274.333333333336    18210.333333333336    21265.666666666668    17476.666666666668    10669.333333333334    6801.333333333333    6211.999999999999    7406.333333333333    4703.333333333334    3438.6666666666665    4646.333333333333    4183.666666666667    3509.3333333333335    5472.333333333334
9903.333333333332    10942.333333333334    13627.666666666666    12498.0    14607.333333333334    13149.333333333334    11549.0    11313.666666666668    10436.666666666666    5775.0    5832.000000000001    5214.333333333333    4937.333333333334    3660.333333333334    2852.3333333333335    3379.0000000000005    3531.9999999999995    4024.0000000000005
3019.666666666667    3414.3333333333335    3874.9999999999995    4815.0    4358.333333333334    3226.3333333333335    4265.333333333333    6051.0    6624.0    7417.333333333333    10152.0    17450.333333333332    14878.666666666666    17175.333333333332    18319.666666666668    17108.666666666668    17715.333333333332    15898.999999999998
4430.0    3482.666666666667    4207.0    4212.333333333333    2675.0    4552.0    4207.999999999999    5138.0    7516.000000000001    9467.0    10987.666666666666    15088.666666666668    11737.666666666666    13258.333333333334    15989.0    16935.0    16964.333333333332    11030.666666666668
4705.666666666667    2827.6666666666665    3628.0    3892.6666666666665    3503.3333333333335    3700.0000000000005    7005.333333333333    9934.333333333334    9961.666666666666    13804.0    12826.666666666666    12811.666666666668    12219.0    18568.333333333332    17836.0    22419.0    17940.666666666668    16383.999999999998
3958.333333333333    4037.333333333333    3340.0    3247.0    5457.333333333333    4753.333333333334    7062.333333333333    8596.666666666668    8155.666666666667    6011.666666666667    5944.333333333333    9650.000000000002    7062.999999999999    11425.333333333334    15605.000000000002    16357.0    12606.333333333334    9985.0
5849.333333333334    4502.333333333333    7261.666666666667    5764.333333333333    6729.666666666667    6519.333333333333    6448.000000000001    7177.333333333333    5948.333333333333    6842.666666666666    7522.666666666667    10261.666666666666    9704.333333333334    10653.000000000002    13444.999999999998    12524.666666666666    13777.0    9696.333333333334
4957.0    7417.333333333334    8804.666666666666    10554.666666666666    9763.333333333332    7599.666666666667    7880.666666666667    9297.333333333334    8618.666666666668    7896.0    7078.333333333333    7946.666666666667    6998.0    6643.0    9092.666666666666    11330.666666666666    9949.666666666668    9611.333333333334
6119.333333333332    6998.0    4385.666666666667    5638.666666666667    5614.666666666667    5815.333333333333    6012.666666666668    6970.666666666667    4932.333333333333    4745.666666666667    5709.0    6910.666666666666    5589.333333333333    5419.666666666667    9771.0    7096.666666666667    7986.333333333334    7750.999999999999
9075.0    8484.0    12398.666666666666    18955.333333333332    16932.666666666668    14233.666666666664    11210.333333333334    9446.0    10643.0    10036.333333333334    9588.666666666666    8960.666666666668    6852.666666666668    8937.0    6260.0    8650.333333333332    5252.666666666667    9202.666666666668
4450.333333333333    4599.666666666667    4889.0    3823.333333333333    3268.0000000000005    5878.333333333333    5444.666666666666    3547.6666666666665    5296.0    7539.333333333334    12446.999999999998    10459.666666666666    11755.666666666666    14007.0    16885.333333333332    19484.333333333336    16859.333333333336    15736.333333333334
2214.6666666666665    3108.9999999999995    2901.3333333333335    3897.6666666666665    5173.0    4356.0    5446.0    6004.666666666666    6459.333333333333    8664.333333333334    8031.333333333334    13498.666666666668    14231.333333333332    16980.333333333332    15646.333333333332    15276.333333333334    15829.333333333334    18757.333333333332
3241.0    2562.6666666666665    2825.6666666666665    2653.0    3906.0000000000005    3756.3333333333335    4709.0    4813.333333333334    4523.0    4829.333333333333    4069.6666666666665    7275.333333333333    10528.333333333334    11670.666666666666    14563.333333333332    12862.666666666666    13457.0    13787.999999999998
5853.0    5129.333333333334    6888.999999999999    8867.0    7947.666666666666    6557.333333333334    6249.0    6909.333333333333    6792.666666666667    5939.999999999999    5662.0    9957.333333333334    15579.333333333332    21267.333333333332    18109.0    21769.333333333336    19501.333333333336    20916.0
4757.0    3437.666666666667    3418.3333333333335    3896.333333333333    3327.3333333333335    3266.3333333333335    4365.666666666667    5226.999999999999    4261.666666666666    5410.0    4369.0    4678.0    11575.333333333334    16065.666666666666    15753.333333333334    18182.0    16876.333333333332    14553.0
3127.3333333333335    3549.6666666666665    3383.0    2909.333333333333    2634.333333333333    3409.6666666666665    4388.0    4312.666666666666    3550.3333333333335    5928.666666666666    4696.333333333333    5217.0    10686.333333333334    14725.666666666666    19532.0    24630.666666666668    18524.666666666668    14229.666666666666
11718.666666666666    21393.999999999996    29823.0    31631.666666666664    28007.0    27659.0    17737.666666666664    13984.333333333334    9995.333333333332    9810.666666666666    8655.666666666668    6766.333333333334    5524.666666666667    4970.666666666666    3752.333333333333    4491.333333333334    4173.0    4517.0
8256.0    15678.666666666666    21152.0    26668.000000000004    30749.333333333336    19876.0    11043.0    10290.0    7463.333333333332    7777.666666666668    4566.666666666666    4310.0    3601.6666666666665    5159.333333333334    3678.3333333333335    3993.666666666667    3605.0    3590.0
5974.333333333334    7598.000000000001    14904.666666666666    21585.0    21333.666666666668    14894.0    10599.000000000002    6561.333333333334    5719.333333333333    5777.333333333333    4788.666666666666    3143.6666666666665    4033.0    3898.0000000000005    3382.666666666667    3403.0    3287.0    4407.0
7433.999999999999    9822.666666666666    17905.333333333332    29589.333333333336    29303.666666666668    18460.0    9979.666666666668    11305.333333333334    8084.000000000001    7013.333333333333    5416.666666666666    5535.333333333334    6235.0    6892.0    12270.0    11069.333333333334    10122.333333333334    9891.0
4769.666666666667    3469.9999999999995    4208.0    3385.9999999999995    3997.333333333333    3467.3333333333335    4187.333333333333    4508.0    5218.666666666667    5625.0    6845.333333333334    5544.0    7825.666666666666    16842.666666666668    31107.333333333336    34840.99999999999    25343.333333333336    14832.666666666666
6083.666666666667    8642.666666666666    9969.333333333334    15291.0    10352.666666666666    12181.666666666668    7418.333333333333    7809.333333333333    3922.0    4937.333333333333    5794.666666666667    4896.666666666667    9477.0    12283.666666666666    21707.999999999996    24232.999999999996    19208.0    10635.999999999998
6121.666666666666    8831.333333333332    13618.666666666666    23864.000000000004    22446.0    16395.333333333332    11673.666666666668    10041.333333333334    6937.000000000001    5686.666666666667    4410.666666666667    3528.6666666666665    2862.0000000000005    3712.3333333333335    3172.0    3980.3333333333335    3457.333333333333    5680.333333333333
6624.666666666667    9441.666666666668    16303.333333333334    29399.333333333336    28234.333333333332    20765.333333333336    12689.666666666666    9490.666666666668    7316.666666666667    6027.666666666667    3562.0    3902.3333333333335    3775.3333333333335    3484.0    4293.666666666666    3196.6666666666665    3964.3333333333335    4585.666666666667
