22130    27180    60800    80095    56433    29125
21053    25939    42469    60117    42882    23104
14902    26501    34773    64970    38207    22662
19573    25487    47873    70227    31941    22691
15984    24115    40616    52582    42191    18581
12165    26406    50977    52030    54826    27915
16905    17902    42833    55275    44730    22868
12958    21992    37726    46601    40974    23129
13429    16372    22993    35221    26993    14742
16626    24007    42609    40356    41042    20509
17446    26641    38135    44021    35625    26095
14727    16576    35675    47022    40541    24092
13738    19818    41570    52390    40592    23207
18738    23113    45378    57999    48832    25596
13881    23284    50834    68102    49189    20040
15700    21850    48870    69497    64121    29307
24506    21702    41459    54031    39839    22955
16792    23392    40102    50253    38810    24999
10905    19107    35588    45391    44795    17936
14556    23052    33143    56187    48661    23344
17238    27070    39664    51466    55173    26885
