29627    23588    35383    28782    30581    19035    18767    24585    16436    13103    7251    7839    5725    4469    4350    6242
19479    16491    24203    11273    12659    18546    19963    19213    17977    15452    11506    7226    7983    3328    5140    5125
17341    17146    14062    13893    13300    9450    14525    14459    15505    19206    16875    12222    7230    5419    7476    3906
13158    10995    12857    21502    12830    16646    15790    15424    16750    17205    18560    17418    11001    8467    4732    4457
3650    4177    7001    8426    10601    15856    16256    20866    15895    20097    10915    15547    10101    13049    13294    8338
4592    8324    7013    15690    21126    20152    20455    18069    17732    15367    13639    11452    13194    12958    10536    14020
9595    10393    18826    22423    15227    12389    19141    12635    15820    9009    11998    9762    7815    8490    9092    7898
18979    12962    17219    12574    8205    14408    9558    11053    7064    12447    9595    9715    9527    12241    9839    7994
7425    9897    8361    9405    11333    6172    7360    8681    8750    3738    8090    7140    7632    9158    8182    8426
12716    10410    12453    10203    12047    10623    11918    13955    16128    12326    16223    11157    8184    9197    11062    6547
7723    8697    7703    10419    9294    9161    8671    12154    11143    16028    15877    15232    13187    9780    18066    14828
6117    6962    7655    8846    6299    8342    13059    15293    10568    11201    13451    9547    16180    14297    16618    14198
7253    6941    6136    10008    5620    8532    12948    16020    17891    16667    13560    13285    13951    11263    12217    19023
12639    18288    18689    15993    16456    14052    23372    11152    16521    24443    13310    12822    5871    4623    6155    5270
19614    20572    17267    16927    16754    19701    21121    17037    20347    12876    10024    10417    5068    8646    4941    4018
17954    17962    13029    15842    15189    19489    19184    16297    18956    16189    13241    16319    15460    10549    8753    14932
3837    3742    4610    4728    4928    6163    9422    7904    5548    13545    21342    22912    23274    26171    27254    19112
2831    6052    3582    3571    4716    3896    5756    7702    3678    15305    16977    23320    23826    26614    22368    24154
3111    3342    4932    4641    2932    5553    6034    7010    8428    5949    14938    23257    24303    27081    18447    13764
4486    6091    2901    3414    6568    3564    6714    4795    9961    10779    16302    16701    28274    31065    24430    22898
4140    5104    5002    9160    4604    4959    5869    4641    9947    8278    8385    21574    30423    29740    33285    32385
