22875    42848    103634    95072    49358    30320
31590    37747    86578    90961    47391    27385
28211    53266    77775    73403    68546    24359
24659    47648    95601    93320    61276    29045
28259    27297    80244    98190    75465    26297
18917    34061    72709    89780    67747    34252
20146    36196    67854    93141    70708    30307
23723    32529    66071    89835    71321    31553
27587    35270    59026    76974    63113    35002
22157    29506    63996    70205    55398    29125
26293    41831    64412    75787    71944    27509
23506    36250    69040    98938    56283    37473
19680    31065    57368    89460    59497    30024
20643    33899    68876    90578    56715    17750
19959    28892    52964    89339    61246    37350
24046    38454    78573    77183    79766    48813
27117    48707    87114    91311    59102    24897
20428    38734    81271    103697    70660    29848
33169    32046    63035    100433    68585    33086
17422    26528    73379    92683    71476    29032
33229    44198    68981    74934    67041    28683
31019    32846    80543    95455    68804    32323
24761    32857    70934    94871    82475    26795
26558    34075    70479    85065    79643    34120
31355    28117    74359    81241    79592    46530
26554    45609    77166    91948    79028    33359
20322    32433    81564    78872    75211    37318
24751    53324    92921    88887    70466    27722
26658    48693    74776    100930    59398    28452
38572    48402    85051    96454    65810    25458
24374    41945    74701    80212    59515    33322
