17236    21231    41920    47784    46602    43605    30651    23850    16299    10477    7648    4128    4810    5241    6861    4282    7079    4403
11410    25154    36706    47984    43744    31191    31503    14366    15692    14146    8302    7208    4688    7887    4001    5826    6678    5166
13610    15880    31529    60804    65207    34376    16383    12685    21755    10471    7045    5065    4513    5292    5815    6780    4353    3997
13391    19434    31321    53719    51929    58440    29073    19254    15383    14852    9609    7918    5606    3463    6280    3694    2841    5342
3564    4489    4584    3211    4325    4860    6689    5891    12476    6764    9287    15449    20248    34179    47373    54357    56431    41575
3212    4839    5766    5747    6462    4295    6532    5430    6096    9079    5154    17330    20331    33874    35971    56585    49722    41041
2709    2314    3662    4531    9147    4018    7376    6321    6560    11990    7647    16723    33234    42361    44980    37019    37343    40417
7332    3929    4157    5356    3114    7279    6006    10232    7699    8396    13767    19756    37411    48371    33436    30394    31311    37086
5128    3869    10083    4144    5081    4035    3043    8623    8702    14867    16759    26963    26521    31024    34400    32113    27934    33683
3535    5022    6186    3598    3923    9689    7984    9161    7345    17576    30171    28572    27350    28262    21139    17153    18044    25677
5699    4970    5562    7739    3942    3902    4520    7500    6270    7005    9816    18944    12363    21957    52578    63179    48761    23069
5053    4843    6358    8784    5205    5715    14626    13892    21019    24783    15889    27087    15610    18102    34187    39381    44115    16841
6744    8452    4128    6133    13245    23284    18218    25061    17375    20536    15262    25154    12363    20967    17182    17610    16899    18481
10887    8182    11725    17684    16917    20276    19536    23902    18420    20257    14135    10144    13130    9962    15699    22438    20673    14494
4823    8589    9931    7719    10437    8423    11246    7895    12236    9965    10852    10003    12726    22361    36767    57754    33086    14937
2345    3291    4527    6061    6784    6755    10315    9511    10278    4898    15030    14900    15849    24206    54151    66541    60723    30670
9297    6704    18830    48671    35260    36201    13397    15002    24923    14738    13451    20066    12800    15355    13757    16307    9904    13585
4660    2634    8003    3676    8369    8167    21853    19111    19176    31061    43084    31200    27495    22856    26395    23163    22349    21386
3013    6491    6471    4562    5149    5050    9083    4637    7279    8618    10299    20980    28080    28265    40980    57183    44547    39667
3840    3630    5766    6673    5242    4720    5538    7105    9375    7195    12150    21134    24367    43521    38558    30753    36976    43977
16078    16034    30738    56424    68800    27924    19997    15539    16968    10206    5774    6647    3929    4481    3179    3149    5140    6059
4035    2727    5779    4305    2418    7354    7832    13411    6900    8181    10710    15862    20068    34281    54619    54891    53083    34534
4782    11254    4459    4670    7451    3123    5716    9412    6264    5657    8714    12302    27880    37712    50128    47416    49262    36491
4199    6411    3066    3770    5937    4509    3606    4078    6888    7831    15657    12708    17198    45796    54507    61113    35767    36899
8181    4845    3841    6027    10964    5704    3328    5555    7274    9938    6863    12372    14937    29625    48615    65225    54628    43272
3478    4984    3687    5445    5177    5727    6226    9372    3758    11834    14214    7420    22352    41112    54305    60870    53606    40097
4171    5503    4716    7972    4254    5245    6102    5806    5757    7794    11251    11220    16968    27544    58572    52951    57934    31960
14382    20595    35590    59930    56149    48310    25849    20607    15373    8932    8302    8789    4235    5358    8702    6974    5833    4161
6520    19265    36660    53663    61118    47516    32543    12356    14206    12290    4976    5227    4934    5649    7563    4498    3710    6213
16344    21219    47988    60424    59924    42334    23696    15172    15142    8525    7444    4664    6783    5792    3689    5497    4924    10186
7635    19601    41755    55643    58457    24592    24497    13813    12404    9722    8633    6751    4267    8704    3764    3998    4643    5190
