15210.333333333334    27156.666666666668    54117.99999999999    72979.00000000001    84505.99999999999    48807.333333333336
15568.0    25355.0    60693.666666666664    73813.66666666667    74749.66666666666    48756.66666666667
16886.0    24003.666666666664    53350.66666666667    77384.66666666667    77658.66666666666    46152.666666666664
16946.0    27255.666666666664    62418.333333333336    79868.33333333333    72899.0    42355.66666666667
22268.666666666668    32594.0    74610.66666666666    85741.33333333334    72822.66666666667    34952.99999999999
16991.000000000004    22301.999999999996    48109.66666666667    78533.33333333334    72286.0    42754.33333333333
17859.000000000004    28923.33333333333    65940.33333333331    78401.66666666664    72926.99999999999    40275.99999999999
19093.999999999996    28372.999999999996    66919.0    81050.33333333334    73023.33333333333    37311.99999999999
16700.0    29423.333333333332    63481.66666666666    81584.33333333334    70877.66666666667    36914.333333333336
15496.000000000002    29162.999999999993    61163.666666666664    75693.0    73521.33333333333    36142.666666666664
19383.666666666668    32457.666666666664    68043.99999999999    79414.0    67672.0    35947.0
19182.0    28516.0    56644.33333333334    80328.66666666666    72611.0    46814.666666666664
16815.333333333332    27418.333333333332    57839.0    78466.33333333333    78931.0    46908.33333333334
18014.0    34248.333333333336    67405.33333333334    77501.00000000001    74002.66666666669    39226.99999999999
22987.000000000004    35610.99999999999    63929.333333333336    76480.33333333334    67214.0    35851.66666666667
17911.666666666668    34199.666666666664    65524.999999999985    79774.0    65046.99999999999    34788.99999999999
18699.333333333336    31238.999999999996    64191.99999999999    73075.66666666666    70996.99999999997    37871.33333333333
18870.333333333332    36173.33333333333    70598.6666666667    72423.00000000001    70394.0    33502.66666666667
21465.0    32214.33333333333    68697.33333333334    82474.66666666667    69674.66666666667    30117.33333333333
16487.666666666668    32462.666666666668    71895.66666666667    73000.0    75756.66666666664    38350.0
18265.000000000004    29357.000000000004    60678.66666666667    77898.99999999999    72716.66666666667    39625.66666666667
15971.0    27515.000000000004    62219.333333333336    74499.99999999999    65076.666666666664    42566.0
18784.666666666668    24500.333333333332    53336.0    77752.0    69726.0    47180.0
16145.66666666667    22454.666666666668    63706.00000000001    79244.0    74348.66666666667    44139.666666666664
16461.0    31271.333333333332    64255.33333333334    81052.66666666666    72486.33333333331    33932.666666666664
17033.0    22110.666666666664    57247.0    79886.66666666667    70130.33333333334    50808.333333333336
15300.666666666664    26678.666666666664    63309.666666666664    80956.00000000001    76123.66666666667    45483.666666666664
13620.333333333336    24963.0    57324.66666666667    76606.66666666667    70006.33333333334    43244.666666666664
14757.333333333332    24090.333333333336    54216.0    70942.0    70373.99999999999    48297.0
16920.333333333336    23760.666666666664    55087.66666666667    72754.66666666666    73260.33333333331    44107.666666666664
14672.333333333332    23869.333333333336    52391.66666666667    72767.0    72696.33333333334    44664.666666666664
