4218.333333333333    4449.0    4838.0    4674.666666666666    4968.0    5061.000000000001    4973.333333333333    5463.0    6749.0    9486.333333333334    11540.0    10185.0    23413.333333333332    51168.99999999999    57954.666666666664    49622.33333333333    31307.333333333336    12705.0
3499.6666666666665    3883.6666666666665    4813.0    4335.333333333333    3365.6666666666665    6673.666666666666    5434.0    4059.9999999999995    5609.666666666666    8733.0    8395.0    8561.666666666666    18191.333333333332    47815.333333333336    63801.0    58981.666666666664    28230.0    14553.0
4077.666666666667    4735.666666666667    2979.333333333333    2931.0    4166.666666666667    4169.333333333334    5152.666666666667    7353.666666666667    6048.333333333333    12890.333333333332    12164.0    6354.333333333333    19926.333333333332    43933.666666666664    61513.66666666666    52836.333333333336    30948.666666666668    13254.666666666666
3481.0000000000005    4139.666666666667    4988.333333333333    3778.6666666666665    4034.666666666667    6954.333333333333    6067.333333333333    4538.333333333334    7559.666666666666    10438.333333333336    8045.333333333333    9221.333333333334    17653.666666666664    46849.666666666664    64184.66666666667    55717.33333333333    30148.0    13942.666666666666
11857.666666666666    34402.0    57280.00000000001    61950.66666666666    51704.666666666664    24575.333333333332    9814.333333333334    7728.666666666667    9094.666666666668    8149.333333333333    8311.333333333332    4852.333333333334    5624.666666666667    5722.666666666667    5387.999999999999    4578.666666666667    5942.666666666667    6012.666666666666
4360.333333333334    4304.333333333333    5383.333333333333    3116.6666666666665    3494.0    7393.0    7302.333333333333    8000.999999999999    6091.000000000001    11995.333333333334    10015.0    8687.0    19323.666666666664    39535.99999999999    51027.666666666664    49208.666666666664    30075.333333333332    11661.666666666666
7189.333333333334    17847.333333333332    33506.99999999999    34322.666666666664    23481.000000000004    12896.0    6000.0    7445.999999999999    6479.333333333333    8341.0    6306.666666666667    9920.666666666668    11263.666666666668    26084.666666666668    30439.0    35399.33333333333    18583.333333333332    8820.333333333334
10047.333333333334    31479.999999999996    57452.33333333333    60136.0    43478.666666666664    25969.666666666664    12106.0    11518.666666666666    9313.333333333332    6842.666666666666    6094.333333333334    4812.0    3916.3333333333335    3920.333333333333    4902.0    4540.0    4728.666666666666    4513.333333333334
9953.0    37117.0    56746.333333333336    57127.0    41888.0    21783.666666666668    10794.0    6470.666666666667    11055.666666666668    7541.0    6873.333333333333    5728.333333333334    5612.0    2743.0    4337.0    4107.0    4259.333333333334    4845.0
7515.666666666666    19775.666666666664    37979.33333333333    40104.66666666667    28993.333333333332    20267.666666666668    9208.333333333334    6823.0    8303.0    7011.666666666667    7435.666666666667    5991.666666666667    9956.333333333332    17461.0    22507.0    22867.666666666668    13008.0    5970.000000000001
11416.999999999998    33450.0    57021.333333333336    62690.666666666664    41228.666666666664    20846.0    8888.0    9907.333333333334    7433.0    9239.666666666668    9269.666666666668    6667.666666666666    4393.666666666667    4042.666666666667    4152.666666666667    4492.0    3651.3333333333335    4127.0
7610.333333333334    13015.000000000002    21572.0    23484.999999999996    22587.000000000004    8731.000000000002    7220.333333333333    6516.0    7545.333333333333    8993.0    9585.0    7805.000000000001    13510.333333333334    32471.666666666664    42917.333333333336    41118.333333333336    21410.333333333336    8003.666666666667
4663.666666666666    3493.3333333333335    4115.666666666666    3990.6666666666665    3948.3333333333335    7486.666666666667    6372.999999999999    5547.666666666667    5488.666666666667    10083.666666666666    8898.333333333334    10779.0    19138.333333333332    47880.33333333333    63835.00000000001    57056.66666666667    32310.333333333332    11289.0
11670.666666666668    24991.333333333332    57106.333333333336    65243.0    50821.0    21215.333333333332    9601.666666666666    7493.666666666667    9897.333333333334    8398.666666666668    8539.666666666668    6473.000000000001    5835.666666666666    4468.666666666667    5720.0    3939.3333333333335    4913.666666666666    4069.3333333333335
10700.0    26912.666666666668    54974.66666666667    65277.666666666664    47307.666666666664    20558.666666666664    10481.0    6478.333333333333    9768.333333333334    8288.0    5871.666666666667    5345.333333333334    5926.000000000001    6152.333333333333    5381.333333333333    3690.3333333333335    4807.666666666667    4151.666666666667
8863.666666666666    26995.333333333336    56194.666666666664    62724.666666666664    43295.666666666664    21829.333333333332    10451.999999999998    7223.666666666666    9517.666666666668    7703.666666666666    9416.333333333334    6012.666666666667    5485.333333333333    3598.333333333333    4539.0    4120.666666666666    4151.0    5122.666666666667
10165.666666666666    32721.000000000004    54246.66666666667    61185.666666666664    46710.333333333336    19699.0    7440.333333333334    9100.0    8708.333333333334    7042.666666666667    6952.666666666667    7081.666666666666    5658.666666666667    3592.3333333333335    4434.0    4564.333333333333    3551.6666666666665    3219.3333333333335
12899.000000000002    33577.99999999999    61580.0    59764.66666666667    38363.666666666664    21121.333333333332    8677.666666666668    7967.666666666667    8697.666666666666    8415.0    6926.000000000001    5768.333333333333    5799.000000000001    4517.666666666667    4226.333333333334    3709.333333333333    6492.333333333333    3458.3333333333335
9725.0    31711.666666666668    53337.33333333333    61318.666666666664    51586.66666666667    24233.333333333332    9837.666666666666    8972.666666666668    8887.333333333334    8801.333333333334    8556.0    5318.0    4334.333333333334    3033.3333333333335    3602.666666666667    3756.9999999999995    3404.333333333333    4226.0
12539.666666666668    31290.999999999996    61808.33333333332    62562.333333333336    46929.0    23266.0    9764.0    7630.666666666667    7091.333333333334    5871.666666666667    6799.333333333333    6695.0    4237.333333333334    4049.0    4042.9999999999995    4168.666666666667    4990.0    4216.333333333334
10235.666666666666    21105.333333333336    41983.00000000001    40194.333333333336    37334.0    11941.333333333334    7236.666666666667    6147.333333333333    8778.333333333332    8800.0    7117.0    6126.0    11496.333333333334    18418.0    21076.0    19203.0    15323.999999999998    6025.666666666667
3152.0000000000005    4192.0    3615.6666666666665    4118.0    5506.666666666666    6070.000000000001    4504.333333333333    5461.666666666666    7011.000000000001    9360.0    10411.666666666668    7769.666666666667    14014.333333333334    42088.33333333333    62693.99999999999    53841.0    30666.0    13371.666666666666
4551.0    3695.666666666667    5615.0    3534.333333333333    5018.0    5794.333333333334    6093.666666666666    4014.333333333333    4726.000000000001    9227.0    9852.0    8014.333333333333    20377.666666666668    45459.666666666664    57578.666666666664    56894.00000000001    30535.66666666667    10297.666666666668
5352.0    11490.333333333334    21488.333333333336    21538.0    21217.333333333336    11681.666666666666    7566.666666666667    4988.0    6054.666666666667    10853.0    10201.666666666666    9488.333333333332    13613.0    32814.333333333336    41956.666666666664    38684.0    21230.666666666668    9820.0
8635.666666666668    28416.0    54165.00000000001    62351.333333333336    45644.666666666664    22230.0    8366.0    7782.666666666667    8881.333333333334    7853.000000000001    8229.0    6646.0    5934.333333333333    5318.333333333333    5046.666666666666    4289.333333333333    5373.333333333333    4296.666666666666
4596.333333333333    4367.333333333334    5782.0    3948.666666666667    4856.0    5239.000000000001    5522.666666666666    5095.0    6600.000000000001    8435.0    12879.333333333334    9407.333333333332    18257.666666666664    44329.666666666664    59324.0    56484.666666666664    29333.666666666664    12757.666666666666
3689.666666666666    4344.666666666666    3723.0    4438.666666666666    4840.333333333333    5872.333333333334    5750.0    4349.666666666667    6982.333333333334    11950.333333333334    11063.666666666666    9975.0    20159.666666666668    48225.0    59016.333333333336    54850.666666666664    33466.66666666667    15154.333333333332
5167.0    5057.333333333333    4677.000000000001    5071.333333333334    5815.666666666667    4671.0    5354.333333333334    3453.333333333333    6629.0    10135.666666666666    9728.666666666668    6516.0    20101.0    45823.0    55714.333333333336    50779.00000000001    31594.333333333332    9477.666666666666
3528.666666666667    4340.333333333333    3273.0    5488.0    4337.666666666667    5318.666666666666    5564.333333333333    4236.666666666666    5513.666666666667    10204.333333333332    11564.999999999998    7190.333333333334    17382.666666666668    39383.333333333336    57648.33333333333    53795.666666666664    31368.333333333332    12537.666666666668
3860.9999999999995    4336.0    4367.333333333333    3934.333333333333    3223.0    4700.0    5203.333333333334    5829.666666666666    5928.333333333333    10164.333333333334    9531.333333333334    6950.333333333333    18947.333333333336    44837.666666666664    57067.33333333333    55110.33333333333    29813.666666666668    12086.0
4108.0    3779.0    4312.0    4118.333333333333    4241.666666666666    5462.0    4538.666666666666    5038.333333333333    6208.0    8159.333333333333    9702.666666666666    7350.666666666666    17876.0    46880.666666666664    57450.666666666664    53787.666666666664    27056.000000000004    10991.666666666666
