47775    103613    148437    145234    100995    48149
37447    86417    156516    182008    112004    49033
40960    105982    169625    160642    114048    48759
44549    103048    169319    184236    117232    61236
51143    102675    171879    179349    108016    68667
48161    111991    197046    186139    104334    55624
62418    100552    165544    197602    123605    56725
50539    120737    190383    178986    119669    57009
44239    65993    114467    117443    82083    47092
55586    92888    201075    196880    122712    64752
55985    87976    174413    176566    127287    50497
41971    102910    181626    177059    101751    46780
52101    81696    146153    174050    112166    60775
40831    98623    157735    157715    117811    63489
41605    92667    163898    179899    98686    55914
50338    91347    175168    183049    104878    59584
48332    99458    172075    167753    111162    51767
39657    98289    125363    184347    113067    60047
45612    99996    163205    184661    107041    55593
33909    91562    153449    191943    99910    48545
46122    105132    155119    171126    123639    54605
