4324    4660    5471    4798    3889    10100    8260    10517    10956    9454    17250    26914    46766    54651    45244    19091    12159    8799    6064    17766    9986    11256    20712    31813    47674    41728    21722    18013    11946    9258    8485    8906    3701    8986    6550    6334
9540    4190    7841    5271    8434    7824    9428    9856    9065    15851    25345    26088    39998    30537    36178    25153    20283    18259    8747    16355    19384    18323    25774    33468    34257    30651    32227    29079    20462    11555    4379    4883    7798    4059    7434    5449
5038    8313    4564    6326    5471    6358    6068    9063    9473    21613    26594    30638    28415    42830    25760    33102    24525    18059    12465    10011    20541    25552    30187    27700    33882    36351    29353    24880    25129    8952    6966    6633    9157    6688    5125    8234
8145    5984    6141    5434    4947    6782    8837    12458    19111    31098    30510    33066    31458    24619    25830    36658    25057    22151    17140    19477    18968    25689    38178    23995    30205    26211    35290    26984    21588    20508    5331    7573    5947    5062    7986    5202
5074    5225    9135    6048    9374    6805    12829    14979    23065    30901    29183    23076    25059    21266    25125    25225    30507    18784    23080    26354    29437    27403    29854    25864    22476    28478    21147    26131    25003    25852    16110    6351    5747    7871    5355    7556
4531    5640    12203    7738    8253    10782    15473    24126    24340    24370    17515    19038    20558    26801    19292    23403    25694    20976    47944    39605    40220    29601    21972    16809    24902    18845    18590    24185    21796    25601    17070    15555    10141    9145    5457    5124
10060    8753    5773    6742    13715    19314    21134    17192    21189    21691    13009    19309    18656    23346    17654    22060    38033    39443    30688    40778    22749    28003    23236    23593    22841    13370    15783    18109    22000    17894    25138    22595    12474    14119    8978    7025
14183    23819    14111    18100    19863    17043    18534    16633    16280    18750    17869    29281    21803    27570    22669    22394    28346    20117    20188    23427    24686    18503    27174    19149    28483    18181    25787    15789    18942    12802    13785    11995    16628    20520    14745    19174
8851    14837    14176    8842    11833    7590    14834    19229    8911    16125    13657    13561    14173    12547    13232    12077    9614    13367    18118    11329    17687    14970    16390    12215    11953    13299    11634    17700    12521    17508    9170    15585    15614    12706    9396    6066
2878    5590    10995    15311    20630    20114    16729    20856    26629    15952    13634    18364    15397    17529    22043    27126    34337    39775    33762    32012    29232    35546    36312    27060    18845    12845    10633    19010    12076    21566    16022    15035    19493    16601    17265    16689
4010    5071    3483    10812    9931    18327    21311    24210    22158    21986    15265    17063    19265    15275    20930    35129    25645    25499    39985    31412    33264    26585    15274    18859    17380    17033    15575    18733    20925    18739    26792    10493    17094    12129    11087    5995
8551    8523    5030    7936    6613    7797    10111    16124    18145    23096    22555    17795    30367    20705    26868    22208    24179    33176    39419    28136    25093    25407    26654    22517    18211    16269    19371    20906    25517    22566    18486    9467    7116    7712    4972    4499
2649    5358    5174    6075    6049    10312    11604    17066    14619    20769    27132    24275    31106    18113    31040    20369    22039    37024    11510    20606    24456    26954    33185    25746    25219    27535    15747    29000    17929    12839    11822    7342    8522    8812    5207    3737
5986    4058    7058    4830    6319    9072    7936    15845    11738    17808    26949    32986    27329    24979    24837    30539    31240    30000    18567    13086    21495    29036    35355    23482    25655    24464    33430    18281    21811    15629    10147    5300    5234    3241    7091    5391
3635    6110    4872    5389    4764    7887    10289    8431    8912    18678    35699    30975    32472    31794    30456    26220    30373    17326    17009    12451    14147    27003    33982    36643    32808    31616    25979    24732    17478    13472    8383    4885    5523    3364    6188    2724
5739    5858    6451    5937    7360    10660    5589    10418    11899    22953    29383    34560    32133    28843    37133    29363    23235    18573    6757    10300    12808    31024    26701    50591    38215    42896    28928    25995    13958    11011    6833    8587    6961    5858    6145    4709
5171    4998    5976    4083    6719    7023    15260    6690    9702    16066    24489    34249    41167    47093    41151    36680    23694    16325    10946    10810    22447    14415    27943    33143    35978    36295    29282    26272    9365    9895    6111    7301    7096    7129    6548    3035
5190    4995    4016    5799    7720    7735    9646    7016    10173    16210    17836    35384    37399    37517    31250    27704    20613    11074    12078    9635    10326    21633    31393    31057    45864    33459    34614    26495    8525    10386    10087    9427    8491    3872    9476    6675
6889    3614    5155    9925    9992    8344    9132    7029    5115    13069    27913    38058    41503    37934    43895    26566    15869    15576    15636    13133    16201    16339    30351    37336    47266    39433    30452    24997    13227    9020    5885    4151    6720    3407    11599    5377
3976    5528    5285    4873    6786    5885    9339    16366    9684    11139    26121    40662    36602    50465    34814    33412    20340    8626    9865    8986    9386    21156    27106    35840    33286    42147    27864    16635    10043    8462    7238    6435    8957    9438    3652    2919
5671    3789    2890    6539    5815    9363    6534    9827    9099    8353    19671    37688    50905    46188    48565    27958    13121    14996    7369    14883    15414    15438    37321    31265    53866    48175    29051    20878    9367    7085    7451    7988    5517    4025    7276    6402
