18561    29125    64182    75472    40988    25249
13792    23070    39767    72039    45554    28207
20389    28401    49199    62923    49127    20309
15356    23392    39081    58352    29001    22365
18480    24751    46157    63293    43005    19509
17957    18071    37279    54714    54723    29998
17430    17170    47657    56402    37189    22882
16788    14631    33496    37480    24329    21443
23491    29105    36514    42980    45093    27596
19754    20216    19026    31429    28601    13496
12367    17473    22663    37947    26789    20027
14533    19183    44603    50259    44545    28477
17534    26018    42064    53715    54850    22966
17996    28280    52406    55582    47412    21239
17022    23922    47732    61121    47472    20789
18559    22382    45227    70233    50259    15567
13763    17075    44134    64345    55059    24706
15012    20015    34482    56268    37943    18817
17189    23328    38552    58297    52614    23690
13672    24721    41336    65246    50030    26821
14679    24479    49547    76377    46015    18356
