26086    27321    26926    30476    28290    25998    20570    18383    11951    7096    7462    4741    3749    4132    5442    4954
18077    19051    17824    10703    18387    19751    27278    22396    15900    10628    10149    7789    9935    6610    4178    3773
16691    21231    15512    20585    19198    14313    13844    23024    20564    19306    14346    7619    6300    4606    6324    6885
14559    13709    13101    7894    10589    11197    14994    9805    13199    17941    18409    16853    5654    9073    4992    5578
6626    7708    5887    8120    11704    19019    21181    13927    23180    14393    16998    9392    11808    11800    16004    17448
4835    5745    11757    14127    15791    23921    15734    15612    14581    16439    12828    11781    15392    12553    11896    9750
8971    9524    13841    20126    16933    13973    15284    8070    14070    14252    13446    12345    8090    6353    10445    13007
9892    9621    6386    6100    8659    8790    8399    9569    7009    10125    10761    7454    12904    11507    9680    11311
7454    10230    11466    13463    13250    15608    16849    16347    17045    13938    10908    10610    11328    13403    12065    10815
9673    10207    7430    6159    9830    8789    7907    7999    10543    6973    6868    5625    9718    9593    9214    5994
8561    7799    9238    7799    7283    14016    11269    11023    7980    6708    9399    10449    7901    6780    4731    6330
10140    11786    13038    12522    12678    17924    16007    13676    16459    16091    12326    11504    8549    11595    7364    9941
12177    14402    8060    9244    7962    14269    19328    20477    17775    16492    12103    11947    13845    13571    13392    12103
18748    15872    16549    17637    15488    23445    18583    17481    16489    14989    14003    9894    8964    4923    6164    3686
3132    5645    2738    6942    5636    8942    6442    7346    15490    22738    26226    22395    23077    18958    21322    21029
2827    4964    6566    5913    3766    6261    8890    10337    11837    23433    23659    23492    21563    22515    18091    28113
6412    3720    3965    6894    7987    6449    6228    5871    9021    21895    17644    28050    25965    26887    19386    22708
3705    5033    3549    3515    3185    3227    7842    8416    12050    6916    16349    19139    22921    26900    18095    21695
3694    3489    6773    4558    6876    4089    7834    4372    9567    11569    13814    26248    28841    25947    24486    31513
2751    4257    5250    3260    2963    6476    9599    7153    12685    8284    10191    25712    30020    35462    31562    26201
2890    5285    2827    4317    4441    3792    6389    5893    8351    7960    21196    28948    31704    36986    24502    33972
