19618    49343    52995    56567
20525    50762    50036    40507
25624    52295    58384    45163
27288    42815    65363    37376
22518    53156    62635    37207
18739    44275    52076    35504
17653    39698    43521    26056
16449    28230    36294    26109
19663    30937    38870    24924
25426    30459    42111    23871
21804    33003    54239    39556
21427    41601    47534    44484
18883    45892    59450    39794
27353    50443    52844    33216
25610    52636    58322    34259
23321    45237    54517    43991
23299    49451    55686    51505
27018    45939    54854    48875
25100    40559    59940    47393
23113    53027    66055    52575
28019    59614    52199    31054
