4883    2973    8005    2102    3399    9210    14240    8793    16240    26542    22066    22808    19031    18231
2693    2709    3691    5383    7914    12035    15136    18972    19346    13866    17648    11980    16186    14271
2604    4900    6030    7499    18066    16115    24251    18989    16260    15054    14720    11574    11387    14017
4346    7913    8486    8406    25471    19230    15503    17917    10260    11025    12314    11506    11281    9184
6220    6760    10922    12526    21685    21728    15905    10429    8998    10978    14272    12022    10894    12177
8860    8196    16187    8655    15350    8404    7899    9959    8190    11162    10839    19627    13224    4042
9423    6746    6408    11426    7224    8727    8870    7737    7954    10073    10207    8305    9469    14359
8055    8463    4580    7294    9511    8710    6886    5780    7413    7921    4492    10651    7947    9379
6621    11104    8985    9710    8090    5033    8155    9741    7449    6573    7123    10315    7907    7588
11061    9705    12003    11403    9001    11570    9485    9642    11382    7001    6975    1916    6446    4277
7211    9918    8462    11330    12471    18726    13523    15100    13648    7684    10390    5616    6958    7565
3258    4413    4865    8313    13309    17605    15529    19229    9468    15078    10794    11636    11131    10418
6300    7829    5242    8930    8308    15648    12654    18026    15931    14605    14733    15170    9911    10732
17510    12676    21772    16991    13263    16651    18558    13958    11230    5432    4498    4289    3606    3422
3475    2043    6408    5011    4662    6098    18904    21154    19719    19987    13300    19370    13334    17362
5382    7104    2813    4975    4139    5655    11178    16230    23374    19683    23048    13841    12681    16963
5569    1997    6580    7118    5061    6369    8407    14278    25038    22926    21704    22857    12370    19667
3199    5047    3601    4144    4561    5634    4347    17744    12565    22070    24938    21287    25899    21650
2944    2483    3262    3433    2660    4591    4847    9443    18198    22849    29217    21474    19840    27751
2141    3996    7464    3319    3278    4557    6114    5393    15691    27725    33865    25488    23592    32147
30332    24078    24868    30878    17023    10986    7960    4101    4853    4743    3007    4624    1765    1668
