17362.000000000004    20569.0    46549.66666666668    67361.0    55837.666666666664    26054.000000000004
18142.666666666668    18382.333333333332    37602.00000000001    62441.00000000001    62429.0    31165.666666666664
17531.333333333332    18495.666666666664    35262.0    56117.666666666664    55216.333333333336    33271.33333333333
19538.666666666664    18546.33333333333    43514.33333333333    66577.66666666669    62610.66666666667    28164.666666666664
16744.666666666668    15676.666666666666    33426.666666666664    61537.00000000001    60142.33333333333    33112.666666666664
19861.666666666668    16932.666666666668    34093.66666666667    63288.33333333333    65131.666666666664    36613.666666666664
17163.666666666668    16992.0    38004.0    57262.333333333336    66528.66666666667    33451.666666666664
18468.333333333332    17903.666666666664    30295.0    63734.66666666666    66205.33333333334    40921.666666666664
19437.0    15417.333333333332    34071.666666666664    58734.33333333333    59978.0    34512.33333333333
17612.0    17851.333333333336    36549.333333333336    64477.666666666664    60541.99999999999    38699.333333333336
18052.666666666664    15197.666666666666    38243.0    68080.33333333333    58129.333333333336    33489.666666666664
19004.666666666668    16172.666666666666    35197.66666666667    59391.66666666666    55652.66666666667    33883.333333333336
18059.666666666664    16614.666666666668    34632.666666666664    59849.66666666667    60777.00000000001    32593.333333333336
18692.333333333332    13887.333333333332    34158.66666666667    61466.33333333333    67209.0    35715.333333333336
21301.333333333332    17723.333333333332    42697.33333333333    62601.99999999999    64330.0    32925.0
19025.0    17606.666666666668    32709.0    60288.0    65225.00000000001    38755.333333333336
19170.0    15843.333333333338    33255.0    62808.0    64800.00000000001    39947.0
22378.666666666664    14703.666666666666    38357.333333333336    62436.333333333336    68089.66666666666    34692.0
20296.333333333336    17668.666666666664    35908.333333333336    61331.0    62615.333333333336    32955.66666666667
20313.333333333336    16296.333333333334    38775.666666666664    61157.66666666667    56545.33333333333    32711.666666666668
20558.333333333332    23553.666666666668    46200.66666666667    64799.0    59822.333333333336    26441.333333333336
22244.0    20288.000000000004    36070.66666666667    62405.333333333336    61689.666666666664    40883.333333333336
21589.333333333332    19402.333333333336    33276.0    57166.33333333334    59332.333333333336    40685.333333333336
21084.0    23440.000000000004    45470.66666666666    67007.66666666667    56413.0    29851.666666666668
17624.0    19558.666666666668    36689.333333333336    59265.666666666664    64171.333333333336    41882.0
21717.333333333332    16283.0    38770.66666666667    59918.666666666664    65210.99999999999    33329.333333333336
17215.333333333332    14827.666666666666    36419.333333333336    64578.00000000001    63458.333333333336    34998.333333333336
17258.0    20005.333333333336    36278.0    61869.666666666664    59958.33333333332    33146.0
18514.666666666668    23463.0    41816.66666666666    63513.99999999999    55177.0    27055.66666666666
22964.666666666668    23591.333333333332    44732.33333333333    66042.0    58921.66666666665    25385.333333333336
21858.66666666667    21578.666666666668    42423.0    68224.0    58022.0    32394.999999999996
