8980.0    15475.0    29405.000000000004    37304.666666666664    41004.33333333333    25073.666666666668    15153.333333333332    10025.333333333332    7325.333333333333    7607.666666666667    5767.666666666666    4803.666666666667    4808.333333333333    4800.333333333334    3814.6666666666665    4006.333333333334    4926.0    3451.9999999999995
6608.0    9165.666666666666    20119.666666666668    25207.0    27722.333333333336    13429.0    12566.666666666666    8708.666666666668    6722.666666666667    6709.999999999999    6525.666666666666    6679.666666666666    7404.333333333333    12216.000000000002    19162.333333333332    16144.333333333334    14729.999999999998    10340.666666666666
3403.6666666666665    3478.333333333333    4994.333333333333    4047.6666666666665    3524.0000000000005    5002.000000000001    4737.666666666666    3620.6666666666665    4037.9999999999995    6082.666666666666    7997.333333333334    8384.333333333334    12296.0    23389.666666666668    35403.0    32707.666666666668    30145.666666666668    22641.666666666664
9188.666666666668    16864.666666666668    21164.666666666664    27074.666666666668    29477.0    21200.666666666668    14219.000000000002    8972.666666666668    8884.333333333332    8375.333333333334    6356.999999999999    6470.333333333333    4711.0    8334.666666666666    12222.333333333332    14448.666666666666    14939.000000000002    6047.666666666667
3315.6666666666665    4044.666666666667    4834.666666666667    3883.666666666667    3495.333333333333    3664.666666666667    3975.3333333333335    4783.0    4494.666666666667    4502.666666666667    7945.0    6925.000000000001    10347.666666666668    22971.0    36817.333333333336    41588.0    34496.666666666664    18555.0
3363.6666666666665    3866.6666666666665    4328.666666666667    5145.666666666667    3185.9999999999995    2885.6666666666665    3396.6666666666665    3784.333333333333    4172.0    5394.0    9240.666666666664    8232.333333333334    12132.0    16680.666666666668    36950.66666666667    47975.0    44275.0    20912.000000000004
3346.6666666666665    3457.3333333333335    3899.6666666666665    3871.666666666667    4125.333333333334    3193.666666666667    3954.3333333333335    4536.0    4532.0    5989.999999999999    7010.0    8105.0    10083.666666666666    21244.333333333332    37759.33333333333    49234.0    34294.0    20765.333333333332
3062.0    5645.333333333333    3862.3333333333335    3670.666666666667    4953.333333333333    3802.3333333333335    4220.666666666667    5092.666666666666    5298.333333333334    6796.0    7899.0    6340.333333333333    12368.666666666666    14810.000000000002    37611.66666666667    48673.0    40839.666666666664    22582.666666666668
3958.666666666667    3195.0    3461.9999999999995    4422.666666666666    4211.0    3413.333333333333    3584.333333333333    4196.666666666667    4012.0    5183.666666666667    9418.0    8601.333333333334    9710.0    18692.0    35337.0    45524.0    36075.0    19154.0
4184.333333333333    4262.666666666666    3844.6666666666665    4304.666666666666    4554.333333333333    5043.0    4671.666666666667    4554.666666666667    4834.0    5576.333333333333    5755.0    8747.333333333334    7986.0    19053.666666666668    45006.33333333333    51651.0    33857.33333333333    17844.666666666668
4292.666666666667    4260.333333333333    4104.333333333333    3529.3333333333335    4096.666666666667    3772.3333333333335    4523.0    4740.0    5091.0    6075.666666666666    7442.0    9758.666666666666    7968.000000000001    22973.666666666668    38154.0    44764.333333333336    37567.666666666664    18079.0
3731.3333333333335    3126.333333333333    3901.666666666667    3799.333333333333    3732.3333333333335    4368.666666666666    4056.666666666667    4217.666666666667    5035.333333333334    5787.666666666667    6878.333333333333    8648.666666666666    9672.333333333334    23083.333333333336    36281.333333333336    43365.66666666667    33656.666666666664    15959.333333333336
4016.0000000000005    4046.666666666667    4347.666666666666    4247.0    3150.6666666666665    4211.666666666667    3915.9999999999995    5685.666666666667    4124.0    9251.0    6635.333333333333    7814.333333333334    8944.0    23534.333333333332    37896.666666666664    49900.0    27141.333333333332    13664.666666666668
3952.3333333333335    3414.666666666667    3763.333333333333    4546.0    2587.0    4209.666666666666    5188.666666666667    3735.3333333333335    4305.666666666667    6686.0    9926.333333333334    7388.333333333333    8753.333333333332    20609.0    44475.333333333336    47458.66666666667    32989.0    17140.333333333332
3738.666666666667    3858.3333333333335    3654.333333333333    6504.333333333334    4002.0    4975.666666666666    4344.0    4046.666666666667    5195.0    4857.000000000001    11505.0    7790.666666666667    9996.666666666668    18946.333333333332    43963.333333333336    47912.0    37228.0    19061.0
4199.0    3174.0    4029.333333333333    3389.666666666667    3410.0    2920.333333333333    3461.666666666667    3488.333333333333    4661.333333333333    5612.666666666667    9866.0    10878.0    9857.333333333334    22108.666666666664    44471.00000000001    46989.666666666664    34223.00000000001    16869.0
3011.333333333333    3230.6666666666665    3712.3333333333335    5211.0    4209.0    3304.6666666666665    5114.0    5210.666666666667    4948.0    6704.666666666666    7597.666666666667    7500.666666666667    9107.0    22051.666666666664    46272.666666666664    50969.333333333336    33466.333333333336    14201.666666666668
2970.0    4312.666666666667    3929.6666666666665    4070.0000000000005    4885.666666666666    4275.0    5016.333333333333    5344.333333333333    4663.0    5614.333333333333    10055.333333333334    7353.0    12608.666666666666    20712.666666666664    46174.0    45439.0    40502.666666666664    12731.333333333334
3550.6666666666665    3245.3333333333335    3625.6666666666665    3480.9999999999995    4439.333333333333    4124.666666666666    4473.666666666666    4440.0    5612.666666666666    6465.666666666666    9797.333333333334    8456.0    10992.333333333332    22833.0    44202.00000000001    47095.33333333333    30145.666666666668    13795.000000000002
3796.0    4087.3333333333335    3371.666666666667    2951.3333333333335    3727.0    3744.666666666666    4285.333333333334    4026.333333333333    4229.333333333334    4588.666666666666    7947.333333333333    8356.666666666666    9656.666666666666    21569.0    40268.333333333336    48043.333333333336    38788.666666666664    12362.333333333332
8649.666666666668    14024.333333333336    31038.333333333336    49982.333333333336    44886.666666666664    23558.666666666664    10589.0    8380.666666666666    7965.333333333333    7644.333333333333    5243.666666666667    4696.0    3297.0    4138.0    4736.666666666667    3211.0    5061.000000000001    4272.666666666667
5473.333333333333    5462.666666666667    3737.333333333333    3802.3333333333335    4562.666666666667    4187.666666666666    4591.333333333334    5773.333333333333    4678.666666666667    4900.0    6828.0    9246.333333333334    8050.333333333333    21642.666666666668    40918.66666666667    51127.0    38973.66666666667    19625.0
5320.333333333333    3790.0    3625.6666666666665    4295.666666666666    3207.333333333333    4312.333333333333    3726.0000000000005    4756.666666666667    3620.3333333333335    5485.0    10602.333333333334    8690.666666666666    9389.666666666666    19093.333333333332    41122.0    50350.0    33582.333333333336    16482.0
6686.0    11799.333333333332    34106.66666666667    45290.0    42345.333333333336    27532.333333333336    10388.333333333334    8993.0    8389.333333333334    8942.333333333332    6774.666666666666    4223.333333333334    4236.0    6059.0    4142.333333333334    3057.333333333333    3976.666666666666    6325.0
5255.0    3992.666666666667    3735.3333333333335    3952.0    4323.333333333334    3743.6666666666665    4827.333333333333    6358.333333333333    4583.666666666667    5794.666666666666    6667.333333333333    10322.666666666666    8167.0    23118.666666666668    47588.0    47043.333333333336    34763.666666666664    14954.333333333334
3137.0    4395.666666666667    3191.6666666666665    3433.6666666666665    4452.333333333334    3393.666666666667    4535.0    3102.0    4019.3333333333335    6145.000000000001    9846.666666666666    9784.999999999998    8987.666666666666    25511.333333333336    45007.666666666664    47397.33333333333    34310.33333333333    14578.666666666666
2945.3333333333335    4325.666666666666    2508.6666666666665    4322.666666666667    3997.0    3860.333333333334    4379.333333333333    4481.333333333334    4476.333333333334    5100.666666666667    7019.666666666667    8716.666666666668    11663.333333333334    17901.999999999996    40457.0    52228.333333333336    37462.333333333336    15650.333333333334
4271.333333333333    2705.6666666666665    3757.666666666667    2913.0    4045.9999999999995    2989.3333333333335    5306.0    5297.333333333333    4777.0    5125.666666666667    7716.666666666667    8609.333333333334    8262.0    21796.666666666664    46881.0    48703.33333333333    30691.999999999996    14665.333333333332
8312.666666666666    8833.0    27937.666666666664    42909.0    47319.00000000001    24467.666666666664    9837.666666666666    10184.666666666666    10682.333333333334    6761.333333333333    6903.000000000001    4810.0    3366.0    3558.0000000000005    3502.0    2976.6666666666665    4094.0    3086.3333333333335
7677.333333333334    12516.333333333332    26861.0    47213.666666666664    41193.333333333336    28966.666666666668    12621.0    7524.0    11589.333333333332    9250.333333333334    5143.666666666666    4513.0    5506.0    5574.666666666665    4352.999999999999    2934.9999999999995    3912.666666666666    4286.333333333333
7982.0    12401.999999999998    35348.333333333336    50645.33333333333    43452.666666666664    21512.0    12789.999999999998    8403.333333333332    9702.333333333334    7462.666666666667    6402.333333333333    3981.333333333333    4316.333333333334    4492.0    3960.3333333333335    3600.6666666666665    3911.333333333333    4136.333333333334
