29257    36089    51973    91764    88443    57983    30428    34746
37415    29475    51351    80291    98273    61925    22221    29582
34235    27713    49587    81588    88679    57041    23683    29717
30717    24550    41648    78288    98749    62648    26651    26482
35867    25071    55792    102362    90915    58703    32467    31036
28173    19830    40326    78917    97638    69361    31590    32266
33891    29621    47139    102461    103705    50241    22487    34527
27916    28137    54160    77083    92325    50781    26626    28095
42319    28140    44660    86046    101869    67799    30529    30973
27553    26527    48071    92520    97049    60658    32253    29074
28239    30281    45192    94700    90046    51410    27248    32174
29344    31754    30531    69955    68945    57914    26713    34257
25316    27174    34432    55075    74008    54976    28952    21228
25700    28335    35755    63379    71265    46719    31686    24746
22300    23540    30318    46075    69156    47823    27719    21921
25271    25088    33659    46288    60412    40756    19691    26178
26732    28229    53311    81568    90736    57988    24986    28663
23288    26460    36341    63271    90116    58557    30545    29020
28017    24707    40730    97024    85090    60830    22886    35823
37593    36479    41930    81815    93620    57602    29043    25026
30487    21879    38774    76877    103423    75699    35845    32415
31573    26467    39225    89358    99083    77883    29979    27690
32808    25023    28744    68793    87289    65738    34716    24600
28650    26908    35853    80229    89676    64138    37460    25941
30577    25336    35844    89904    97275    73087    30571    33989
38074    24021    36652    88296    93188    73523    39064    23999
36809    30922    40720    85728    93460    63869    31665    35994
36928    36570    55344    88188    91557    61265    30081    24093
35155    31790    41041    89998    101347    70072    35062    39423
33653    34026    49602    78871    91751    66198    27240    31769
29060    27246    51438    75621    88265    64396    29733    35769
