17432    16023    26811    40870    52659    57828    43790    32749    27849    13588    12705    13496    11012    7504    6995    7513    8036    4788    8170    10865
10889    14090    23039    46032    54934    60387    46844    42153    18454    13644    15643    9428    8139    6090    10296    5714    6868    5876    6577    5436
11553    14469    20160    37972    45911    60883    44047    38758    19151    13434    16113    9310    6285    8469    8412    6489    5992    7454    9140    8241
11865    18085    26349    37545    52579    47170    45477    35196    21784    16928    12067    12872    7874    4575    7629    8533    7003    5088    5601    5513
15477    19798    30105    57386    42968    44165    50396    40376    29824    21476    14239    12733    6085    5812    7739    6266    6351    7488    5914    7615
9315    4875    6056    4316    3466    5302    8426    5233    8448    9334    13091    11207    24319    28732    41734    44758    41371    43057    52827    32234
13766    20499    38845    42262    45190    33629    41953    38202    33843    18251    14351    13205    11879    12997    6136    9854    10701    4454    6977    7078
14373    22113    31662    39166    36870    29834    31702    37964    40773    17278    12747    7771    8455    13586    8506    6458    5506    6667    8366    5326
27286    33702    31236    43182    29151    24342    31741    37830    47527    32804    16189    9709    14936    11233    7476    6279    9320    6551    5679    6162
32384    35122    35176    23602    23705    30953    23762    28343    32339    31427    21111    22036    16551    12780    13243    8880    6219    4789    5793    5490
29465    26025    18651    30655    32238    32252    35933    24232    24368    23816    26740    20849    11687    8854    9436    12248    7376    9562    9308    5595
19168    26931    18560    18395    19023    18987    16610    19383    20239    25259    26808    17355    21256    13962    15215    10504    13426    11029    8950    8353
18312    23037    19701    15762    21213    25089    17670    19359    13371    11979    12719    14846    17981    18827    17210    16837    10130    8730    6643    11745
15556    13824    16659    18766    16712    14169    15771    12343    18711    15017    14492    19412    17294    20686    14468    16443    26875    20794    8433    11160
11156    15177    9729    15641    15232    14734    9830    11267    18648    15482    8809    12369    10618    13313    15041    21565    14408    21937    16468    17428
16598    12788    19989    14910    17101    12595    9896    16150    13396    16818    9458    13419    10000    14319    10304    13005    14875    16176    11502    14044
19417    26200    22665    26094    30545    28128    30271    29184    33994    23417    22921    17539    14462    10808    11730    8972    8461    8923    11586    6896
12693    11312    11107    17759    11196    11735    16555    15919    14937    15556    17591    20544    25718    16364    19791    29310    23688    26791    19655    19377
15775    25889    45712    31123    30659    31717    24845    44649    30522    30283    20659    10519    7401    8950    5366    6921    5957    5300    7102    5758
11248    16651    21399    23803    26024    25930    23096    18350    21354    17119    13170    16423    16433    16686    20898    24131    15346    24102    26933    24012
5208    7345    8483    5457    7695    4743    8679    10688    8204    12719    13857    11375    16321    25869    47532    49858    46304    47090    43624    34348
6449    5895    5830    5879    6760    8021    9757    7436    10089    7771    11809    14226    14714    22798    37881    54650    50154    52164    48820    40155
5264    5438    6753    6721    4662    5005    7715    6359    11430    10219    9444    12750    10155    21932    35455    47691    48328    42822    43759    25809
5407    6327    5166    6814    3733    9793    6796    3190    7830    10346    10149    10802    10153    30611    37433    44998    46154    51528    47916    33709
7634    9775    5068    5173    7942    5713    6971    6628    8586    11830    7164    12729    13467    21601    36869    55925    56820    58564    48177    29947
9347    6720    7664    5546    6291    6036    8001    8568    6322    10716    15003    9819    13152    14679    36871    50915    64239    58496    49559    28873
16012    11854    23535    36848    60890    50691    57463    32916    29036    13645    15061    7766    6774    9131    8123    7080    7328    8906    7054    9054
12515    14857    30369    40266    59339    55373    46472    35639    25801    18700    14094    9346    6567    7236    9751    10137    8930    6163    4805    7666
14068    17053    20914    42500    63573    58933    53483    37234    23126    16725    16739    12981    8024    11561    8604    6542    7157    8462    9452    6757
13928    15213    22731    35393    57107    59012    50182    29142    20606    18577    12084    13063    8145    8105    7488    6208    8000    10505    7599    10022
15475    18383    17850    35717    54027    56777    48385    33350    23523    14586    12839    8188    7845    8905    9043    9589    4647    7072    8712    6615
