6043    3209    7689    5418    5746    5459    6254    6536    14443    12184    10548    37468    59515    62837    46752    19790    8284    7337    13667    13576    10565    14308    15245    43143    60268    53239    26645    14915    9982    6604    8473    8410    6812    9214    6049    6577
4096    4227    3788    8378    3979    9354    4948    9426    13861    17770    26399    41383    29156    42678    40057    29646    19838    16094    15132    18954    16527    23577    28209    39051    36464    47017    37920    22974    9328    8892    6931    8185    7792    5347    7600    7786
5480    3959    6325    6011    5402    7500    6947    11903    15062    15305    24675    36633    29847    45933    25202    20151    27315    19867    16105    8662    13435    23200    36087    48346    35431    45120    36704    26966    14643    8048    6781    4792    6755    6490    4055    6296
5591    4821    7576    4538    3119    7401    11600    7747    8232    20942    36812    39543    39331    35202    39051    38354    20453    17515    11713    7757    21793    26609    38433    33821    32008    35144    47152    27022    11345    13606    8576    7407    7539    4400    6401    6565
6291    7845    3132    4293    9595    10306    10217    17115    15623    27814    29078    31925    37896    30886    45233    31983    25520    20652    12313    15130    19291    25862    37330    34672    34424    35286    29538    30786    21145    14867    8617    5742    7610    6050    7146    5423
6673    4523    6667    7190    9582    11700    9074    16883    15173    28165    30867    33554    31571    28485    29654    38045    36934    29902    25415    24223    22831    30596    25533    40823    33508    29617    26987    27504    24836    15448    8792    9549    5884    10520    9377    8518
6855    8989    6171    7241    10569    9349    9157    12624    30360    28852    26239    27215    32352    21668    31988    26078    31187    30311    28098    28313    22147    31373    24786    27635    18492    24775    31587    26184    36979    15636    11410    8807    6246    6752    5268    6631
8721    4775    5813    11571    13524    8852    19666    19371    21114    22798    17625    20109    21654    19580    28681    13734    23553    29956    36856    39802    20438    20565    21633    19861    22718    20226    20114    24206    20897    28459    19068    23382    18636    7353    6883    3903
5816    7489    6688    14145    19314    27605    18642    26013    14200    23494    28128    19246    17954    25661    25912    31532    30438    38556    36657    35500    39891    32641    29165    23044    17739    16201    18242    20978    28801    19045    24716    16929    24394    19934    16252    4974
17530    16096    23070    11977    17853    11326    13268    21091    20678    20212    16045    26691    25022    37607    25489    29209    25241    27813    24075    17879    19538    20410    23896    21272    25756    26836    18939    19536    20555    15560    18922    16734    18087    13407    8694    19638
8351    9959    11762    13144    19286    13488    12699    12946    15576    16355    16733    18954    16316    15045    11105    14533    14455    17353    20441    14621    11623    15852    10791    10858    18997    11205    17073    13430    11348    10684    14559    19764    16847    11035    12374    14393
5621    9166    8540    18098    36971    26972    20467    21225    13888    14712    15193    25661    18749    21717    21764    23360    34135    42497    31086    37312    28419    31347    32218    26624    17737    17923    19035    18089    18659    13862    16308    13450    14828    16883    10021    10649
4395    11976    5988    10260    5864    14778    20594    31037    23080    23637    24146    15878    15013    23045    18031    29072    42363    27080    37504    47687    32925    27228    20380    24894    19384    18107    19376    18043    20266    22228    21631    19758    9660    6072    7960    11085
5047    5974    5113    4687    9764    8001    14729    17136    31236    35112    28764    21520    28037    24780    26839    25001    31450    27304    24963    23810    28812    24828    33518    29224    28870    24717    19882    20726    28918    19163    20960    17154    8813    4171    5532    8226
3828    4096    10051    5947    8921    7249    5801    9329    23380    29646    26649    37970    28835    31355    33457    28283    26999    19389    19941    18324    20256    31233    26316    28908    31230    22358    35666    27346    19664    21416    12911    9629    10733    6632    3717    8000
4597    5845    4304    7521    9519    5892    5151    12876    11990    34071    25117    34138    28745    22680    36282    29210    33034    19133    18265    15449    19825    17356    38800    32229    31946    33648    29517    30028    18114    18651    8487    10398    6584    4254    3763    5603
7500    7324    2852    12467    5303    6922    10812    9523    14703    31572    35508    38392    32500    27261    36813    39166    23879    22116    15787    10420    16445    43073    38856    42774    29358    32402    29333    33698    30289    10731    8231    9119    6981    3808    4441    5622
5533    8252    5315    10254    8412    5521    8967    11513    10111    20640    25566    36500    31306    37736    47298    34055    22868    12660    11451    8864    13574    20620    38272    36898    36632    35152    38179    29220    17993    9941    7741    5832    8299    4713    7120    9355
9909    2108    6534    3314    4877    7660    6396    8793    10994    14778    23432    37221    34092    51862    45073    34434    15994    14161    10150    12978    10823    23753    34400    37467    39657    44304    34805    26988    11983    13464    6796    6384    6464    6446    6676    7333
3541    3599    7178    6543    10468    8173    7613    9078    9089    13176    20876    37847    41735    39574    55341    30429    21817    13125    13641    16710    15346    20718    33506    42378    36844    39953    33358    19402    16349    14497    10836    8035    9241    5631    11844    3962
5695    3573    4203    5180    5998    5049    6593    7600    8397    11923    23710    37936    48518    43812    36496    31739    22133    14260    10025    12255    12998    15708    24367    45322    50635    42970    28991    24984    10783    6424    6191    5756    9271    8568    7267    6064
