24485.33333333333    20918.999999999996    41952.0    71509.33333333334    62994.0    36281.666666666664    19786.999999999996    23257.0
20180.666666666664    18942.333333333332    39851.333333333336    58050.333333333336    51864.0    33253.33333333333    18982.33333333333    18473.999999999996
20509.0    17444.666666666668    32915.66666666667    50810.66666666668    54789.00000000001    27763.66666666667    16289.333333333332    17822.333333333332
21522.000000000004    18663.666666666664    33036.33333333333    52063.99999999999    47781.333333333336    32336.999999999996    17705.666666666668    19775.0
16692.333333333332    19301.333333333336    30526.66666666666    44915.33333333334    44282.333333333336    24756.666666666668    15885.333333333334    14285.666666666666
18804.66666666667    18778.666666666668    26434.999999999996    39125.666666666664    36332.66666666667    21767.66666666667    15916.666666666666    16330.333333333332
17647.666666666664    18830.0    30061.000000000004    36783.00000000001    42950.0    25471.33333333334    14061.0    18076.333333333332
22088.333333333336    17677.333333333332    31419.333333333332    60278.666666666664    62499.00000000001    33720.333333333336    19961.0    17826.000000000004
18785.666666666668    18138.666666666668    36864.66666666666    53708.666666666664    46238.0    28006.999999999996    17552.333333333332    19770.999999999996
16218.333333333334    18646.666666666668    31278.33333333334    52880.0    52295.00000000001    29605.66666666666    14945.999999999998    16875.333333333332
17252.333333333336    16178.333333333334    25628.999999999996    43539.666666666664    39349.99999999999    26598.333333333332    15544.333333333334    22210.333333333332
16155.666666666666    17259.333333333332    26399.66666666667    37937.0    45058.333333333336    30743.333333333332    18910.666666666668    16211.666666666668
17138.0    20048.333333333336    26108.333333333332    44555.33333333333    45041.666666666664    26501.0    18868.666666666664    17751.0
18315.666666666668    19619.0    26158.333333333332    44845.66666666666    43836.33333333333    28137.0    19690.333333333336    20158.000000000004
15580.333333333336    15224.0    22021.333333333336    32209.666666666668    38729.0    23438.333333333336    15679.999999999998    16552.333333333332
14231.66666666667    18774.66666666667    29481.666666666664    41046.33333333333    44551.99999999999    27206.333333333332    16604.333333333336    18261.0
18317.333333333332    20253.666666666668    29480.333333333336    49442.0    51689.999999999985    26615.0    17610.33333333333    18347.666666666664
16449.666666666664    16556.666666666668    28243.0    45506.0    48029.00000000001    28182.66666666667    17514.0    18442.0
17408.333333333332    14201.33333333333    23321.0    39008.0    33184.0    25502.666666666668    13327.333333333334    15042.33333333333
21017.0    19775.333333333332    31091.999999999996    50536.66666666667    54075.333333333336    31564.0    18509.333333333332    21613.333333333336
21356.333333333332    23617.66666666666    37086.33333333333    66228.66666666667    60094.00000000001    26125.000000000004    18558.333333333332    26016.0
19713.333333333332    20148.333333333332    31552.0    59309.666666666664    54839.666666666664    35353.33333333334    18314.666666666668    23136.666666666657
18970.0    17178.333333333332    28948.999999999996    46258.66666666667    44488.66666666667    27441.666666666664    16965.33333333333    18522.666666666668
27111.666666666664    17450.666666666668    36129.33333333333    63688.66666666667    59141.33333333333    32687.999999999996    21118.000000000004    21356.333333333336
20364.0    20328.333333333332    30755.666666666668    54354.66666666666    47736.33333333334    32434.666666666664    15251.666666666664    19834.333333333336
18364.333333333336    18209.333333333336    30995.333333333332    40889.99999999999    44476.666666666664    25865.33333333333    19108.666666666668    16197.000000000002
17012.666666666668    14050.666666666668    21511.666666666664    34611.666666666664    40772.0    26749.333333333332    14701.333333333332    15300.333333333332
13483.999999999998    16061.333333333334    25371.0    42199.0    49846.666666666664    35129.0    15831.333333333334    19060.0
19772.666666666664    18013.666666666668    32626.666666666668    54020.33333333333    63027.00000000001    35692.33333333333    16853.0    18618.666666666668
22265.66666666666    19720.666666666668    30546.66666666667    56120.333333333336    51894.0    28768.0    18892.999999999996    17466.333333333332
19691.000000000004    19580.33333333333    29514.0    42776.99999999999    40172.00000000001    23802.0    16512.333333333332    20105.333333333336
