9638.333333333334    12619.333333333334    20454.333333333336    29853.0    41713.0    40032.33333333333    34706.33333333333    22652.666666666664    12163.333333333334    13241.333333333334    9873.0    7621.333333333334    7040.0    6094.0    6649.333333333333    6523.0    4482.666666666666    5060.333333333333    5761.333333333334    5006.333333333334
8240.333333333332    9758.0    16643.666666666664    22549.0    35395.666666666664    36000.333333333336    25176.333333333336    21421.666666666668    12111.333333333332    11947.666666666668    8170.333333333332    6436.333333333333    5526.0    5286.333333333333    5096.666666666666    6151.666666666667    7003.666666666666    5761.666666666666    5646.666666666666    5275.0
8589.666666666666    10544.666666666668    14067.333333333334    23220.0    28707.666666666668    31374.333333333336    24191.0    17377.0    12486.666666666666    10415.333333333332    7555.666666666667    7568.333333333334    7451.666666666666    4368.666666666666    5198.666666666666    4472.666666666667    5484.333333333334    4732.333333333334    5480.0    5058.333333333334
9885.666666666668    9260.333333333332    12268.0    25119.333333333332    30724.0    30824.666666666664    25811.666666666668    15411.666666666668    14159.333333333334    11950.666666666668    8106.0    7730.666666666667    7209.0    4132.666666666667    4076.333333333333    5327.333333333334    6444.0    4919.333333333333    5428.666666666667    4095.666666666666
5945.0    8251.333333333334    14697.666666666666    21988.0    18538.333333333336    25288.0    19472.333333333336    18693.333333333336    12642.333333333332    10337.0    7132.0    7106.666666666667    6247.0    6863.666666666667    4657.666666666667    4697.666666666666    4273.666666666667    3923.333333333334    4725.0    5165.666666666666
6158.0    8311.666666666666    13603.666666666668    18296.0    16100.333333333332    19360.333333333332    19384.666666666664    14741.0    11693.666666666668    9881.666666666668    7905.666666666667    6141.666666666667    6652.666666666666    4847.666666666666    5026.666666666667    4607.333333333333    5014.0    4473.666666666666    6527.333333333333    4763.666666666666
6656.666666666667    11098.333333333334    14257.666666666668    16304.333333333332    20454.0    20227.333333333336    18157.333333333336    16459.333333333332    12324.999999999998    9840.666666666668    7556.0    7219.333333333334    6427.0    5541.333333333333    5237.0    5571.666666666666    3970.0    4935.0    5691.333333333334    5951.0
6696.333333333333    7855.999999999999    7600.0    10288.333333333334    13243.333333333334    14568.0    11882.333333333332    12357.0    8512.666666666668    12691.666666666668    9973.333333333332    9697.666666666668    12966.666666666668    14645.333333333332    19236.666666666664    21627.0    17602.0    17472.666666666668    19523.0    17030.0
10795.666666666666    14172.333333333332    16620.666666666668    17837.0    24804.333333333336    24731.333333333336    18883.0    15619.333333333336    16261.333333333332    14610.0    8727.666666666668    8198.666666666666    6951.0    7404.666666666666    6207.333333333333    6889.666666666666    4163.0    6305.0    4455.666666666666    5428.333333333333
15760.333333333332    20411.333333333336    16644.666666666664    16929.0    18703.0    15193.999999999998    17801.0    16820.0    14430.0    14136.333333333334    12949.333333333332    7664.333333333332    6516.666666666666    4732.666666666667    5832.666666666667    6334.0    5417.0    5613.333333333333    5674.333333333334    5181.333333333333
9010.333333333332    8568.0    11777.333333333332    11355.666666666666    15106.0    17746.333333333336    15462.333333333332    9787.333333333334    13536.666666666666    12648.333333333332    10983.0    8225.333333333334    8285.0    7758.333333333333    6872.0    9469.0    6657.0    7304.0    8283.333333333332    7467.0
5190.333333333333    4860.666666666666    5560.666666666667    5431.0    5557.333333333334    5091.0    5581.0    7074.000000000001    8803.333333333334    11652.666666666666    15874.666666666668    11300.333333333332    11416.666666666666    10357.0    13092.0    18086.333333333336    20067.0    16483.666666666668    15387.0    11809.0
4825.333333333334    5196.666666666667    5029.0    6543.666666666667    5975.0    6601.666666666667    8523.0    11869.666666666668    13340.0    12433.333333333334    12311.333333333334    10092.333333333334    13302.666666666668    11966.333333333334    14057.0    16738.333333333332    18182.666666666668    14901.0    11528.666666666668    12594.666666666668
6140.0    5028.666666666667    4548.333333333334    8024.666666666666    6823.666666666667    9099.0    12941.666666666668    12432.0    11493.666666666666    11890.666666666666    9194.0    13918.333333333332    9277.666666666668    10730.333333333334    10911.333333333332    18328.333333333332    18908.333333333336    16976.666666666664    13673.333333333332    10419.666666666668
3505.333333333333    5464.0    6319.666666666667    6185.666666666666    8979.0    8915.666666666668    6353.666666666666    8541.666666666666    6095.666666666666    9392.333333333332    7391.333333333333    6072.0    8496.333333333332    8426.0    8614.333333333334    14063.666666666668    19976.0    15904.0    9304.666666666668    11434.0
9536.0    10690.0    7850.666666666666    9268.333333333332    10905.333333333332    8848.666666666666    8478.0    8942.666666666666    9429.333333333334    10233.333333333334    9627.333333333334    6656.333333333333    6429.0    9776.0    9561.333333333332    18420.333333333332    20953.666666666664    15845.333333333332    9300.666666666668    9405.666666666668
10567.333333333334    8717.333333333334    8292.333333333334    10058.666666666668    8408.0    11625.666666666668    10823.333333333332    8807.333333333334    11610.666666666666    9927.0    11501.0    14910.666666666666    13560.333333333334    11217.666666666666    11516.666666666666    18321.0    18072.666666666668    14939.666666666666    12278.0    6601.0
4898.333333333334    5160.333333333334    5693.0    5195.333333333334    5781.666666666666    4814.0    6007.666666666667    5898.333333333334    8370.0    8149.333333333334    10465.666666666668    15164.333333333334    19125.333333333332    16694.333333333336    14073.666666666668    16288.333333333332    17687.333333333332    15879.666666666668    17703.666666666668    15872.666666666668
4680.0    4077.333333333334    3858.333333333334    3920.3333333333335    4322.0    4369.666666666667    4926.666666666667    5441.333333333333    6967.666666666667    6761.0    7325.0    9325.0    11223.0    14220.0    14533.0    14152.666666666666    15826.0    14479.666666666666    17836.333333333336    12750.0
9445.333333333332    10338.666666666666    11732.666666666668    14416.666666666668    11258.666666666668    14915.333333333332    16445.333333333336    13759.666666666668    13745.0    9843.666666666668    8032.0    9257.0    10050.333333333332    8055.0    10488.666666666666    13204.666666666668    19029.0    19348.333333333336    13830.0    10987.0
10539.333333333332    17872.0    19332.666666666664    26587.0    27200.666666666664    29919.666666666664    25825.666666666664    24058.0    21003.666666666664    11419.666666666666    7330.666666666666    9383.666666666668    6456.666666666666    6988.0    6703.333333333334    6334.333333333334    5002.333333333333    6127.666666666666    6074.333333333333    4923.0
9385.666666666668    12189.666666666668    16879.666666666668    22803.333333333336    29094.0    30653.666666666664    28823.333333333336    23227.0    13646.666666666668    10208.0    8486.333333333334    8599.333333333332    7898.0    7104.666666666667    6777.0    5685.0    5170.333333333334    4931.333333333333    5078.666666666667    5726.0
6985.0    12758.333333333332    13548.666666666666    19344.333333333336    26630.666666666664    26968.333333333336    17818.333333333336    15867.999999999998    10909.666666666666    11282.0    6220.333333333333    9365.666666666666    7131.666666666666    4130.333333333334    5605.0    3741.0    4546.333333333334    5522.0    5554.333333333333    4844.333333333334
8851.333333333332    10981.333333333334    20622.0    28431.0    34015.0    35130.333333333336    26399.333333333336    20921.333333333336    16841.666666666664    11105.0    10382.666666666666    7292.333333333334    7198.666666666667    5361.0    5671.666666666666    5125.666666666666    5940.0    4960.666666666666    7540.333333333334    5912.666666666667
8521.333333333334    9469.666666666666    15202.333333333334    22539.0    33780.0    32634.333333333332    22745.333333333336    12943.666666666668    11043.0    12515.0    8401.333333333334    5382.666666666666    5471.666666666666    4106.333333333333    5586.0    4861.333333333334    5750.666666666667    8007.333333333334    5979.0    6119.666666666666
9767.0    10717.333333333332    11616.333333333334    19612.666666666664    25365.333333333332    24979.333333333332    16847.333333333336    16756.666666666664    11138.333333333332    10522.666666666666    7795.333333333334    8682.333333333332    4839.0    5726.0    3869.333333333333    4742.333333333333    5039.0    6021.333333333334    5099.666666666667    4969.333333333333
3243.6666666666665    3084.666666666667    3407.0    3975.666666666667    4435.333333333334    3416.6666666666665    5052.666666666667    4545.0    7529.0    5982.666666666667    5594.0    6936.0    6217.333333333334    10923.333333333334    12741.333333333332    23377.333333333336    24832.666666666668    22523.0    15291.0    11601.333333333332
5052.0    3261.3333333333335    3783.333333333333    4688.333333333333    5984.666666666667    4739.0    4295.666666666667    5608.666666666667    5607.0    4928.333333333334    6500.333333333334    6833.333333333334    9259.666666666666    10584.666666666668    16015.666666666668    29635.666666666664    29590.0    29460.666666666668    18094.666666666668    13059.333333333334
5500.333333333333    6347.333333333334    3762.333333333334    5105.666666666666    3703.666666666667    5603.333333333333    4888.0    5501.333333333334    6026.666666666667    5985.666666666667    9112.0    11844.0    10373.333333333334    12698.333333333332    19633.0    40579.33333333333    37395.0    36194.0    15912.0    12459.0
7281.666666666667    6454.333333333334    9527.333333333332    13733.333333333332    19858.666666666664    17303.333333333336    14125.666666666664    10697.333333333332    7916.666666666666    8005.999999999999    6775.0    8164.666666666667    8589.333333333334    10036.0    11485.666666666668    19869.33333333333    23859.333333333332    21430.333333333336    12141.666666666666    8419.0
9413.666666666668    8367.333333333332    12996.666666666668    18000.0    26727.0    25168.666666666664    21676.0    11774.666666666666    10795.333333333334    8358.0    9981.333333333334    5129.666666666666    5672.333333333334    5468.0    5941.333333333334    5222.0    6515.0    5136.666666666666    4841.333333333334    4969.0
