24827.666666666664    23321.000000000004    39131.99999999999    62305.666666666664    61046.0    36714.33333333333
22424.333333333332    19874.333333333332    41270.0    73303.0    58503.99999999999    27027.333333333332
23934.000000000004    22495.666666666664    39668.333333333336    70869.66666666666    64779.66666666665    29814.0
21374.999999999996    19779.0    32829.0    60239.666666666664    62115.66666666667    32471.666666666668
17303.0    16135.0    30352.0    54133.66666666667    63967.00000000001    35569.666666666664
16921.0    16869.0    36106.333333333336    59330.666666666664    60844.666666666664    34318.00000000001
19287.33333333333    21315.33333333333    44115.33333333333    62612.00000000001    50348.66666666666    32742.66666666667
20679.333333333336    22434.333333333336    37996.0    58852.666666666664    53919.66666666667    30935.333333333336
16872.666666666664    16903.333333333336    27844.666666666664    47294.0    57606.0    31185.999999999996
19787.666666666664    21820.666666666664    34294.00000000001    59198.00000000001    60701.99999999999    28350.66666666667
22077.333333333336    17351.666666666668    34820.333333333336    57373.66666666666    49147.33333333335    28943.333333333332
20048.666666666664    19443.333333333336    31836.0    46346.99999999999    47087.333333333336    28702.0
16672.666666666668    17236.666666666664    32804.666666666664    47676.66666666667    43497.0    27228.333333333332
17446.333333333336    19640.999999999996    27672.33333333333    44981.666666666664    42775.33333333333    26279.66666666666
17815.66666666667    17109.666666666668    30338.000000000007    42867.333333333336    43405.333333333336    27323.666666666668
17811.0    16460.666666666668    24816.33333333333    45286.66666666667    49869.0    25287.666666666664
16720.333333333336    21356.333333333332    27611.999999999996    40975.66666666667    48314.99999999999    24624.666666666664
19282.333333333332    19389.333333333332    36761.333333333336    48235.00000000001    50766.0    26893.33333333333
20495.333333333336    19359.333333333332    38351.66666666667    56555.66666666668    52374.00000000001    31285.000000000004
20689.999999999993    18684.000000000004    33361.666666666664    54994.33333333334    57021.0    26549.333333333332
19852.333333333332    17518.0    32454.333333333336    52837.333333333336    53136.66666666667    35233.0
19617.666666666668    17808.333333333336    30784.666666666668    48015.0    59433.33333333333    35274.666666666664
20774.0    15297.333333333334    34055.0    58604.666666666664    57530.666666666664    34804.666666666664
17313.666666666664    17287.0    29258.666666666668    52141.0    56109.666666666664    36375.33333333333
20161.666666666664    16270.333333333334    32176.33333333334    49011.33333333333    64401.333333333336    38810.00000000001
20353.0    16248.666666666668    29387.666666666668    55090.333333333336    51592.666666666664    36694.0
20888.666666666664    16437.0    27904.333333333336    54320.333333333336    64199.66666666666    37841.66666666667
20284.666666666664    14919.999999999998    31304.666666666668    56248.0    62603.0    33991.0
18607.333333333332    15984.0    28013.0    50799.666666666664    66745.33333333333    36017.0
20688.333333333336    16481.333333333332    28280.333333333332    58902.666666666664    63331.333333333336    35961.0
18962.333333333332    14670.666666666666    33653.0    60597.666666666664    58360.0    37029.333333333336
