9727.0    16366.999999999998    24491.666666666664    36964.0    38038.333333333336    30528.666666666664    19542.0    15266.666666666664    8458.0    9083.0    5450.333333333333    5624.333333333334    6280.333333333334    4554.666666666666    3543.0000000000005    5012.333333333334    4588.333333333334    3827.0
9380.333333333334    17061.0    27895.333333333336    40988.333333333336    38220.0    27353.666666666668    17072.666666666664    12821.000000000002    8901.666666666666    6102.333333333334    6799.333333333333    4499.333333333334    4771.333333333333    4239.0    3902.6666666666665    4172.666666666666    3692.333333333333    4530.0
11215.666666666666    23913.333333333332    29825.0    38623.0    37609.0    29407.666666666668    18734.666666666664    11007.666666666666    8367.333333333334    7552.0    4170.0    4440.666666666666    4603.666666666667    4079.3333333333335    4687.333333333333    5207.0    4286.0    3832.0
5435.333333333333    9242.333333333334    16034.333333333334    15297.0    14261.999999999998    10693.000000000002    7434.333333333334    8290.0    6516.333333333333    5957.0    6038.333333333333    8187.666666666667    13174.666666666666    16605.333333333332    25266.333333333336    24504.0    19854.999999999996    16017.0
2903.6666666666665    3171.6666666666665    3765.3333333333335    3336.0    3168.6666666666665    3199.3333333333335    4376.333333333333    5048.666666666666    4950.000000000001    6574.0    5117.666666666666    8001.666666666667    17130.666666666668    24159.666666666664    30837.000000000004    35553.0    33810.0    22357.000000000004
7574.333333333333    8625.333333333332    12363.333333333334    10776.333333333334    11663.666666666668    12638.666666666668    11621.333333333334    7735.0    6717.333333333333    5284.0    6455.666666666666    9328.666666666666    11611.333333333334    18491.666666666668    20939.0    22540.666666666668    23403.666666666668    16619.666666666668
13590.0    16904.666666666668    29624.666666666664    21047.0    26028.333333333336    26527.0    19774.333333333332    14407.333333333332    13577.333333333332    8175.333333333333    6025.0    5067.333333333334    5810.333333333333    3588.6666666666665    4588.0    4671.333333333333    6090.666666666667    4924.0
17070.666666666664    17473.0    22728.333333333332    25264.666666666668    26328.333333333332    21271.666666666668    21058.666666666664    17279.666666666668    11974.333333333334    7672.0    4053.3333333333335    6628.666666666667    5776.000000000001    4759.0    4330.666666666667    3212.0    3805.6666666666665    4130.666666666666
3226.666666666667    4043.6666666666665    4784.666666666667    4160.0    4348.0    3248.3333333333335    4347.0    5719.333333333333    5049.333333333333    6023.666666666667    9790.333333333334    13727.666666666668    17010.0    19317.0    24861.666666666664    24199.666666666668    23129.999999999996    20719.666666666668
19526.666666666664    18077.333333333332    18561.333333333332    25159.333333333332    19710.0    18041.333333333336    16272.0    18202.333333333332    16304.333333333334    11966.333333333332    6813.666666666667    5321.666666666666    6049.666666666666    3946.0    5371.666666666667    5125.666666666666    4780.333333333334    4923.333333333334
16443.333333333332    13372.333333333332    15139.666666666666    18291.333333333332    26183.333333333332    16984.666666666664    14448.333333333334    16817.333333333336    14000.333333333336    13141.333333333334    9345.666666666666    6012.666666666666    4707.0    6238.666666666666    5429.0    5164.666666666667    3931.0000000000005    4063.0
14088.000000000002    10470.333333333334    13967.333333333332    18134.666666666668    18640.666666666668    15492.666666666668    9947.0    11427.333333333334    11184.0    12984.0    13796.666666666666    11490.666666666666    6790.999999999999    5085.333333333333    6284.999999999999    5574.666666666667    3800.9999999999995    4304.0
10106.666666666668    9983.666666666666    13446.333333333332    15257.666666666666    15771.000000000002    12195.666666666666    9492.333333333332    11733.666666666666    10027.0    11328.333333333332    10613.666666666666    12754.666666666666    10228.666666666666    9846.000000000002    7241.333333333334    5890.333333333333    4301.0    4898.0
10559.666666666666    8735.0    13725.333333333334    17776.0    13741.333333333334    10605.666666666668    8690.0    8881.666666666666    10040.666666666666    8030.333333333332    8182.666666666667    8767.0    8636.666666666668    11305.666666666668    9644.333333333334    7983.666666666667    6699.666666666666    6791.000000000001
7549.666666666667    7590.666666666666    13964.333333333334    18007.0    15243.666666666666    13517.333333333334    6744.666666666666    7265.0    8963.666666666666    8209.333333333334    7825.666666666666    5855.666666666666    8462.666666666668    8572.666666666668    9306.333333333334    10126.333333333332    12103.333333333334    9551.666666666666
11742.333333333334    9280.0    10223.333333333334    8612.333333333332    10682.666666666666    7776.333333333334    9162.333333333334    8726.0    7680.333333333333    8767.666666666666    7212.666666666667    9354.333333333332    6666.333333333333    10364.0    13702.000000000002    13925.0    12916.666666666666    12737.0
6890.333333333333    7421.0    13568.333333333332    12799.0    12366.333333333334    14216.0    10182.000000000002    8955.0    12077.666666666666    10017.666666666668    7819.333333333333    8949.666666666668    8693.0    9368.0    7111.999999999999    7656.666666666667    9491.333333333334    12020.666666666668
12199.333333333332    10753.000000000002    15789.333333333334    17423.333333333332    17402.333333333336    17439.0    15739.333333333332    14816.666666666668    17200.0    15598.666666666666    8282.333333333332    7177.333333333334    5307.666666666667    4474.333333333333    5938.333333333333    5803.333333333334    5334.333333333333    4648.666666666666
12478.666666666668    15459.333333333334    12585.666666666668    14868.333333333334    12375.666666666668    11946.0    15528.000000000002    15161.666666666666    11303.333333333334    8547.0    8043.333333333333    9019.666666666666    8959.666666666666    12482.666666666666    11445.666666666668    15960.333333333334    12504.666666666666    9751.333333333332
7332.333333333334    10021.0    12093.666666666668    7362.000000000001    8609.0    8854.666666666666    11265.666666666666    10750.0    6793.666666666666    5493.333333333334    9233.0    8060.0    10997.333333333334    17015.666666666664    18701.333333333336    21842.0    22185.333333333332    14690.333333333334
3217.3333333333335    4095.9999999999995    3407.0    3394.0    3221.3333333333335    3524.333333333333    3879.9999999999995    4977.333333333334    4709.333333333333    5859.0    6792.666666666666    13060.666666666666    18738.0    24961.0    29108.333333333336    27823.333333333332    25948.0    24314.0
2966.0000000000005    4007.0000000000005    3627.0000000000005    3291.3333333333335    3773.0    3939.9999999999995    3702.3333333333335    5111.666666666667    5249.333333333334    6470.666666666666    6263.666666666667    8653.0    17867.666666666668    23517.666666666668    27230.333333333336    31060.333333333336    30774.333333333332    23428.333333333336
3754.3333333333335    3509.0    4067.333333333333    4199.666666666667    4571.999999999999    3948.6666666666665    4376.333333333334    5236.333333333334    3786.0    5685.666666666667    6609.666666666666    6915.333333333334    14210.333333333334    26938.333333333332    30457.666666666664    35752.333333333336    33569.666666666664    23477.666666666668
2766.0    2953.333333333333    3702.333333333333    3324.666666666667    3169.6666666666665    4180.333333333334    5176.333333333333    3894.0    4464.666666666666    4975.666666666666    7770.0    7654.999999999999    16225.333333333334    27120.999999999996    30094.666666666668    33108.333333333336    26074.999999999996    21829.000000000004
3769.666666666666    3676.3333333333335    3516.0    2869.0    4967.666666666666    5133.666666666667    6034.999999999999    5439.333333333333    5068.333333333334    5653.666666666667    5030.666666666666    6926.333333333334    12063.000000000002    22615.0    34973.66666666667    37746.666666666664    34810.666666666664    20536.333333333332
3160.3333333333335    3400.666666666667    3888.0    3594.3333333333335    2637.3333333333335    3866.9999999999995    4128.666666666667    5907.666666666666    5270.666666666667    7580.333333333333    6004.333333333333    6514.666666666666    13665.999999999998    23521.0    34122.333333333336    33823.0    26633.333333333332    21646.666666666668
3331.6666666666665    3799.0    4301.333333333333    3341.0000000000005    4794.666666666667    4582.333333333333    3672.6666666666665    4754.999999999999    4422.666666666666    6762.666666666668    5516.000000000001    6454.0    12864.0    24671.999999999996    34805.333333333336    36612.0    34556.0    22349.333333333332
3013.0    3097.0    2396.6666666666665    3033.0    3497.3333333333335    3742.3333333333335    4160.0    4226.333333333333    6802.333333333334    5816.333333333333    6129.000000000001    8612.0    11503.000000000002    18059.0    36872.66666666667    40985.0    33255.33333333333    24151.0
2995.333333333333    3177.666666666667    2788.6666666666665    4885.666666666667    3164.3333333333335    3612.666666666667    4006.0    4218.666666666666    5199.0    6513.0    6310.333333333333    8958.333333333334    11678.333333333332    18522.666666666668    33541.0    42725.666666666664    32283.333333333332    21585.666666666668
2580.0    2948.333333333333    4307.0    3698.0    3584.6666666666665    3976.666666666667    3576.0000000000005    5183.999999999999    8188.333333333333    5645.333333333333    7827.333333333334    6993.666666666666    12747.333333333334    15510.000000000002    38680.0    42652.00000000001    33065.666666666664    22480.666666666668
3231.666666666667    3390.0    4043.0000000000005    4710.0    4531.666666666666    4813.666666666666    4530.0    5037.666666666666    5306.333333333333    4917.666666666667    8434.333333333332    6880.999999999999    10783.666666666666    17851.0    36604.0    40592.0    39113.333333333336    18502.0
