19262    35592    57651    71224    39537    23214
21113    35256    60719    72823    39418    19334
18567    22568    56716    66335    46707    17850
15814    33437    49621    64864    35506    19419
16372    20156    43215    66462    39016    23777
14640    26438    51082    56415    52491    20989
16263    26949    52144    54596    42824    14837
14283    23643    38286    41894    39244    20056
16539    21146    34046    40199    28029    14375
21824    30856    33227    53727    34784    24986
20203    24230    48904    60980    31077    26602
16751    27416    40942    54504    38584    16722
14492    29785    45145    46601    40975    24787
11333    20627    37908    53060    32770    23373
13512    26375    56084    66495    37146    26132
16202    28226    49192    75528    38933    20473
20967    31717    60934    72946    50888    28709
13205    26441    64006    71109    47030    22926
21121    25828    72473    79550    59838    27468
17431    38155    69830    76373    37374    20946
19510    36396    71212    70947    53919    21093
