19932    23329    26128    27950    19274    21573    23364    21358    11428    12556    6325    6961    5760    9662    5958    4922
20311    16481    17240    15336    22581    23887    20527    27535    22666    17170    10410    7434    3741    6480    7932    8932
16485    16180    17249    14468    19667    15962    18102    27624    17312    21220    11026    9533    6890    6264    5495    5266
4725    8307    4935    3806    11413    20217    18073    25294    17055    15011    14986    20075    14748    13160    14113    12743
5253    4468    8977    10638    16469    18944    17905    14056    10632    17450    15060    10335    20504    13511    11073    13723
7714    8611    14748    15193    18042    21143    17706    17636    11290    12700    9441    12703    13357    16362    13573    11836
14215    14353    22989    19960    15972    10599    16316    10070    11956    11852    12806    9044    10658    10136    6525    10162
17447    14877    14680    11239    13870    13655    9723    11509    10145    9382    7463    11823    8916    7525    6920    8232
14385    10951    10956    8678    11166    8649    7328    11697    10610    11153    7436    8141    3356    7745    13130    8953
6495    6656    11352    9592    17849    12065    11735    13995    12994    19871    12188    11317    11379    14415    12755    14746
10071    15868    14217    12155    12539    11770    13214    9806    16394    17422    11497    16462    9667    10937    15789    14188
5024    5043    5958    7219    9599    12271    12581    17563    19509    15970    11658    10594    14412    15841    15729    15948
10549    16356    12218    15478    12485    13228    8685    11396    12016    13890    18568    16006    12629    9888    12539    5854
4218    3356    4151    6958    3010    4542    7245    10692    10651    23445    22114    15594    17821    14075    15975    15224
4013    4438    5267    4748    3883    6871    6438    8850    8688    15664    21296    33249    28472    25200    19556    29111
22082    28276    17809    20592    20533    23669    20303    19749    18872    7448    5914    5383    3784    5413    4805    3922
35978    24312    33219    17859    29474    24751    32553    16431    10050    6318    9102    6729    4930    5666    4527    4262
33490    26835    21115    21181    25367    29279    22266    17009    12669    6146    7046    4830    2655    5847    4218    4764
32347    36743    28842    28911    36832    33393    28013    12422    10070    4644    5550    6656    6937    4331    5282    5305
31801    33627    28298    27414    24934    30286    19164    17083    11199    4422    6903    5482    5356    4031    5642    4467
37859    22367    32220    30666    37771    27152    19952    20361    7927    7497    8655    6698    4862    2392    3655    3043
