14976    21549    43120    76493    53738    26132
17909    30544    49503    52951    36371    16303
12472    20678    42154    50318    36021    25491
15929    25739    38312    50479    39634    20902
14457    23266    55246    53009    25586    17155
17085    27505    29845    57656    37320    24473
12833    24514    41829    51492    31085    18819
10623    23909    25560    30074    30322    19057
10581    17796    28956    34429    20875    17336
13753    13972    26690    21422    17078    16573
20532    24016    38525    55686    36827    25951
16113    21171    49090    53450    36300    25303
15408    25255    45030    54854    47967    19134
15207    25300    47368    55760    40355    15871
14471    26260    56887    63123    42851    18114
17670    27430    54343    59539    42379    19919
13199    34185    46811    48022    30821    15778
11622    23729    39192    56949    43856    23749
10613    27147    41264    66451    45838    20660
18253    35380    58903    70155    45227    23263
17108    29513    61465    70699    45408    22098
