2449    3472    5855    3901    3777    6933    4931    10106    10727    18732    22077    23689    28534    37597    31158    22070
20117    19249    15978    16600    15480    14351    18196    17872    14975    15367    7948    5620    4740    7911    4510    4667
4737    4408    5545    4971    10292    8015    13449    16348    14538    18622    12456    14857    16325    18028    13833    10710
5304    4879    7579    7708    10796    10033    18685    17188    15000    14302    12150    16810    12672    12261    15660    9968
12788    11165    18407    12297    10295    10934    15872    12183    13616    9564    16572    13683    12173    8688    6873    3609
5290    12070    10827    17881    14626    12338    8788    12716    15946    12339    14915    16209    8230    11776    12000    7933
6225    9450    15184    15010    13729    12320    8545    12235    10984    13544    10987    8472    10759    11171    14284    7673
11050    8104    8467    10687    8533    11319    10223    11955    8292    5469    10230    5767    9118    6643    7034    6654
7767    7452    11648    10667    7982    7381    4066    9232    6952    6191    10036    8193    9982    6403    7145    8876
5482    10397    7590    4762    9330    6285    8004    6431    11471    4769    6956    5031    9560    6598    4102    2720
13181    12392    10541    13970    13278    13160    16257    12735    13890    12554    10754    12727    11137    12810    12084    10067
10336    11596    13270    8276    12086    9691    12371    11688    13754    13750    18073    15729    9709    15157    13356    12585
3062    4062    4349    6453    9484    11012    12016    17447    18304    19377    18826    17922    22886    15897    10293    16258
5513    5749    5346    2859    4452    11182    13980    20634    24285    21066    19858    7898    11487    16167    15954    13431
5494    4824    5132    2714    4157    8407    7539    13348    17940    18736    23854    26502    20576    16977    24795    20711
4661    5176    4840    4245    4462    4476    6756    8019    17262    18833    36312    19371    21779    26015    21847    17226
2863    4756    3817    6079    5615    4416    8093    4655    9069    16928    18022    33831    14826    20898    15020    19928
2990    4530    5142    5289    4381    5190    6109    6421    6953    14021    22130    22664    27999    27779    18663    18836
4430    3287    6428    4248    6157    6734    4532    4460    8431    8574    13147    22612    32053    25882    23909    37089
31318    23024    21283    21931    31895    31005    26036    14542    9811    8735    5958    4994    7051    4486    4874    4238
30021    38459    23116    30157    26708    19160    18487    12991    7403    5932    7336    4851    7613    5695    5326    3036
