40839    25325    24088    82283    104927    73368    35775    30413
44422    30409    39917    85926    93124    63104    22461    27002
32081    24662    47609    73473    69766    78025    47844    28806
39568    28343    58363    83556    100963    69310    31238    28445
29300    30836    49570    88554    113821    63673    34806    29425
39237    25130    39663    84046    83308    76218    38495    27052
28954    28823    22124    67489    74007    78955    40789    37894
32184    23031    33754    87456    85006    66788    38295    24148
27896    23400    31750    70340    77348    79524    39491    24379
24565    26885    29753    73854    81664    61751    30260    25089
28095    23000    33456    71804    86754    80635    46287    25119
25829    31732    36344    68421    83963    79998    40901    24977
37302    22862    31368    75337    86412    71527    43898    26209
32201    31806    31017    76128    83495    79194    39696    33701
29477    24703    38191    72647    83080    71467    36141    25327
35062    29590    34148    64370    88736    71246    35645    29087
25687    24719    38318    81315    81513    65601    33698    31826
45836    25605    57852    76790    74066    66675    36978    34934
32346    29441    46947    89336    81508    71134    22716    36675
24958    21552    32155    66777    72601    74743    45850    26701
30210    22553    30211    62257    79308    71204    47729    33202
29251    24358    29518    71907    76802    76158    50842    31606
30529    31489    30899    65792    80761    69524    42115    20280
31720    20761    42400    71845    76262    81353    32282    30488
38423    19124    30328    69535    77441    68159    30295    25629
33432    33113    46860    70321    86910    66709    35943    36301
26444    29576    47331    77185    82354    64972    29927    24924
27327    30910    44736    65165    79967    71420    32331    33087
40623    29167    53709    76441    81518    72631    36830    32013
23920    36100    45573    76471    80352    74488    35575    30911
34717    20248    35148    62886    71807    74270    42780    20691
