25933.666666666664    52180.66666666667    57302.66666666667    38717.666666666664
27724.0    54628.00000000001    58996.666666666664    39024.333333333336
33139.0    51408.666666666664    59203.66666666667    36143.0
38840.66666666667    66918.33333333336    62289.333333333336    36429.333333333336
37751.66666666666    53897.66666666667    63879.99999999999    31782.333333333332
28569.333333333336    52690.666666666664    50424.333333333336    38405.33333333333
25559.000000000004    45343.333333333336    49441.333333333336    34481.333333333336
21832.666666666668    51529.333333333336    59310.0    34765.0
20557.333333333332    48801.0    59730.333333333336    38719.0
33049.00000000001    56910.33333333334    60848.666666666664    34963.33333333333
36055.66666666667    54383.33333333333    52086.33333333333    29283.0
30380.000000000004    52380.66666666667    52102.0    31875.666666666664
24333.0    54063.0    48610.33333333333    29450.666666666668
30406.0    46057.00000000001    43811.333333333336    31858.666666666664
25041.000000000004    40303.00000000001    43775.33333333333    21926.333333333332
22523.333333333332    47962.333333333336    44021.666666666664    29649.333333333332
24426.66666666667    41501.33333333333    38461.666666666664    26424.666666666664
19440.333333333332    44316.666666666664    37736.66666666667    28073.33333333333
26038.666666666664    42958.66666666667    54761.666666666664    28996.66666666667
29405.333333333336    46097.66666666667    57646.333333333336    30709.999999999996
26255.0    49980.333333333336    53345.33333333333    34182.666666666664
26377.666666666664    50867.666666666664    52947.66666666667    35580.0
20968.666666666668    46373.00000000001    52416.0    43223.0
28735.333333333336    46563.666666666664    55547.66666666667    30605.999999999996
17833.333333333332    43798.666666666664    61566.0    40002.333333333336
25588.000000000004    48040.333333333336    58795.33333333333    34386.0
26567.333333333332    51339.666666666664    53068.666666666664    34010.666666666664
26140.0    51908.99999999999    56676.33333333333    32512.0
36413.666666666664    62439.33333333333    55513.333333333336    30335.999999999996
34874.0    59805.0    63660.333333333336    33295.0
34378.00000000001    59827.666666666664    59220.66666666666    30607.000000000004
