2111.0    2068.6666666666665    2968.6666666666665    2063.666666666667    2029.6666666666667    3630.666666666667    4189.666666666666    3989.3333333333335    3700.666666666667    5557.666666666667    5334.333333333333    10642.0    19996.666666666668    36772.0    41202.0    27878.0
2203.3333333333335    1851.6666666666665    2581.666666666667    2358.3333333333335    3075.3333333333335    3287.3333333333335    2978.3333333333335    2565.6666666666665    5092.666666666667    5833.666666666666    7779.666666666666    11779.666666666668    21495.333333333332    32314.333333333332    38847.33333333333    36328.66666666667
6802.0    10278.999999999998    12092.333333333332    11745.333333333334    10085.0    5796.666666666667    3693.0000000000005    4063.666666666667    4180.0    4217.0    5898.333333333333    9108.0    13913.0    24442.666666666668    28066.666666666668    25511.666666666668
13967.0    24073.666666666668    32400.333333333332    33537.333333333336    29035.333333333336    18803.666666666664    12031.0    8076.333333333334    6423.000000000001    5671.333333333334    3613.0    4868.666666666666    2469.333333333333    2952.6666666666665    3341.333333333333    3213.6666666666665
11884.0    22943.0    23516.666666666668    21330.666666666664    20340.333333333332    11200.333333333334    8286.333333333334    7377.666666666666    4645.999999999999    3404.6666666666665    4870.0    8271.666666666666    7148.666666666666    11013.999999999998    10610.000000000002    10467.666666666668
2881.0    1877.0    2729.0    2450.3333333333335    2561.6666666666665    3507.666666666667    2971.3333333333335    3342.9999999999995    3334.0    5451.333333333334    10083.666666666666    15699.0    21173.0    33509.333333333336    30046.333333333332    28472.0
2186.333333333333    2798.6666666666665    2371.6666666666665    2350.666666666667    2948.3333333333335    2945.3333333333335    4011.333333333334    4101.333333333333    3731.666666666667    5243.666666666666    8441.0    15713.666666666668    20188.666666666668    22522.0    29304.999999999996    25965.666666666664
2646.6666666666665    3066.0    2371.6666666666665    1645.0    2327.0    2466.3333333333335    3098.3333333333335    4643.0    4022.9999999999995    7110.333333333333    9893.666666666666    15894.666666666666    22276.666666666668    29037.333333333332    28909.666666666664    28027.666666666668
2484.0    3279.0    2543.666666666667    2781.666666666667    3027.0    2765.3333333333335    4167.0    4338.0    4533.333333333334    9407.666666666666    13715.0    19471.0    23142.666666666668    23911.333333333336    26672.333333333336    21568.666666666668
15315.666666666666    10821.333333333332    11059.666666666668    14724.333333333334    15726.000000000002    10653.666666666666    16099.333333333334    13751.333333333334    6338.333333333333    5439.333333333334    6760.666666666667    5091.0    6403.333333333333    14001.333333333332    18162.0    15423.999999999998
18761.0    20633.333333333332    21270.666666666668    16206.666666666666    16955.0    15520.333333333332    13031.333333333332    13365.666666666666    8832.0    4925.0    3447.333333333333    5132.666666666667    4253.333333333333    3758.333333333333    2902.0    2813.666666666667
11152.0    22072.333333333332    21094.0    19116.666666666668    14168.666666666666    11194.0    11254.666666666666    11556.333333333332    13933.666666666668    8553.666666666666    5224.0    4400.333333333333    3951.3333333333335    3735.666666666667    2331.0    3000.0
10218.666666666666    14925.333333333334    17551.0    18579.333333333332    12606.333333333334    10362.0    9567.0    9387.666666666666    10105.666666666666    11764.999999999998    8326.0    8931.333333333334    5083.333333333333    4071.0    2496.0    2481.333333333333
4443.0    4102.0    7796.333333333333    10261.0    10483.666666666666    9736.0    7903.333333333334    12358.333333333332    8579.666666666666    7661.666666666666    5754.0    7580.333333333333    11234.0    13826.0    15607.666666666668    14806.0
2520.6666666666665    2936.6666666666665    6942.666666666666    7865.999999999999    8694.0    9088.0    8117.333333333333    7120.0    10416.333333333334    5950.333333333333    7926.666666666665    7278.0    6128.999999999999    12140.666666666666    16121.333333333334    11798.0
9852.666666666668    9007.333333333334    9800.0    9449.0    8783.0    7409.0    7691.333333333333    7948.333333333333    7011.666666666666    8159.999999999999    6112.0    4869.666666666667    9691.666666666668    12479.333333333332    12738.333333333334    13153.333333333334
8221.0    7934.333333333333    10066.666666666666    7964.666666666666    6105.333333333334    5457.0    7705.666666666667    7680.666666666667    6033.666666666667    7091.333333333333    7849.000000000001    5974.666666666667    8599.000000000002    10563.666666666668    14471.666666666666    9096.0
8282.666666666668    7840.999999999999    8234.0    8176.333333333333    6627.333333333333    5203.666666666667    5086.666666666666    5291.666666666667    5161.333333333333    5474.0    9089.0    8389.333333333334    6615.333333333334    14476.333333333334    13112.333333333334    12506.000000000002
2694.0    2913.0    3511.0    3554.6666666666665    2807.3333333333335    4008.3333333333335    3799.0    8636.0    8305.666666666666    10393.666666666666    13109.333333333334    15188.333333333332    10766.666666666666    18496.0    22861.666666666668    21711.0
2648.0    2227.0    3069.3333333333335    3096.0000000000005    2502.3333333333335    3242.6666666666665    2881.0    4249.666666666667    6498.000000000001    9901.0    13616.666666666666    17442.333333333336    21084.333333333332    22578.0    25132.000000000004    23690.999999999996
3622.333333333333    2588.6666666666665    3302.666666666667    3394.333333333333    2646.0    3787.666666666667    3263.666666666667    3435.3333333333335    2895.333333333333    7480.0    8934.333333333332    19856.666666666668    23343.666666666668    24725.0    25711.000000000004    24776.666666666668
2521.3333333333335    2228.6666666666665    1790.0    3748.3333333333335    3742.3333333333335    3602.6666666666665    3710.666666666667    4376.0    4735.0    5055.333333333333    8564.0    16791.666666666664    20103.0    25342.333333333332    28499.999999999996    30961.666666666664
2818.6666666666665    2215.3333333333335    2324.0000000000005    2616.333333333333    2237.0    2897.333333333333    3208.0    3716.6666666666665    4406.333333333334    3751.0000000000005    9377.0    13922.999999999998    25333.0    26213.666666666668    27295.0    30648.333333333336
2346.3333333333335    2218.3333333333335    2395.3333333333335    3681.333333333333    2741.0    3463.666666666667    2313.333333333333    3918.666666666667    4525.333333333334    5204.333333333334    5492.333333333333    9091.666666666666    23336.333333333332    25443.999999999996    30677.333333333332    34603.333333333336
3316.666666666667    2503.0    3014.666666666667    2465.0    2590.3333333333335    3486.0    2374.666666666667    3161.6666666666665    5198.333333333333    4565.666666666667    5164.666666666666    12565.333333333334    21845.666666666668    29956.666666666668    34591.666666666664    26400.333333333332
2939.3333333333335    3228.333333333333    2437.0    2426.333333333333    2559.6666666666665    2967.9999999999995    2738.3333333333335    2712.6666666666665    5834.666666666667    4838.0    7087.333333333333    12427.666666666668    20825.666666666668    33270.333333333336    32860.0    27656.333333333332
3130.0    2101.3333333333335    2752.666666666667    2029.666666666667    2137.666666666667    2772.3333333333335    2991.666666666667    3523.6666666666665    7194.0    6235.666666666666    5904.0    10079.666666666666    18324.666666666664    27055.666666666668    37741.33333333333    31012.333333333332
3577.6666666666665    3231.6666666666665    3783.3333333333335    2131.666666666667    2114.3333333333335    2323.0    3694.666666666667    2649.0    3443.9999999999995    5368.0    6791.333333333333    10907.333333333334    19783.666666666664    32538.0    35224.333333333336    29675.333333333332
13172.333333333334    25414.333333333332    35298.333333333336    37685.0    21354.666666666664    11001.666666666666    7505.333333333333    5994.333333333333    5621.0    4162.0    1991.6666666666667    2527.6666666666665    2762.0    4037.0000000000005    3340.6666666666665    2834.333333333333
9946.333333333334    27528.333333333332    41771.333333333336    37810.0    20814.333333333332    12723.333333333332    7288.333333333334    5565.0    6546.0    3561.0    3251.333333333333    3606.666666666667    3016.0    2662.0    2896.0    2648.333333333333
13181.000000000002    23327.000000000004    38996.33333333333    36855.333333333336    19278.0    10035.0    7594.333333333333    6718.333333333333    5925.333333333334    4372.0    3826.9999999999995    2564.6666666666665    3833.333333333333    2899.0    1974.6666666666667    2652.0
