11400    15011    28986    42104    58556    55659    49780    33115    22799    20070    12025    14513    8254    6216    7047    6229    7131    8516    5473    6987
15999    15632    37050    39926    51726    54502    51880    37221    22782    17301    9243    15626    11116    5755    8333    8562    8321    8087    8694    11715
14102    18797    34333    45013    49869    50314    35936    38177    24149    15164    9317    12036    9832    7654    6115    5635    8755    8344    10771    6813
12022    20314    33528    40161    42612    51558    48326    32245    20792    13986    17348    12524    6866    7596    5010    5804    7155    5989    9038    7821
9838    19042    32480    37523    48892    45729    57030    42095    28557    20222    20362    12827    9051    10669    9801    8331    6503    7248    8801    6963
13574    21739    34824    45917    40990    44457    50240    31845    30570    18876    13941    11003    11414    7455    6412    7533    5223    6509    8803    7260
15477    15512    37895    45987    33170    33624    40887    43962    38185    21479    14390    11761    10809    6526    6985    7231    5039    7572    10640    9494
14652    24383    36982    43303    31062    23805    24733    37895    26352    18933    14281    10448    13082    9502    7808    8669    10139    9064    6661    5374
7200    5550    4741    5919    8960    6086    8574    8227    10274    11738    13894    28136    28317    38436    30531    29319    29797    29622    27996    33082
6795    4400    4156    6609    8040    9288    5621    7691    11690    13232    10959    23396    31029    30676    32255    22589    35983    21155    35019    26025
3884    5078    7073    5681    6568    5722    6157    11153    6773    14200    24464    27260    29782    24316    24784    29153    23325    29774    21192    24836
5820    7870    5199    3822    5344    8039    8945    11184    20940    29278    26900    27501    25401    18801    24199    26322    20640    17047    23143    22755
4839    5354    6311    8795    10722    12760    15544    24309    19186    22707    28297    16156    22064    22827    13984    20462    18037    19707    22682    19066
15378    21631    13794    14727    13457    18934    11674    14539    16733    22567    14273    14553    15185    12737    20684    16281    13381    12049    11715    14420
14510    18122    15538    17921    13322    22583    14400    18714    17803    13328    13799    16068    16392    17122    15690    18427    12041    14180    19874    11308
7301    5066    7160    10807    5510    10885    12631    11597    16695    15550    18266    16691    28452    20322    32076    23971    29590    18728    22909    20768
11545    23881    30099    41590    22520    29852    24027    29572    27234    28636    17435    14475    14188    9193    7314    9497    10539    8916    9537    12257
9721    8257    7579    17172    20199    14277    19081    18799    11608    11903    15065    18994    23545    22607    18225    17715    18401    21822    20599    25011
14058    26612    28305    36243    28862    28669    32062    41104    28713    32642    17400    11883    12825    11629    9083    6673    7212    7150    6783    8721
12187    23838    33833    34281    33470    21980    32164    39416    25591    23149    15579    9066    10705    12831    4941    7112    6153    5649    9735    6714
13651    27336    35510    38050    38611    33450    40782    38748    31823    20435    9346    12013    11083    5053    7802    5060    5222    6601    4938    8802
9570    23982    35387    37517    50843    35123    31482    38855    23413    20863    11886    9459    11166    7128    6204    6914    8560    6317    7013    8854
13436    24325    33808    45136    52511    50131    43842    42766    29389    14702    13737    11169    11032    7156    6336    7598    6459    8713    8018    5482
8197    3345    6638    4986    5961    5421    4435    8703    6269    9217    10530    10876    12829    21873    41082    46920    54139    59411    42430    29743
5804    5816    5552    5624    5851    5327    8129    9560    10392    6831    6438    7945    9918    26055    39747    48190    53734    57185    51049    39751
5059    6370    5926    6126    4641    6786    9823    9282    10706    7340    10109    9182    10474    19862    33141    42806    53416    60568    46491    22115
3979    5693    3981    7071    5449    7613    10467    12132    7460    5974    7897    11374    14761    21184    30716    50864    59991    57985    41436    30195
5780    6572    5594    8704    10631    5373    5230    9224    9433    11439    9114    8423    12883    20111    37419    57969    53439    58536    40868    24097
5731    6327    7006    4234    12345    6789    6204    4741    6385    7918    9965    9730    13863    12374    24250    49492    58027    51989    37213    36486
7667    3088    6576    4679    5363    6945    4738    7237    9918    6176    7949    14984    17816    14171    25075    44069    58235    60876    33649    24050
11286    17786    24063    38923    51053    57147    47675    26430    22718    16454    13623    12461    12075    6583    12031    6530    5714    6098    4510    4749
