19194.66666666667    19504.666666666668    31999.333333333336    61315.666666666664    64045.66666666667    32383.0
22423.999999999996    18554.666666666668    33996.66666666666    66597.66666666666    64131.00000000001    36629.666666666664
18606.333333333332    18050.0    28076.333333333332    57896.0    63459.666666666664    39031.666666666664
19196.000000000004    16100.666666666666    28900.333333333336    58226.0    66226.66666666667    43246.0
20027.0    15742.333333333332    22586.33333333333    64634.00000000001    62892.0    41554.33333333333
22847.666666666668    21640.0    38911.0    68462.33333333331    59224.33333333334    27417.333333333336
24276.333333333332    17329.0    41466.666666666664    66090.0    60934.999999999985    35827.66666666666
19848.333333333336    22967.0    38588.0    64200.00000000001    72516.66666666666    37214.333333333336
26023.666666666664    21085.333333333336    44730.33333333333    67674.00000000001    57305.666666666664    34529.33333333332
22399.666666666664    22049.000000000004    35011.00000000001    63646.66666666666    60630.333333333336    33967.99999999999
22544.0    17515.333333333332    37908.00000000001    62038.00000000001    62266.99999999999    33175.99999999999
18931.666666666668    18634.666666666664    34626.666666666664    64678.66666666667    55498.66666666667    26465.33333333333
21645.0    16704.333333333336    27459.666666666668    57260.00000000001    58243.66666666667    37096.666666666664
21428.333333333336    16855.0    28723.666666666664    52754.33333333334    53187.66666666667    34381.33333333333
19434.333333333336    19953.666666666668    29833.666666666668    44234.333333333336    47657.66666666667    32601.666666666668
17240.666666666664    15182.666666666666    32713.666666666657    47507.00000000001    48844.33333333334    30663.0
16865.999999999996    15204.666666666666    27175.0    45511.666666666664    45037.0    27809.999999999996
15339.000000000002    16463.0    22815.666666666664    44913.666666666664    44399.0    23501.000000000004
18581.333333333336    18229.333333333336    32813.0    51306.666666666664    55891.666666666664    36264.333333333336
19636.000000000004    14401.333333333334    28219.333333333332    53754.333333333336    59102.666666666664    36351.666666666664
21315.0    17707.0    31865.333333333336    61011.666666666664    64669.333333333336    38746.666666666664
20092.000000000004    18141.666666666668    35248.0    52604.00000000001    59434.33333333333    38455.333333333336
18139.333333333332    14158.333333333336    33953.33333333333    56982.333333333336    59139.66666666667    36749.0
17396.666666666668    14849.666666666668    28568.333333333332    62238.66666666666    67805.0    36599.33333333333
23756.0    15881.000000000002    34013.66666666667    63201.00000000001    57808.333333333336    39768.0
19692.0    23484.0    35026.0    63025.33333333334    66957.66666666667    30470.0
22194.666666666668    19904.666666666668    37603.66666666667    73304.66666666669    60795.66666666667    31258.333333333332
20866.000000000004    20539.999999999996    29924.000000000004    61217.666666666664    54551.33333333333    36039.333333333336
18579.333333333332    17141.666666666668    31068.666666666664    63745.666666666664    63603.666666666664    39643.333333333336
19031.666666666668    17640.33333333333    27076.0    53917.333333333336    63034.0    36959.0
20286.0    16096.666666666668    27990.0    59348.666666666664    67854.33333333333    39979.0
