7603.333333333334    17623.333333333332    24998.333333333332    34296.0    37959.00000000001    32113.333333333336    17038.666666666664    7938.666666666667    8072.666666666668    6800.333333333333    5714.0    3866.3333333333335    4659.999999999999    4967.666666666666    4208.0    3671.3333333333335    3528.9999999999995    3383.0
7195.000000000001    14122.666666666666    27441.666666666664    35287.0    41225.66666666667    31658.0    17036.0    9768.0    9956.666666666668    10215.0    6306.333333333334    4901.666666666667    5476.0    4343.333333333334    4989.0    3697.333333333333    4415.333333333333    4299.0
3017.333333333333    4514.666666666666    4403.333333333333    4268.0    4601.333333333333    4466.333333333334    4484.666666666667    3909.0    4692.333333333333    7170.666666666667    6394.0    6319.666666666667    10845.666666666666    20886.333333333332    31501.000000000004    37496.666666666664    38111.0    28038.0
4349.333333333333    4103.666666666666    3599.6666666666665    3660.0    3930.333333333333    4506.333333333333    4357.333333333333    4427.0    4386.333333333333    6164.666666666667    5661.666666666667    8695.666666666666    13107.666666666666    21962.666666666668    35853.666666666664    43394.33333333333    35707.0    24028.333333333332
3520.3333333333335    3217.9999999999995    3289.666666666667    3250.333333333333    3279.6666666666665    4400.333333333333    5533.999999999999    4287.0    5362.0    6211.000000000001    5541.666666666667    8094.333333333333    15460.999999999998    21937.333333333332    33823.333333333336    34517.0    35611.666666666664    30097.333333333336
10246.666666666668    17958.0    32645.333333333336    33016.666666666664    30716.666666666668    23469.333333333332    17928.333333333332    17058.333333333332    10322.666666666666    7597.333333333334    6584.0    5733.0    4364.333333333333    3242.333333333333    4171.333333333333    3798.6666666666665    4944.0    4705.666666666666
12049.0    22744.666666666668    30774.333333333336    36869.666666666664    30734.666666666664    23860.333333333332    23501.666666666668    14492.666666666668    7815.666666666666    8341.333333333334    5159.666666666666    6893.666666666667    4110.333333333333    4348.666666666667    3993.333333333333    3151.333333333333    3865.9999999999995    3217.6666666666665
17122.333333333336    23023.666666666664    26238.0    31909.0    28878.666666666668    25535.333333333332    27292.333333333332    17832.333333333332    13012.333333333332    7189.666666666668    5684.0    5468.333333333334    3773.6666666666665    5187.333333333333    4751.333333333334    3811.3333333333335    4257.333333333334    4367.333333333334
19534.333333333332    20684.333333333332    28572.333333333332    27069.0    28387.33333333333    25689.666666666668    22680.999999999996    18101.666666666664    13859.333333333332    9750.0    6642.333333333333    6377.666666666666    5577.333333333333    3738.3333333333335    4330.666666666667    3138.0    3742.0    3472.9999999999995
16423.333333333332    19166.999999999996    20561.666666666668    22780.0    27320.0    21322.999999999996    20375.666666666664    22225.333333333332    14535.666666666666    11522.666666666668    6342.666666666667    7323.666666666667    5028.333333333333    4800.333333333333    5630.333333333333    5027.0    3907.333333333333    3410.6666666666665
19937.333333333336    18373.666666666664    19764.333333333336    20783.666666666668    22235.333333333332    19182.333333333332    17840.0    18857.333333333332    14690.0    13991.333333333334    10883.333333333334    7998.999999999999    7095.333333333333    6399.666666666666    4427.666666666667    4237.333333333334    4841.333333333333    3909.3333333333335
15481.666666666666    15109.333333333334    18046.666666666668    24257.333333333332    23534.999999999996    12177.666666666668    14713.666666666666    16717.0    16588.0    14566.666666666668    12452.0    8608.333333333334    4321.333333333333    4979.666666666667    5702.999999999999    3861.0000000000005    3304.0    4413.333333333333
3201.0    3572.666666666667    3576.0000000000005    6702.666666666667    5893.999999999999    5714.0    6075.666666666667    8710.333333333334    16771.0    18039.000000000004    16266.0    14249.333333333334    15016.666666666666    18196.666666666668    14975.0    20892.333333333332    20295.0    20262.0
12178.0    10731.333333333332    13319.0    20436.0    17769.666666666668    16796.666666666668    11199.333333333332    11585.0    11363.666666666666    9891.0    10826.666666666666    10070.333333333334    13784.666666666666    12273.333333333334    9202.0    4770.666666666667    4940.666666666666    6192.333333333333
4568.0    4117.0    6716.666666666667    7976.000000000001    11354.0    13123.333333333334    11329.333333333332    8600.333333333334    9464.0    12131.666666666666    11100.0    9719.0    9589.0    13437.0    14147.666666666666    14148.333333333334    16100.333333333334    16093.666666666668
7140.666666666667    11115.0    9595.333333333334    6566.0    10048.333333333332    6840.000000000001    8923.666666666666    8742.666666666666    8123.666666666666    8277.333333333332    8511.0    9895.666666666666    8706.666666666668    10396.666666666666    20769.333333333332    20507.0    16296.333333333334    11696.0
10260.666666666668    10893.666666666666    9761.333333333334    8480.0    9425.0    6682.0    7415.666666666667    8037.666666666666    7218.0    8722.999999999998    8723.333333333332    8996.666666666668    6621.666666666666    9797.0    13711.666666666668    17825.333333333332    14700.666666666668    10331.000000000002
8215.666666666666    7387.333333333333    10251.666666666666    8711.0    10448.666666666666    9099.666666666666    9283.0    7541.333333333334    7636.999999999999    6938.666666666667    7479.666666666667    6248.333333333333    10531.333333333334    9229.333333333332    11818.0    15390.666666666666    13056.333333333332    8163.666666666667
4768.666666666666    3959.0    4099.333333333334    6821.666666666667    4471.333333333334    5517.666666666667    5498.0    5765.000000000001    8299.0    9182.666666666666    16904.0    17231.333333333332    14264.666666666668    16153.000000000002    22370.333333333332    24530.333333333332    24152.999999999996    19097.333333333332
2965.333333333333    2867.333333333333    3470.0    4641.666666666666    3653.0000000000005    3999.0    4866.0    3909.0    4119.333333333333    4812.0    10880.666666666668    19261.333333333332    20952.333333333336    20646.333333333332    28827.333333333336    24071.0    27786.666666666664    19737.0
8778.0    9271.666666666666    12319.666666666666    8606.0    12551.333333333334    12031.666666666668    12824.666666666666    10692.0    10670.0    8186.333333333333    7426.666666666667    12030.333333333334    12112.333333333334    14312.333333333334    22132.0    22110.999999999996    21041.666666666664    18217.333333333332
4237.666666666666    7514.333333333333    12407.333333333334    15031.333333333334    16559.0    12038.0    7642.333333333333    6771.333333333333    8849.666666666668    7656.666666666667    5270.333333333333    8679.666666666668    13430.0    18787.333333333336    18705.666666666668    22863.666666666668    17203.0    20328.000000000004
3399.0    4630.666666666667    3166.6666666666665    3769.3333333333335    3366.6666666666665    3537.333333333333    3447.3333333333335    5394.333333333333    5017.0    7814.0    7225.333333333334    9492.000000000002    17523.666666666668    27669.333333333332    29346.333333333336    32791.0    29573.0    21959.0
3430.666666666667    4577.0    4120.666666666667    2933.9999999999995    3655.0    6197.333333333333    3842.6666666666665    4599.333333333334    5721.0    8936.333333333332    5124.333333333333    7950.666666666667    18131.0    22010.000000000004    30156.0    37337.0    33116.0    25618.666666666668
3626.333333333333    4038.0    2466.6666666666665    5013.333333333333    4482.666666666667    3950.6666666666665    3795.0    3582.3333333333335    3692.333333333333    5609.0    6486.666666666666    8481.333333333334    15705.0    27867.666666666664    35485.33333333333    36655.333333333336    36174.333333333336    27316.0
5581.333333333334    8519.333333333334    13356.333333333334    13441.333333333334    19186.666666666664    14763.666666666664    10176.666666666668    7593.0    6193.333333333334    7196.333333333333    7211.333333333333    7140.333333333334    10150.333333333334    16077.333333333332    22249.0    24811.666666666664    28156.0    16851.0
9729.666666666666    19125.666666666664    26705.0    39894.333333333336    38260.0    31686.0    14404.333333333334    10416.0    9444.666666666666    6936.333333333333    7367.0    5414.333333333334    4783.0    4636.333333333333    4819.666666666667    3097.0    3688.333333333334    4654.0
4963.666666666667    10247.333333333332    13551.333333333334    23305.333333333332    21185.333333333332    15783.666666666668    10031.333333333334    7057.333333333333    9012.0    5708.666666666667    5756.333333333333    6624.666666666667    7278.333333333333    10804.666666666666    19376.333333333336    19470.333333333332    20044.666666666664    12937.0
4573.0    2895.666666666667    3091.3333333333335    3023.6666666666665    3563.0    3326.6666666666665    2985.0    3957.6666666666665    4477.666666666666    7210.0    7939.333333333333    10230.0    13114.333333333334    21721.333333333332    37503.666666666664    39466.0    39391.0    25313.0
3703.3333333333335    4594.666666666667    4314.0    3541.666666666667    3954.0000000000005    4000.333333333333    3594.666666666667    4004.9999999999995    4613.666666666666    4928.0    8735.666666666668    8706.0    10336.666666666666    20433.333333333332    31382.666666666668    38239.33333333333    39507.66666666667    19067.666666666668
2506.0    3091.3333333333335    4319.666666666666    4292.0    4449.0    3851.3333333333335    3411.3333333333335    5253.0    5337.333333333333    7291.666666666666    7560.0    7710.666666666666    12675.333333333334    21162.666666666668    36285.0    45276.666666666664    34501.33333333333    22580.333333333336
