26393    34401    100505    126034    113262    46595
24215    42172    95963    140739    89239    40589
24711    30878    85426    109269    95925    35030
23181    43693    95317    115965    91770    43112
26297    43590    84243    123276    69973    35207
29820    42822    95004    137124    88631    43694
25197    33283    84776    123410    95150    43021
26098    36882    87754    122787    111144    44991
30204    26842    109111    120949    101241    35897
25259    32698    56846    80744    58272    33065
31045    39601    81505    83161    66155    35544
25392    38851    81993    91457    64679    26642
22010    49298    103951    114298    70204    21610
35423    35571    79953    117585    96575    41245
20606    34508    84800    112476    89849    40387
21724    34867    73183    118506    99212    37949
30105    33002    79372    130997    104697    42946
34261    49648    98204    115560    88505    32447
23737    41503    93848    121123    83564    33684
28039    51292    93169    110959    68268    34620
27498    43740    71537    125588    99241    48822
