8865    14106    35134    52684    40340    22957    8619    18792    9221    6329    7802    10850    13467    24363    54514    60617    39974    18556
18345    26594    33909    29554    31157    35331    20061    12408    11650    14425    10372    16498    22202    30692    35154    33534    27103    23928
12497    23422    24938    22768    33294    24250    18045    14409    9438    9249    7517    8399    25767    27319    26899    36801    27551    28676
8749    15026    30975    50389    39338    18070    9066    11597    9112    10065    11887    15119    14130    18060    51359    53982    33021    13093
22016    22217    17624    25411    20600    29852    25679    17956    17340    10794    12441    30455    30690    16250    18852    16213    23779    24417
11580    30399    41948    37304    36725    17745    21614    20969    10901    9522    17933    15481    15339    31674    38889    43905    20990    14177
18370    16158    23776    37462    25765    17990    13464    24775    20013    17426    18283    18054    18015    28524    29471    23605    32506    21180
9597    17814    44984    44532    35776    18418    15104    10030    11480    11119    15013    10311    9091    31609    48742    51249    31728    13059
7642    15595    47168    52115    31950    18575    9554    12923    10200    11633    8083    8695    13368    26090    47973    51925    26736    24019
13044    14158    19953    14425    20511    16473    18370    18604    16381    16035    9884    15694    14548    20597    18123    12677    11361    16046
12067    18107    12872    16355    12317    17152    15664    24342    22240    29567    21077    25732    20314    18840    20374    15733    20574    13684
20432    11793    14749    10566    23623    18419    15675    22676    24389    28360    21223    18943    14532    15831    17430    14413    20308    15652
8305    10702    40204    49026    31018    15402    7988    8427    10055    7406    8785    11493    12087    28635    46185    48990    25153    11510
19194    31498    22080    27570    19381    23992    23501    19080    13268    13567    17462    21134    24304    26609    33365    21614    28285    20448
22462    25462    23503    29482    21834    23920    23463    16044    9993    7110    15448    10468    22701    25612    21832    28244    21340    33708
5386    11629    36967    39302    43569    22217    10209    8240    6830    8868    8604    9077    8057    22283    49932    48374    26356    19541
14453    27669    37681    41855    35307    19191    14120    10742    9368    7694    9639    11709    17857    32158    40987    32661    40367    17661
10452    22308    37270    36921    35440    26253    18661    19817    11785    11309    14499    11056    18764    18630    41160    38863    26989    18448
9861    23590    36194    35645    33013    22782    13130    11683    11682    11020    7528    10975    16835    33103    35231    32438    28841    23908
7480    14741    40601    55863    42809    12669    9378    9029    6857    10697    8633    10243    10959    24471    52853    38402    22047    8615
12385    26397    35064    40305    36946    24796    18098    11502    9896    11605    13324    15286    18883    34231    39042    35929    23247    9490
