22304.0    32208.999999999996    67579.66666666667    92044.33333333334    75424.00000000001    44939.99999999999
18722.333333333332    26884.66666666666    68176.33333333333    86481.0    78089.00000000001    45096.66666666666
19891.666666666668    21857.333333333332    52760.66666666667    90098.0    82640.66666666667    43728.66666666667
18900.33333333333    25439.333333333332    62550.99999999999    82423.33333333334    79116.33333333334    48824.33333333334
17617.999999999996    24227.999999999996    54628.66666666667    82113.33333333333    75379.66666666666    44396.99999999999
15852.333333333336    28130.000000000004    55749.99999999999    84374.99999999999    78304.0    43082.0
19386.33333333333    29199.999999999996    60850.33333333333    88804.0    76602.66666666667    44990.99999999999
22887.666666666668    36294.66666666667    64088.33333333332    90676.00000000003    78119.66666666667    36012.0
14790.000000000002    20456.666666666668    50629.66666666667    76738.66666666667    78122.33333333333    44357.99999999999
18210.000000000004    29240.333333333332    58126.66666666666    84604.66666666666    74554.66666666667    37472.0
19436.000000000004    22238.333333333332    39834.666666666664    58340.333333333336    68677.33333333333    45335.666666666664
18164.999999999996    25234.0    46147.66666666666    68891.33333333333    68907.0    35362.00000000001
19080.666666666668    21427.66666666667    44697.33333333333    70105.66666666667    64224.333333333336    31914.666666666668
16954.0    23954.33333333334    41547.33333333332    69087.66666666667    64547.666666666686    43245.0
18194.000000000004    20597.333333333332    49748.333333333336    64802.99999999999    61788.33333333333    36652.0
13459.666666666668    17631.333333333336    37311.666666666664    52082.66666666667    56199.33333333334    37379.333333333336
15709.000000000002    24964.666666666664    47883.333333333336    73750.33333333333    66999.33333333334    38690.333333333336
17809.666666666664    25138.666666666668    55171.99999999999    65783.33333333334    66756.66666666666    40117.00000000001
17369.666666666668    26296.66666666667    44308.00000000001    78391.66666666666    67213.33333333333    46195.99999999999
18767.333333333336    22321.333333333332    41423.666666666664    69409.66666666667    71914.66666666666    46745.0
22228.000000000004    34640.666666666664    63200.66666666667    89658.66666666669    84888.66666666666    40808.00000000001
21849.0    30217.999999999996    59929.33333333333    88970.66666666667    81558.00000000001    47107.00000000001
19741.0    32071.000000000004    62805.00000000001    89210.0    90130.33333333336    42581.66666666667
21293.666666666664    31448.666666666664    65702.33333333334    92964.66666666669    87279.33333333334    38636.66666666667
19502.33333333334    35432.333333333336    70763.00000000001    87270.66666666667    81183.0    37962.33333333333
20609.666666666664    29016.999999999996    66827.99999999999    88880.66666666666    83503.33333333334    48034.66666666667
17717.666666666664    28375.000000000004    69960.0    93288.99999999999    84195.66666666664    43727.333333333336
17788.333333333336    29138.333333333336    73023.33333333334    80221.66666666666    83989.99999999999    44725.00000000001
19829.333333333332    25395.333333333332    51636.333333333336    79157.33333333333    80714.00000000001    44750.666666666664
17917.333333333332    23335.999999999996    52109.66666666666    74310.0    73240.33333333334    45698.333333333336
19948.666666666668    29105.666666666664    56961.33333333334    78367.66666666666    85289.99999999999    51617.33333333333
