14039.666666666666    31707.000000000004    45887.0    58441.333333333336    54931.33333333333    31961.666666666664    17457.666666666664    13829.666666666668    10445.999999999998    6736.666666666667    6733.333333333334    8077.333333333335    6681.666666666666    6371.333333333333    7843.666666666667    4585.333333333334    4326.333333333333    4444.0
16452.666666666668    27690.000000000004    46228.666666666664    52684.333333333336    51552.666666666664    38683.0    23457.333333333332    10641.333333333332    7511.333333333334    9651.666666666666    6634.333333333333    4981.666666666667    4880.333333333334    5602.333333333333    4123.333333333333    4894.333333333333    3404.9999999999995    4375.666666666666
7338.666666666667    12455.999999999998    16690.0    23211.0    21591.666666666664    18479.999999999996    8362.0    5772.0    6972.666666666667    7484.333333333333    10194.666666666668    13200.0    16780.0    29496.666666666664    30506.333333333336    34039.0    29078.666666666664    19323.333333333332
9376.333333333334    15532.666666666668    19331.0    18853.333333333332    18335.666666666664    18899.666666666664    9817.666666666668    7577.666666666667    6187.333333333334    7768.0    8567.0    14207.333333333334    15232.333333333332    26728.0    35260.0    37328.333333333336    27368.333333333336    20884.0
7779.333333333334    11931.666666666666    16432.666666666668    17814.0    18900.0    12421.0    10231.666666666668    7202.666666666666    8530.333333333334    7832.333333333334    8447.0    13334.0    19261.333333333332    30498.666666666664    30183.666666666668    30307.333333333332    25231.666666666668    22025.333333333332
19406.666666666664    25501.666666666664    25340.0    28592.0    26669.0    21759.666666666668    22764.666666666664    12453.999999999998    8059.999999999999    7775.0    8584.0    8519.666666666666    12695.666666666666    17870.333333333332    16091.666666666668    18553.333333333332    14113.666666666666    10742.333333333334
22517.333333333336    32138.333333333332    41522.0    46279.0    34567.66666666667    39191.00000000001    24008.666666666664    20057.333333333332    8944.0    7194.333333333333    5729.666666666666    5251.666666666666    7914.000000000002    5074.666666666667    5171.999999999999    3864.3333333333335    4622.333333333333    5786.0
27769.666666666668    35944.333333333336    34679.0    39624.0    36348.0    39395.66666666667    25396.0    20958.666666666668    12740.333333333334    9512.333333333332    6217.999999999999    6661.0    7838.333333333334    5706.666666666668    4550.333333333333    5102.0    5234.333333333334    4399.666666666666
3003.3333333333335    4403.666666666666    5119.666666666667    4772.0    5015.666666666667    4249.0    5871.333333333333    6178.666666666666    6784.0    9915.333333333334    14777.666666666666    26709.0    29570.999999999996    32955.333333333336    29511.666666666664    30768.999999999996    34835.99999999999    30653.0
26546.0    30369.0    30803.333333333332    24364.666666666664    32292.666666666664    27694.66666666667    32355.0    22165.0    17058.0    13092.666666666668    9080.0    6105.000000000001    7005.0    4116.333333333333    4851.666666666667    5341.666666666667    5234.666666666667    3732.9999999999995
4164.333333333333    5288.0    3627.0    3598.6666666666665    4681.0    4749.333333333334    5945.0    6859.000000000001    8368.333333333334    15854.0    20770.000000000004    26889.000000000004    22514.666666666664    22184.333333333332    28716.666666666668    25197.666666666668    21133.333333333332    23322.0
13421.333333333332    11611.333333333332    10708.333333333334    12026.666666666668    12732.333333333332    11718.333333333332    14484.666666666666    15335.666666666666    18180.666666666668    17481.666666666664    16516.0    16204.000000000002    13316.333333333332    14572.666666666666    15371.0    21945.666666666668    12276.0    14804.333333333332
6412.0    8570.0    12712.666666666666    20027.000000000004    18571.666666666668    17790.0    14582.333333333334    16866.666666666668    17685.666666666668    14616.333333333334    11921.333333333332    15213.0    15181.666666666668    12990.333333333334    12933.666666666666    11963.666666666668    9678.333333333332    13734.0
4417.0    5382.666666666666    5967.666666666667    9756.0    16403.333333333336    16697.333333333332    16861.333333333332    15652.666666666668    14161.666666666666    15594.0    15815.666666666666    14618.666666666666    13718.000000000002    19813.0    21013.333333333336    18181.666666666668    22236.0    13046.0
16132.333333333332    12177.666666666668    19920.0    19130.333333333332    15131.333333333334    15441.666666666668    15005.333333333332    11883.333333333334    13220.0    9317.0    14147.0    13956.333333333334    13014.0    11232.666666666666    13304.0    13828.666666666666    14976.0    9965.333333333332
12210.333333333332    12545.333333333334    16826.0    16893.0    18295.333333333332    14072.333333333334    12309.0    10518.333333333332    10269.666666666666    9733.333333333334    12715.0    10336.333333333334    8438.666666666668    12664.333333333332    9284.333333333332    7735.333333333333    10892.0    8325.333333333332
10276.666666666668    9598.333333333334    11537.666666666666    9749.0    9993.666666666668    12273.666666666666    12597.0    11252.333333333334    12425.666666666666    14469.666666666668    16553.0    15909.666666666668    17055.0    18754.0    23908.666666666668    20735.000000000004    22451.0    18457.0
4003.3333333333335    4604.0    5194.666666666666    4639.333333333334    5040.333333333333    8615.0    5750.0    9824.666666666668    12830.0    20893.0    26411.333333333332    22223.666666666668    21030.333333333336    20360.666666666664    26317.0    28742.666666666668    21450.333333333332    22846.999999999996
5602.0    4438.666666666666    5737.666666666667    5241.333333333333    5513.333333333333    5819.333333333333    4841.666666666667    7884.666666666666    5776.666666666667    11727.666666666666    17432.333333333332    27138.333333333336    26377.0    30366.666666666668    29612.666666666664    33345.666666666664    26142.0    26777.666666666668
4649.666666666667    3105.666666666667    4480.333333333334    3953.666666666666    6235.666666666666    5163.666666666666    6100.333333333333    6607.666666666667    7550.333333333333    9687.0    12961.333333333332    21043.0    27748.000000000004    32713.666666666664    32332.0    32430.999999999996    27605.666666666664    26213.0
26301.333333333332    31361.0    41319.333333333336    36226.666666666664    40519.0    39463.0    32361.333333333336    18983.0    10054.999999999998    8522.333333333334    7839.0    6376.333333333334    6622.0    6620.333333333333    8230.666666666666    4929.666666666667    3828.6666666666665    5865.999999999999
23254.0    35569.66666666667    41345.0    37770.0    38259.333333333336    39575.99999999999    24561.0    16643.333333333332    13843.333333333332    7347.666666666666    7129.333333333333    8685.0    7183.333333333333    7533.0    4855.333333333333    4757.333333333333    5003.666666666667    6315.666666666667
20068.666666666668    32601.333333333336    44352.666666666664    45436.99999999999    44545.333333333336    39152.33333333333    32097.333333333336    18727.666666666664    7954.0    7901.0    7589.333333333333    8226.666666666668    5641.333333333333    4083.6666666666665    5103.333333333334    4415.333333333334    4662.0    3980.0
21124.0    33484.333333333336    42699.0    49006.0    48636.0    38553.666666666664    28093.333333333332    15693.0    8110.333333333334    8946.333333333334    7001.333333333334    6392.666666666666    5532.333333333334    4770.333333333334    5024.0    4740.666666666666    5287.0    4231.0
19474.333333333332    33421.0    44596.00000000001    52443.0    42468.333333333336    37299.0    24635.666666666664    11252.333333333334    8234.666666666666    10005.333333333334    9720.666666666666    6832.0    6584.333333333333    4661.0    6680.666666666666    4136.333333333333    4376.333333333333    5292.666666666667
17195.666666666664    32291.000000000004    46586.99999999999    55884.33333333333    49023.333333333336    39154.666666666664    20800.333333333336    12428.666666666668    9474.666666666666    9207.0    8859.0    8370.666666666666    5898.666666666667    4731.333333333333    4128.333333333333    4243.333333333333    4787.666666666666    3807.6666666666665
15082.0    31003.666666666664    47547.0    55549.333333333336    50316.66666666667    38121.666666666664    22497.666666666668    13524.0    9457.0    9402.333333333332    7753.666666666666    5601.666666666666    6134.666666666666    5044.333333333333    5632.333333333334    5422.0    5423.666666666667    3751.0
15018.333333333332    32504.666666666668    48391.0    60486.33333333333    50597.333333333336    33554.333333333336    18551.0    9522.0    6071.333333333333    9615.666666666668    7123.666666666666    6629.666666666666    6890.666666666666    5799.666666666667    3463.3333333333335    4523.333333333333    5268.333333333333    4875.999999999999
7207.0    10633.666666666666    18235.666666666664    23128.666666666664    18740.333333333332    15702.0    10391.666666666666    8142.999999999999    8135.333333333332    8344.0    8989.666666666666    9144.666666666666    12307.000000000002    23205.0    34120.66666666667    36144.66666666667    34350.666666666664    14559.333333333332
3708.333333333333    3423.333333333334    4749.333333333333    4508.0    3865.6666666666665    3973.0    5736.666666666667    3899.0    5778.666666666667    7807.333333333333    8222.333333333334    10081.0    17665.666666666664    37076.00000000001    52919.00000000001    48662.0    37700.0    26836.333333333336
10937.666666666668    15997.999999999998    26511.999999999996    35150.0    25920.0    18728.0    16198.999999999998    9623.666666666666    11856.333333333334    15039.333333333332    9336.0    11119.666666666668    11972.666666666666    21108.333333333336    25224.999999999996    24547.333333333332    18100.666666666668    13917.0
