13536    19033    36060    37817    38365    33982    24313    19404    12702    8851    11587    14411    17616    27533    36740    40129    33611    33632
21099    20037    28003    44841    37954    33902    20334    18657    18065    8734    8968    19310    13809    25231    43512    40831    44516    21901
18618    21883    30459    26679    36050    40086    25109    23142    17135    7057    11192    13708    26543    26816    32715    32490    38851    32219
14321    20682    28394    50406    41479    44208    15947    17336    23468    9073    13349    14656    17743    18682    32917    53788    43913    17685
9158    12225    26396    45226    42485    32058    25085    11726    10861    9951    11920    10816    14115    19218    27229    40226    37778    27137
18604    19638    23624    23910    19988    20284    19122    29026    26336    17718    26514    25668    16024    29729    20183    21828    21767    26699
22836    20481    20738    33230    23178    22474    22078    30195    22544    24303    24259    22729    20441    18008    22531    23538    22656    19682
16604    13203    16429    13131    19880    15981    19072    23291    27549    33139    26614    21735    31080    25304    15592    16458    14363    13805
13676    9934    26842    31054    24573    23108    13040    28677    18123    17278    23290    13309    17251    18529    18636    23868    22410    19790
16512    27041    18188    24779    15961    18527    17632    21841    19507    14802    18922    15601    18646    16354    21985    18805    13629    12914
13169    11771    35813    44923    53572    33104    13751    10293    7294    13897    6242    9569    11132    16748    45721    57046    46573    20781
26847    21491    19017    13552    17257    18933    19351    27555    19627    28577    28556    24051    23243    29570    30404    19682    20774    21397
24631    23024    27295    16794    24412    23018    33673    29445    22981    20113    12623    20662    34254    26776    32543    21773    25295    23552
11642    11641    26221    42062    55291    37576    16171    14423    11733    9733    9061    11261    13683    21620    30990    56616    43138    25228
18330    22625    30847    45599    41733    36537    14744    17283    15898    12693    14005    21386    13645    22980    50300    51374    38738    30901
17862    17464    38067    38524    43757    31997    18801    26790    11217    16081    11526    10564    26209    25085    32317    43065    34102    34433
14308    26204    35628    43712    33450    31215    24600    13135    11513    12775    12377    10696    16113    26303    44329    39711    39666    35518
6005    16923    27385    48588    50715    35569    15631    16491    14627    9750    9732    9820    10797    24241    42715    56146    49017    17159
12221    20486    33954    36777    47413    42413    24212    27692    15676    10644    12014    9298    16993    19586    35317    46238    43174    30946
13111    19882    30828    38132    45519    35232    24225    15813    14641    13308    8764    14624    16847    26013    36976    55749    39201    28787
9560    22136    30137    33172    50490    42699    22980    16403    11102    8918    15684    17154    11299    25141    41149    46662    43015    30923
