18176.333333333332    35735.666666666664    64954.333333333336    58069.99999999999    38008.0    18584.666666666668
15382.333333333332    31657.333333333336    55314.99999999999    67200.33333333333    42735.333333333336    20639.0
20168.000000000004    33794.66666666667    65058.33333333333    64741.333333333336    34284.33333333334    19648.333333333332
22077.000000000007    39396.000000000015    64447.000000000015    63990.00000000001    39603.666666666664    18772.333333333332
19873.333333333332    36560.00000000001    72888.99999999999    65966.00000000001    37100.00000000001    17530.0
19521.0    38090.66666666667    65624.66666666667    73101.33333333331    35288.333333333336    15802.333333333334
21770.666666666668    35139.666666666664    58855.00000000001    67862.33333333333    35132.333333333336    15740.999999999998
18323.666666666668    33002.66666666667    54941.66666666666    62549.666666666664    38267.33333333333    20824.666666666668
20865.666666666668    38690.33333333333    56217.66666666667    60085.333333333336    33235.66666666667    20378.333333333336
20021.333333333332    26698.666666666668    48434.66666666667    54061.0    39441.0    18743.0
19934.333333333336    23333.0    42946.333333333336    57687.66666666666    39367.0    19092.666666666668
19115.0    26445.000000000004    44357.333333333336    59533.666666666664    33487.66666666667    18976.333333333336
15180.333333333334    29278.0    47178.0    47103.33333333333    35633.666666666664    15377.0
19776.666666666668    25705.666666666664    43171.666666666664    50527.33333333333    34805.0    18115.666666666668
15953.333333333334    28114.666666666668    52125.333333333336    50188.0    35866.66666666667    20379.66666666667
16641.0    30062.666666666668    44408.000000000015    40201.0    24573.0    17003.666666666668
16206.666666666668    27913.000000000004    44368.99999999999    42576.333333333336    28113.0    15262.666666666668
17735.333333333336    27995.0    46526.66666666667    54411.00000000001    39380.0    18876.0
17107.0    30040.0    54551.00000000001    61428.33333333333    35709.666666666664    19572.666666666664
16677.333333333332    24380.0    47569.0    60022.333333333336    37580.333333333336    22989.999999999996
15087.666666666668    28243.0    52242.0    62056.0    37297.0    19393.33333333333
17678.0    27874.66666666667    56886.666666666664    63247.333333333336    42130.66666666667    21664.666666666668
15630.333333333332    29307.0    57297.333333333336    59589.666666666664    38525.666666666664    18912.666666666668
19247.666666666668    29464.666666666664    53567.333333333336    60223.666666666664    40869.333333333336    19825.000000000004
17977.666666666664    38465.99999999999    60343.99999999999    70211.0    39102.666666666664    18601.333333333332
20681.666666666668    41139.66666666668    59585.0    61326.333333333336    37433.33333333333    17259.666666666668
20778.666666666664    38731.666666666664    68294.33333333333    66458.66666666667    38157.66666666666    15040.666666666664
21121.333333333332    41424.333333333336    63158.0    66535.0    31854.999999999996    16665.333333333336
19224.0    28340.999999999996    51281.0    60701.66666666667    42060.666666666664    20439.666666666664
15916.666666666668    24095.0    59405.0    63510.666666666664    45172.66666666667    20769.0
15738.333333333334    26881.666666666664    54242.333333333336    64935.666666666664    38864.0    19478.333333333336
