5323.0    9102.0    13495.333333333334    19837.666666666664    23121.333333333332    16688.666666666668    9568.000000000002    8745.333333333334    7186.0    8887.666666666666    7311.666666666667    4972.0    7995.333333333333    12784.0    22023.0    19985.999999999996    20312.0    16189.999999999998
3873.6666666666665    4599.666666666667    3954.6666666666665    4596.333333333333    3740.0    4414.666666666666    4618.666666666666    4470.0    5244.666666666667    6573.666666666667    8583.666666666666    6886.0    12367.666666666666    23010.0    33848.333333333336    42976.66666666667    34774.666666666664    24396.333333333336
8734.666666666668    15119.666666666668    27437.666666666664    33429.666666666664    35177.00000000001    28588.0    20494.666666666668    14393.333333333332    8960.666666666666    7724.333333333333    7450.333333333333    5913.333333333333    4256.333333333333    3799.3333333333335    3516.0000000000005    4278.333333333333    4480.333333333334    3941.3333333333335
10569.333333333332    18724.666666666664    30576.0    33812.33333333333    34768.333333333336    27299.666666666668    19756.666666666668    14691.0    11341.666666666668    7959.333333333333    7292.666666666666    5598.333333333334    5813.333333333333    4777.333333333334    3886.0    3970.3333333333335    2945.333333333333    4503.666666666667
10077.666666666666    19890.333333333336    25198.333333333336    34479.666666666664    39015.0    32239.666666666664    18969.333333333332    15846.333333333332    10186.666666666666    9621.333333333334    6576.666666666667    5532.0    3874.6666666666665    3057.666666666667    3309.666666666667    4079.3333333333335    3149.9999999999995    4814.0
10015.666666666666    15977.666666666668    26368.333333333336    31311.0    30627.000000000004    30755.000000000004    29947.333333333332    15857.333333333334    11213.0    8167.333333333333    5474.666666666666    5671.666666666666    5186.333333333333    4316.333333333334    5644.666666666667    3645.0000000000005    3683.0    3567.0
15552.666666666666    16567.333333333336    19854.66666666667    29315.999999999996    31329.333333333332    23001.666666666664    21757.0    17693.0    11776.333333333332    6495.0    6892.666666666667    7089.666666666667    5249.666666666666    3764.3333333333335    4428.333333333333    4995.333333333333    4799.666666666666    3938.333333333333
11805.333333333334    17950.0    19637.333333333336    22996.666666666668    20383.666666666668    21974.66666666667    13854.666666666668    19037.333333333332    14257.666666666668    6917.666666666667    7471.666666666666    7358.0    7782.666666666666    9023.0    6101.666666666667    7178.666666666667    6293.666666666666    7885.333333333334
12420.666666666668    11704.666666666666    11318.333333333334    17959.0    21566.333333333332    20050.666666666664    13112.333333333334    13307.333333333332    12185.666666666666    9679.666666666668    7459.0    11790.0    10061.666666666666    11252.999999999998    10273.666666666666    11730.666666666666    12830.666666666668    10769.666666666668
4145.333333333333    4198.666666666667    3384.333333333333    4772.0    3779.0    3669.0    6171.333333333333    6510.0    9556.0    6415.000000000001    14815.333333333334    14642.666666666666    19135.666666666664    17306.333333333336    20905.333333333332    29110.999999999996    24890.33333333333    13992.333333333334
3834.333333333333    5321.999999999999    4201.0    3863.666666666667    4834.0    2645.333333333333    7636.333333333334    6297.0    7631.666666666667    14752.0    13261.0    16597.666666666664    12319.666666666668    15691.666666666666    19960.333333333332    21753.333333333332    21125.666666666664    20634.333333333336
3142.0    4049.666666666666    3449.333333333333    2603.3333333333335    5010.333333333334    7043.999999999999    6304.999999999999    10691.000000000002    17004.0    14026.999999999998    14872.666666666664    12939.333333333336    10974.333333333334    13217.666666666668    15828.666666666666    23648.0    22486.333333333332    14622.333333333334
5849.333333333333    4761.0    6025.333333333334    5037.666666666666    6124.0    7830.333333333333    10538.0    12692.0    9514.0    11435.666666666666    11424.666666666666    12692.0    9851.333333333334    11290.666666666668    16491.0    19444.666666666668    16879.666666666668    11869.0
4109.333333333333    4111.0    4346.666666666666    9894.666666666666    8030.999999999999    10640.333333333332    12776.666666666668    12266.0    10432.666666666666    10085.666666666666    9370.666666666668    9386.666666666666    9279.000000000002    12014.333333333334    13439.666666666668    20991.666666666668    18993.666666666664    11932.333333333334
5742.666666666667    7776.0    11003.333333333334    11293.333333333334    10681.0    10265.0    10583.333333333334    12586.333333333332    10164.0    9875.000000000002    9721.0    10488.333333333334    8469.0    13191.333333333334    15359.666666666666    15396.333333333332    17348.0    12684.0
8279.0    8124.333333333332    8808.666666666668    18900.666666666668    16322.333333333334    14657.0    9608.333333333334    11369.333333333334    7418.999999999999    7733.666666666666    9244.333333333334    7784.666666666666    6931.999999999999    5526.666666666667    7149.0    7640.333333333334    8447.333333333332    8942.666666666666
6893.333333333332    7021.666666666666    11522.0    14404.666666666668    14137.666666666668    10732.0    8318.666666666668    9964.999999999998    7773.000000000001    9469.0    9013.666666666668    8082.333333333334    10673.666666666666    9865.333333333334    8829.0    10187.0    7305.333333333334    10247.333333333332
4968.0    4349.333333333333    3296.6666666666665    4944.333333333334    3803.666666666667    4284.0    5137.0    6884.333333333334    7187.666666666667    9890.666666666666    18566.333333333336    15824.999999999998    17825.666666666668    14933.333333333332    18697.000000000004    25788.333333333332    22615.666666666664    15927.0
4151.0    3341.0    3628.3333333333335    3634.3333333333335    4148.666666666667    4113.0    6268.666666666667    6679.333333333334    5321.999999999999    6466.333333333333    9005.0    16459.666666666664    17131.333333333336    19632.0    22891.666666666668    28859.333333333332    27567.33333333333    29109.666666666668
3215.3333333333335    3986.0000000000005    2957.0    4076.0000000000005    2753.0    3975.0    5965.333333333333    4902.666666666667    7759.333333333333    6486.0    6183.666666666667    10224.0    20168.0    23271.000000000004    26900.999999999996    26127.666666666664    28206.33333333333    22061.666666666668
3967.333333333333    3151.0    3746.666666666667    4762.333333333334    3886.666666666667    3575.3333333333335    5049.666666666667    7175.666666666666    6042.0    5405.000000000001    5964.666666666667    10794.333333333332    18655.0    20359.0    26037.0    28251.999999999996    28564.0    28931.333333333336
4075.6666666666665    3595.0    3593.666666666667    5213.0    4474.666666666666    5067.666666666666    4915.0    6215.666666666666    6163.0    5874.333333333333    8288.0    9279.0    15006.333333333332    21183.999999999996    32338.000000000004    34385.666666666664    36730.666666666664    23082.666666666664
3499.6666666666665    2474.0    3832.6666666666665    4298.0    5500.666666666667    4631.666666666666    4207.666666666667    4901.999999999999    5305.0    4809.666666666667    5009.0    7738.666666666667    12122.333333333334    20906.333333333336    34135.666666666664    37377.333333333336    29315.333333333336    29196.999999999996
4289.666666666666    3532.6666666666665    3196.333333333333    2966.333333333333    4024.6666666666665    3743.3333333333335    6629.333333333333    4319.0    5434.333333333333    6560.666666666667    7244.666666666667    8985.0    14311.333333333332    20884.0    29216.666666666668    40561.333333333336    30546.666666666668    26751.666666666668
8606.666666666666    13507.333333333334    19084.333333333336    22419.0    27018.0    25212.0    13397.333333333336    10124.0    7211.000000000001    9147.666666666666    5988.666666666666    6195.333333333333    7139.0    12202.999999999998    13908.666666666668    17295.666666666668    17037.333333333332    9207.666666666664
7837.000000000001    12414.333333333332    23662.333333333336    36480.0    41292.0    29710.666666666668    19961.333333333332    11318.999999999998    9271.666666666666    7819.000000000001    7558.000000000001    5115.666666666667    3868.9999999999995    2888.3333333333335    4258.333333333333    4275.666666666666    4814.333333333333    4879.000000000001
9712.666666666666    15612.666666666668    28384.333333333332    36192.666666666664    39667.333333333336    36190.333333333336    17070.333333333332    12385.666666666666    9016.0    7985.333333333333    6687.999999999999    4934.666666666666    3419.0    3600.9999999999995    4171.333333333334    4098.666666666667    3695.6666666666665    4636.0
6528.0    10421.0    23697.000000000004    38680.333333333336    39964.666666666664    31729.666666666668    18944.333333333336    13400.999999999998    10280.666666666666    8362.0    6787.666666666666    5942.333333333333    4579.0    3905.0    5033.333333333334    4050.0000000000005    4574.666666666666    3878.333333333333
3324.0    3965.333333333333    4376.0    4764.0    3017.333333333333    3115.333333333333    5421.666666666666    4352.0    5104.666666666666    5346.333333333334    6627.333333333334    10071.666666666668    9544.0    19367.666666666668    29700.000000000004    43954.33333333333    34778.0    25218.333333333336
4587.0    4452.666666666667    2652.0    4070.6666666666665    4714.666666666667    3847.0    4288.666666666666    5430.666666666667    6708.666666666666    6719.0    7636.666666666667    7351.333333333334    9721.666666666668    21049.333333333336    32101.333333333336    40470.99999999999    38421.0    24645.666666666668
4665.666666666667    3018.6666666666665    2989.666666666667    3534.6666666666665    3644.666666666667    3387.666666666667    3942.333333333333    5395.000000000001    4730.666666666667    5789.333333333333    8461.333333333334    6979.0    10295.333333333332    14342.666666666668    31568.333333333332    40132.0    43619.666666666664    23643.666666666668
