12520    19597    40225    67064    56019    34492
16923    20441    42892    58616    47943    30721
14190    22740    48621    63119    50161    16709
11149    23712    41404    66252    54177    24179
14002    24789    39899    62179    38950    23684
16687    25818    40491    43884    45022    22965
13614    21694    38541    53763    41452    24682
14843    19237    29310    44067    37073    15605
14421    16082    25565    31567    22003    19831
16427    21046    29334    28553    27270    11351
13141    23800    39870    54919    45389    27791
11501    26015    43999    50485    35674    20763
19355    24116    41957    63595    41865    17484
17411    29237    43080    58893    56548    28069
19796    17273    42217    57990    54254    25736
17264    26436    57941    64917    32509    17806
17991    42382    49157    69173    35894    21277
21365    36998    64473    59435    34821    16665
18161    28717    50549    73030    44254    23113
19354    31105    53498    75127    53770    18388
16197    34169    63354    77904    53365    21921
