6331    4336    6953    6205    5215    5696    9013    16062    17879    17664    19103    25138    20056    26352    21959    21955
6027    3807    2714    9895    6710    7187    11141    15621    23874    22029    20370    15700    22982    17940    16624    14915
6946    5076    4258    5390    12683    13825    22046    17500    19691    23449    16143    14131    14386    12042    16051    11923
3938    6036    7525    5904    8200    17238    19546    14744    19705    16226    17391    20576    14049    16395    13958    19442
13391    15422    11875    16481    10593    8406    16023    16494    18491    20269    16057    13943    10216    5336    5148    5358
7293    6294    9243    15022    14793    15133    17677    10461    11083    14977    9096    15767    11496    10808    14351    11373
13963    12745    15213    9791    11844    11617    16800    12645    11589    10608    11245    8902    10765    12249    11121    12649
13325    10713    10395    5363    8270    9761    9515    6423    12492    7110    4600    10064    7905    13267    12863    18069
11826    9616    7308    6303    8950    6655    7800    8510    6752    7985    6075    7394    6738    13015    7133    7409
5312    10322    6843    9659    12595    11245    11850    11438    6432    9456    10570    7096    3412    5457    5346    6948
9072    10265    7123    8932    5284    12227    16117    15266    12201    12624    15930    18353    14821    16815    15206    14674
8916    11562    12935    14564    12328    11472    11854    15090    21694    15512    14205    7482    8359    6140    8114    8210
14889    13326    17030    14184    18587    15181    16518    15562    14179    14755    8169    8861    13967    10059    7426    5679
6341    7108    5168    8569    11260    16666    18516    24798    18270    20291    19791    17247    12279    15570    12467    18897
4166    4235    3194    4002    5868    8871    7860    10389    22078    22884    22445    19805    19545    22151    21953    17820
20903    24778    22893    16928    17657    21390    21888    15636    17249    6770    3479    6913    5194    5852    3865    5478
22066    22921    16871    24174    29417    30568    17855    15246    11562    9545    7860    4884    6019    6919    6663    3304
25340    25968    24865    24024    19817    24538    24394    15130    8054    7518    4454    6628    7018    4624    6450    4935
27707    25428    24368    29738    26708    27081    20832    11989    7665    7531    6634    4286    3899    3503    6496    3959
27392    38213    27859    25630    27309    34619    13020    13152    6778    7196    5310    5797    4268    5490    4091    5118
37353    33453    27287    33416    34827    23812    17486    9839    5277    6181    6042    8056    5834    6619    5718    5710
