19369.0    44171.66666666667    70517.66666666667    77662.33333333334    52712.666666666664    23144.666666666664
22347.666666666668    43132.666666666664    74067.0    71976.0    53815.0    22190.666666666664
22010.333333333332    47116.0    81883.66666666667    76746.66666666667    53976.333333333336    24890.33333333333
19032.999999999996    40043.99999999999    78476.0    79144.33333333334    49213.333333333336    24183.333333333332
20236.0    45285.66666666667    71949.0    70490.33333333334    53911.333333333336    23207.333333333332
17742.0    38255.66666666667    66403.66666666666    65753.0    41977.666666666664    22491.0
19218.333333333332    38877.99999999999    71232.33333333334    74755.66666666666    52203.333333333336    23863.333333333336
20928.666666666664    44640.0    71178.66666666667    69017.66666666667    54830.333333333336    26968.333333333332
32961.333333333336    62562.33333333333    93970.33333333331    75395.66666666666    41500.666666666664    20053.999999999996
23046.666666666668    61258.333333333336    80668.66666666667    78064.33333333336    44634.00000000001    22304.333333333336
19190.333333333332    41776.666666666664    62638.33333333333    63888.33333333334    46818.33333333333    23310.333333333336
21356.999999999996    35395.666666666664    70123.0    67677.0    42892.666666666664    24234.999999999996
22233.000000000004    52320.00000000001    75405.0    70595.0    39487.33333333333    18816.666666666668
24304.0    43367.00000000001    63987.66666666666    66041.33333333333    40558.00000000001    18864.666666666664
20190.333333333336    37495.333333333336    63150.99999999999    64684.99999999999    42244.0    18207.333333333336
23473.333333333336    43036.66666666666    60842.99999999999    62353.00000000001    37362.666666666664    20943.333333333332
18439.0    41960.33333333333    55243.99999999999    54414.66666666667    29614.333333333336    19015.333333333336
23795.666666666668    55677.33333333334    85014.0    68203.66666666666    42871.0    24415.000000000004
27990.333333333332    54253.666666666664    85937.33333333334    78560.33333333333    42040.0    20093.0
21349.333333333332    46123.0    72538.33333333333    79042.00000000001    44280.666666666664    24627.333333333332
16187.000000000002    38676.333333333336    69525.33333333334    70884.33333333333    49533.33333333333    24523.999999999996
16857.666666666668    40501.333333333336    74947.0    82528.33333333334    54077.33333333333    23122.666666666668
24575.000000000004    54384.33333333334    84246.0    73990.33333333334    41595.666666666664    22130.333333333332
24446.666666666668    55750.666666666664    79497.0    78168.66666666666    43312.66666666667    23411.666666666668
18856.666666666668    40648.00000000001    74437.0    77436.66666666667    49808.33333333334    26544.333333333332
29990.66666666667    55844.0    83539.33333333333    77656.99999999999    45483.66666666667    20155.666666666664
24855.000000000004    50059.33333333334    72708.33333333333    72157.66666666667    47109.66666666667    23136.0
19723.333333333332    39312.0    79241.33333333333    81006.0    51412.666666666664    25231.333333333336
20136.0    46079.333333333336    67294.66666666666    80375.00000000001    48265.666666666664    21641.666666666668
22568.000000000004    46631.333333333336    74245.33333333333    77424.33333333334    47838.666666666664    25169.333333333336
28168.999999999996    60957.666666666664    85224.00000000001    82318.66666666664    51762.00000000001    24053.66666666667
