4500.666666666666    2636.6666666666665    4682.333333333333    4148.333333333333    4494.333333333333    5229.999999999999    4671.0    4378.333333333333    4954.666666666666    7573.333333333333    9676.333333333332    9266.666666666666    16192.999999999998    33180.33333333333    49232.333333333336    54520.666666666664    41414.0    26825.0
3169.6666666666665    5255.666666666667    4130.666666666666    4310.666666666667    4167.333333333333    4749.666666666666    4825.333333333333    5959.666666666666    7017.666666666666    11529.0    7569.0    10396.666666666666    15586.666666666666    32179.666666666664    43050.333333333336    50341.66666666667    45049.666666666664    28240.0
5174.666666666667    4037.6666666666665    3936.0    3445.0000000000005    6004.333333333333    3675.3333333333335    5999.666666666667    5332.666666666667    5713.333333333333    8674.666666666668    6264.333333333333    10116.333333333332    20177.666666666664    33408.33333333333    51368.0    47596.333333333336    49314.66666666667    36384.333333333336
3951.0    4125.0    4655.0    3683.0    4944.333333333334    3755.0    6445.666666666667    5721.333333333333    7376.0    8090.333333333333    8122.0    14106.333333333334    22835.666666666664    34825.666666666664    41998.333333333336    44050.0    40209.666666666664    31199.666666666664
5618.666666666666    3164.666666666667    4349.666666666666    4937.0    5573.000000000001    5583.666666666666    4573.333333333333    8800.666666666666    6352.0    8208.333333333334    8893.0    12444.333333333334    17041.333333333336    33925.666666666664    44136.33333333333    39518.33333333333    41379.00000000001    30580.666666666664
3525.6666666666665    3100.3333333333335    3536.0000000000005    5008.333333333333    4972.333333333334    3574.666666666667    6589.666666666667    7220.333333333333    8320.333333333332    6869.666666666668    7529.333333333334    12108.333333333332    24220.333333333332    29293.0    30601.666666666664    30613.33333333333    30484.33333333333    35055.333333333336
5431.0    4205.666666666667    4181.666666666667    3683.6666666666665    5734.0    3562.3333333333335    4726.0    4890.0    6166.0    6873.333333333333    8910.0    15664.0    25956.0    28629.666666666668    36659.0    39393.0    39264.33333333333    36221.333333333336
3914.333333333333    3653.9999999999995    4403.666666666666    4470.333333333334    5007.0    5366.333333333333    6662.0    5239.333333333333    7440.333333333334    8471.333333333334    12741.0    15439.333333333334    26026.0    41311.66666666667    37335.333333333336    34306.666666666664    35948.66666666667    29826.333333333332
28968.0    31308.333333333332    30224.0    36353.66666666667    36641.99999999999    31505.000000000004    30073.666666666664    26075.0    14519.000000000002    16263.0    6182.0    7991.999999999999    5312.333333333333    6276.0    5098.333333333333    5169.0    3671.3333333333335    4811.666666666667
27666.0    30337.666666666668    30609.666666666664    25441.666666666668    26010.66666666667    31639.666666666664    22633.666666666668    28364.999999999996    21360.666666666668    14748.666666666666    8885.666666666666    6901.333333333333    6178.333333333333    8487.0    5639.0    5735.333333333333    4907.666666666666    4428.666666666667
4227.0    3106.3333333333335    5086.333333333334    3596.9999999999995    4426.0    7495.666666666666    7590.0    7080.333333333333    9870.666666666666    19244.999999999996    20396.0    22608.333333333336    23270.666666666668    21235.333333333332    26127.666666666664    30444.000000000004    21220.333333333336    20595.666666666668
5847.000000000001    5616.333333333333    4584.333333333333    4336.0    6151.666666666666    4868.0    7737.666666666666    10487.333333333334    19392.333333333332    19858.333333333332    21425.0    22171.000000000004    17443.666666666668    24016.333333333332    22641.999999999996    26648.0    20418.333333333332    18037.0
15746.333333333334    17466.666666666668    17743.0    23888.333333333332    26194.333333333332    21445.33333333333    14822.000000000002    17681.0    11699.333333333332    13679.666666666666    20899.999999999996    23152.333333333332    17606.0    11930.0    6947.666666666667    5960.333333333333    5368.333333333334    6626.333333333334
7675.333333333333    7630.333333333333    13425.666666666666    18696.0    17816.666666666664    22627.333333333332    20083.666666666668    13974.666666666666    14385.666666666666    13102.0    15497.0    13626.333333333332    14571.666666666666    12958.0    12250.333333333334    14407.666666666666    12217.333333333334    12176.999999999998
8440.0    12630.333333333334    12010.333333333332    17604.0    12383.333333333334    13689.0    11058.0    14173.333333333332    12125.666666666666    11965.000000000002    15551.000000000002    10676.666666666668    11851.666666666668    12646.666666666666    21336.0    20334.333333333332    13982.333333333334    13515.333333333332
13304.666666666668    15816.0    14686.333333333334    13152.666666666668    14893.0    12303.333333333334    13848.666666666666    11203.333333333334    10662.333333333332    12629.0    12159.0    12216.0    12927.333333333334    16632.333333333336    13252.666666666668    17636.666666666664    15329.000000000002    15359.666666666666
15304.000000000002    13629.333333333332    15513.0    13170.333333333332    13246.333333333332    12799.0    11226.0    7625.0    9479.333333333334    11722.666666666666    13249.666666666666    8959.666666666668    8569.0    9323.333333333334    13822.333333333334    16370.333333333334    12157.333333333332    12521.0
23713.0    23416.666666666664    25057.0    27524.0    28454.666666666668    27343.333333333332    24537.333333333332    22014.0    18678.666666666668    20502.666666666668    15669.333333333334    10209.0    7781.333333333334    5300.0    5080.333333333333    5390.666666666667    4699.666666666667    4605.0
26223.333333333332    30482.000000000004    32490.000000000004    30634.0    28536.666666666668    29458.999999999996    25454.000000000004    23352.333333333336    20492.333333333332    12550.333333333334    8975.0    8222.666666666666    8756.333333333334    5775.0    4078.3333333333335    4614.0    4109.333333333333    4670.0
3377.0    3860.6666666666665    3620.3333333333335    5929.333333333333    5132.666666666667    5956.666666666667    7467.333333333334    7026.333333333333    6011.999999999999    7484.000000000001    14005.666666666664    20136.666666666664    28113.333333333332    31879.333333333332    37056.33333333333    34090.0    36194.33333333333    30618.666666666668
3488.3333333333335    4927.0    4289.333333333334    5762.666666666666    4068.333333333333    3663.6666666666665    5528.333333333333    6641.666666666667    7014.0    7160.333333333334    12215.666666666666    14065.333333333334    24349.0    33794.33333333333    33914.666666666664    33899.66666666667    30147.666666666668    34400.33333333333
3516.0000000000005    6478.0    3752.333333333333    3557.666666666667    3957.333333333334    4166.666666666667    4494.333333333333    6314.0    5909.000000000001    7220.333333333332    9243.666666666668    12941.666666666668    21527.0    32712.666666666668    38766.333333333336    48275.00000000001    38609.99999999999    40592.33333333333
14615.666666666666    19246.333333333336    25015.666666666664    29462.0    27279.666666666668    23997.666666666664    17938.333333333336    16066.666666666668    9822.666666666668    8693.666666666666    7754.333333333334    11161.666666666666    8585.0    14442.333333333334    16061.0    21872.0    17168.333333333332    11738.666666666664
10254.333333333334    22003.666666666664    28497.999999999996    29615.666666666664    28611.666666666664    32315.66666666666    16844.333333333336    13915.333333333332    8405.0    8721.333333333334    7811.333333333333    8742.0    10424.666666666668    10940.666666666666    19511.666666666664    22547.666666666668    13113.666666666666    12310.666666666666
4767.0    3409.333333333334    5356.333333333334    4801.666666666667    5216.666666666667    5287.333333333333    3888.3333333333335    5774.666666666667    7975.333333333333    7139.666666666666    7697.666666666667    10140.333333333334    17898.333333333332    33809.66666666667    44128.00000000001    44480.00000000001    46079.333333333336    29881.333333333332
12242.0    25613.0    42855.33333333333    48245.0    47456.333333333336    36938.33333333333    21500.0    14540.666666666666    8490.0    8841.0    6100.666666666667    8648.333333333334    6022.0    6790.666666666666    3714.333333333334    3966.333333333333    4628.0    6078.333333333333
6415.999999999999    9345.999999999998    19055.0    21478.999999999996    21770.666666666668    13473.666666666668    11381.0    6653.666666666667    7740.333333333333    7480.0    7586.333333333334    9918.333333333334    14749.666666666666    19677.666666666668    32673.0    34393.333333333336    25555.666666666664    20676.666666666668
3691.666666666667    4328.0    3509.666666666667    4942.666666666666    5634.666666666666    4541.333333333333    4915.666666666667    4090.6666666666665    5419.999999999999    7532.666666666668    7810.666666666668    7050.0    15816.333333333336    34358.666666666664    46837.66666666667    54034.666666666664    48836.333333333336    32575.333333333332
3749.0000000000005    3808.0    4418.666666666666    3824.3333333333335    4058.6666666666665    3910.9999999999995    3604.9999999999995    4908.333333333334    5378.666666666667    8303.0    9578.0    9894.333333333332    14847.666666666668    30205.333333333336    44621.33333333333    52587.33333333333    48393.99999999999    27699.666666666668
3411.666666666667    3433.9999999999995    3813.3333333333335    4299.999999999999    4638.666666666666    4611.0    3649.3333333333335    4999.0    4787.0    10344.666666666668    9990.333333333332    10674.333333333332    13775.666666666666    28397.333333333336    46593.0    53547.666666666664    51508.666666666664    31401.333333333332
9278.666666666664    23020.333333333336    43986.0    63860.0    56365.333333333336    39010.333333333336    19347.333333333332    12247.333333333334    11171.0    9067.333333333332    6967.666666666667    6781.666666666667    4169.666666666666    7146.333333333334    4603.333333333334    5033.0    6170.666666666666    4259.0
