18236.333333333336    50132.00000000001    77261.66666666667    84085.66666666666    48960.0    21268.666666666664
25855.666666666668    68392.99999999999    86739.33333333334    82544.33333333334    43170.0    23587.66666666667
26371.33333333333    62121.33333333333    86290.33333333334    82491.33333333331    44466.666666666664    19028.333333333336
29572.0    60886.66666666667    84358.0    80631.0    49013.666666666664    21349.66666666667
22457.0    44808.33333333333    83112.66666666666    85796.33333333334    53105.333333333336    24656.666666666664
24519.333333333336    52947.333333333336    87602.33333333333    82757.66666666667    45597.666666666664    22044.333333333336
27385.333333333336    62319.33333333333    95981.66666666666    84010.99999999999    44862.66666666666    21176.666666666668
27939.0    54591.333333333336    86702.66666666667    77512.33333333333    49253.33333333333    19743.333333333336
31800.66666666667    58333.66666666667    94852.3333333333    77786.66666666664    40646.0    20961.333333333336
23397.0    55655.666666666664    81085.66666666666    73441.00000000001    41463.33333333333    24237.666666666668
22507.333333333336    40945.0    72403.66666666667    72421.66666666667    43344.0    22990.666666666664
24354.333333333332    50775.33333333334    78406.0    72043.33333333334    39327.666666666664    24096.333333333336
27117.666666666664    44077.99999999999    67210.66666666667    71838.33333333333    41885.66666666667    22302.999999999996
24255.666666666668    37310.00000000001    64907.666666666664    70669.33333333333    43567.66666666668    19311.000000000004
23282.666666666664    39685.33333333334    65145.333333333336    69650.0    42773.66666666667    20431.666666666664
21140.333333333336    39153.0    63085.0    54118.666666666664    40247.33333333333    19212.0
26694.333333333332    45561.666666666664    76836.66666666667    70594.66666666666    43439.00000000001    21715.999999999996
29726.66666666667    49260.0    78805.0    71169.66666666666    39604.666666666664    19262.33333333333
22724.333333333332    46304.33333333333    70131.0    84718.99999999999    51352.00000000001    26543.666666666668
21448.333333333332    49299.0    87253.33333333333    83085.33333333334    51448.333333333336    21621.666666666668
27296.0    51078.0    76974.33333333333    79781.33333333334    52029.333333333336    21544.666666666668
27070.66666666667    56291.666666666664    91620.99999999997    91155.33333333333    44833.33333333334    21994.999999999996
29361.33333333333    61347.99999999999    92724.66666666667    79189.00000000001    45130.66666666666    20668.666666666668
25146.333333333343    63397.333333333336    92116.99999999999    74156.66666666669    42622.66666666667    22975.000000000004
27039.999999999996    54113.666666666664    82526.33333333333    77480.33333333333    50483.00000000001    22876.333333333336
19598.666666666668    47853.0    73335.99999999999    81732.99999999999    53045.66666666667    25660.333333333332
26575.0    58706.33333333332    88641.3333333333    83146.33333333333    38901.66666666666    20624.333333333332
18074.333333333336    40801.333333333336    54882.666666666664    56289.66666666667    36524.66666666667    17951.333333333332
8735.666666666666    7814.333333333334    9530.333333333334    9643.0    9024.0    9143.666666666668
8795.0    8259.333333333332    9444.333333333334    9809.0    8770.0    9008.333333333334
7886.666666666665    9820.333333333334    9008.999999999998    8865.0    9247.0    10789.333333333336
