7923.333333333333    16579.333333333332    17961.0    20871.666666666664    15654.666666666666    13406.333333333334    8662.666666666668    7460.0    6631.333333333334    8685.333333333332    9051.0    11125.666666666666    18090.666666666668    26080.666666666668    36808.33333333333    33033.0    26421.333333333336    15498.000000000002
17920.666666666664    35623.33333333333    47727.66666666666    59648.33333333333    50254.66666666667    28649.33333333333    18901.0    10883.666666666666    8242.0    8122.666666666667    6938.333333333333    6883.999999999999    5935.666666666667    5927.666666666667    5686.0    4801.333333333333    3798.0    4345.666666666666
19339.333333333332    32815.0    45637.666666666664    48900.33333333334    45047.333333333336    32952.66666666667    19442.999999999996    12511.666666666668    8034.666666666666    8613.0    6311.666666666666    6369.666666666667    5761.333333333333    5869.000000000001    5196.666666666667    7463.666666666666    4360.0    6142.666666666667
23997.333333333332    37379.333333333336    48070.666666666664    50344.66666666667    43242.99999999999    32792.333333333336    22092.0    10303.0    7622.666666666666    5847.666666666666    6626.666666666666    7092.333333333333    6044.333333333333    5316.333333333333    5217.0    3944.9999999999995    4765.666666666667    5111.0
4685.333333333334    3531.333333333333    4277.0    5344.333333333333    6309.333333333334    5188.333333333334    7600.0    8387.666666666668    7344.333333333333    8668.333333333332    11366.333333333332    16795.0    32107.33333333333    38434.66666666667    45595.66666666667    49809.666666666664    35708.0    22783.666666666668
16207.999999999998    21521.333333333336    23775.0    21587.333333333336    27418.666666666664    21569.999999999996    16428.333333333336    12137.0    7234.666666666666    8272.666666666666    10221.666666666666    12696.0    16923.666666666668    20415.666666666668    21926.666666666668    22222.0    18398.333333333332    16511.666666666664
29892.333333333336    36316.33333333333    45316.333333333336    42867.666666666664    36538.66666666667    34506.333333333336    23134.0    20396.999999999996    10898.0    10620.333333333334    7443.0    5442.0    5685.666666666667    5959.666666666667    6271.333333333333    5142.666666666667    3903.6666666666665    5401.666666666666
29451.333333333332    37812.0    36252.333333333336    32335.666666666668    34908.0    36816.33333333333    29410.333333333332    18502.666666666668    13445.666666666668    9500.333333333334    5826.0    5167.333333333333    4572.666666666666    4485.333333333334    4865.333333333334    4043.0    3195.333333333333    5152.333333333333
35743.666666666664    33394.0    33379.33333333333    38600.0    28725.666666666664    36737.0    33336.66666666667    18081.666666666668    17173.666666666668    8881.0    4452.666666666667    4830.666666666667    6793.0    5105.0    4139.0    4679.333333333333    4854.666666666667    5473.666666666666
28388.999999999996    24867.0    23383.666666666668    21264.333333333336    24679.666666666668    22375.666666666664    24823.333333333336    20140.0    18777.333333333336    14384.0    7533.666666666667    7201.666666666666    8110.333333333333    11055.0    14742.333333333332    11964.666666666666    9804.333333333332    5784.333333333334
5738.000000000001    4678.666666666667    5814.999999999999    5562.333333333334    6343.333333333333    4717.333333333333    6373.333333333334    7918.333333333333    13428.0    15435.333333333332    23240.666666666664    19670.666666666668    23147.0    25119.333333333336    30368.666666666664    26970.0    26297.666666666664    23788.666666666664
20691.0    21855.666666666668    25502.333333333332    29006.666666666668    29308.666666666664    21041.333333333336    20669.0    17976.333333333332    19939.333333333332    20892.333333333336    14042.0    11070.333333333334    6701.666666666667    4494.666666666667    5555.666666666666    6706.333333333334    6438.333333333334    7111.333333333333
17702.333333333336    20713.333333333336    22842.666666666664    20018.666666666664    21895.666666666668    18778.666666666668    15291.0    17768.333333333332    19453.66666666667    18542.999999999996    18336.666666666664    16455.333333333336    14740.0    9049.0    6183.0    5590.666666666666    6073.333333333333    4998.0
12663.333333333334    20078.666666666668    20687.000000000004    20514.666666666668    20278.333333333332    18669.333333333332    13541.0    15011.000000000002    12815.666666666666    16695.0    14043.0    14895.666666666666    14438.666666666668    15724.666666666666    11614.000000000002    7894.0    6224.666666666667    4232.666666666667
15414.333333333336    17516.666666666668    25327.333333333336    18363.0    15749.0    14026.333333333334    14117.333333333334    12373.666666666666    12867.666666666666    9439.0    15640.333333333332    14121.666666666668    12333.333333333334    13942.333333333334    14925.333333333336    16330.0    10719.0    7762.333333333333
12962.333333333334    16462.333333333332    20968.0    22865.666666666668    14661.333333333334    14893.666666666668    11834.000000000002    11606.666666666666    13583.333333333334    13376.0    10241.666666666668    8821.666666666666    8825.333333333334    10711.333333333336    9789.999999999998    10545.666666666668    11117.333333333334    13690.0
13746.333333333334    16451.333333333336    18478.0    13408.0    16827.666666666668    13840.333333333334    14383.333333333334    19559.333333333336    20178.333333333332    19365.0    14834.999999999998    12520.666666666668    13967.333333333334    14465.666666666666    17762.0    13767.333333333334    16582.666666666664    14704.000000000002
18827.666666666664    23212.666666666664    29151.0    30636.666666666668    23617.0    20334.333333333336    20764.333333333336    22533.0    25903.333333333336    14233.0    16408.0    7234.666666666666    5424.666666666666    5962.666666666667    6496.333333333334    5882.333333333333    6021.666666666666    5184.999999999999
6268.333333333334    7164.666666666667    8194.0    4731.666666666666    7993.333333333334    9190.333333333332    8575.0    7950.0    9067.333333333334    14044.333333333334    21476.666666666668    29442.333333333332    26349.333333333332    32317.0    27947.333333333332    30867.333333333336    26063.0    24132.333333333336
18753.666666666664    16716.0    23252.666666666668    24038.666666666668    22217.000000000004    17556.0    16587.333333333332    12850.333333333334    9779.333333333332    8591.333333333332    13409.666666666668    15066.0    22281.666666666668    16863.333333333336    17796.333333333332    18430.0    18721.0    21245.666666666664
13451.666666666666    13154.666666666666    14048.999999999998    16484.0    15103.0    18504.333333333336    13331.666666666666    12346.666666666668    8260.333333333334    9942.333333333334    11951.0    16586.0    17737.666666666664    26739.333333333336    27933.333333333336    26016.333333333332    25373.666666666668    21738.666666666668
31612.333333333336    39571.666666666664    40453.333333333336    45982.33333333333    39221.666666666664    32771.333333333336    21741.333333333332    18835.666666666664    7168.333333333333    8071.333333333333    8657.666666666666    6056.333333333334    8179.333333333333    5568.666666666667    4832.333333333333    3748.3333333333335    5369.0    5126.0
25311.0    36180.33333333333    46474.0    44979.99999999999    44304.66666666667    32164.000000000007    24125.333333333336    12020.0    9494.0    8094.666666666668    7120.333333333333    6582.0    4234.666666666666    4708.0    5894.333333333334    6115.666666666667    5540.333333333334    5078.999999999999
18932.666666666664    34287.333333333336    45920.333333333336    44376.0    49249.0    33155.666666666664    21465.666666666664    11271.333333333332    9231.666666666668    9569.333333333334    7803.333333333334    5566.333333333333    5387.666666666667    4533.666666666666    5421.333333333333    5181.0    4709.0    4353.666666666666
11471.666666666666    15533.999999999998    21059.0    22281.0    18557.666666666668    15655.333333333332    11838.0    7903.999999999999    6616.333333333334    7260.666666666667    9525.666666666666    11860.666666666664    17694.666666666664    29448.000000000004    30829.666666666668    35140.666666666664    25565.666666666664    16277.0
5879.666666666666    9631.666666666668    9345.666666666668    12724.0    11515.666666666666    9256.0    6643.333333333334    6191.666666666666    8570.666666666666    8487.333333333332    8391.0    13196.666666666668    21842.666666666664    36322.0    41876.0    37999.66666666667    31876.000000000004    21477.0
18179.666666666664    34958.666666666664    53655.666666666664    54460.33333333333    46217.333333333336    26491.666666666668    15395.333333333332    10549.666666666668    9618.666666666666    6974.666666666667    5582.333333333333    5829.0    5339.666666666666    4141.666666666666    3330.6666666666665    6669.0    4935.333333333334    4265.666666666667
9268.0    17392.666666666668    21752.666666666664    20438.666666666668    15255.333333333334    9932.666666666666    8555.666666666668    4889.666666666666    5778.666666666667    6556.666666666667    6521.333333333334    8272.666666666668    11034.999999999998    18701.0    19524.333333333336    17190.0    14028.333333333334    9430.666666666668
2961.0    2773.6666666666665    2852.0000000000005    2769.0    2251.3333333333335    2414.3333333333335    3832.666666666666    3151.0    3108.3333333333335    2847.6666666666665    3387.333333333333    2861.6666666666665    3267.3333333333335    2655.666666666667    3246.0    3338.9999999999995    2421.6666666666665    3751.3333333333335
2872.3333333333335    3410.0000000000005    3157.0    3430.0    2703.3333333333335    3164.3333333333335    2863.333333333333    2525.6666666666665    2277.6666666666665    2874.666666666667    3211.0    3271.6666666666665    3657.0    3259.0    2448.666666666667    2935.333333333334    2963.3333333333335    3061.6666666666665
3124.6666666666665    2281.333333333333    3848.666666666667    2921.333333333333    2717.666666666667    3212.9999999999995    2833.0    2498.6666666666665    2560.333333333333    3159.333333333333    2652.3333333333335    4353.666666666666    3586.3333333333335    3315.0    3822.666666666667    3171.3333333333335    3145.0    2413.0
