17048    29275    51379    48791    58592    39407    22401    18665    11224    13674    6494    3248    2916    6128    6984    5153    6942    6136
3359    8526    3923    3450    5265    5003    4859    6034    6792    6975    9152    15237    19441    41474    52663    53547    51886    31625
4842    2315    4871    3014    6168    5766    7051    9195    13791    10420    11792    11699    28056    48799    49561    53290    43115    37724
3657    2519    4894    5050    5668    6923    4547    6987    4175    10175    8687    12722    27028    47085    51886    51207    53432    39402
3253    6114    3643    4822    5123    6518    7060    9595    7889    5438    9591    11382    25352    49474    50529    39244    39504    40636
26427    34350    39027    39789    26071    47030    45583    24480    11105    11171    11950    7177    5957    9686    6513    7859    5872    6472
18174    32261    42305    53965    56489    38799    25305    17974    17606    7434    5964    10451    3486    5800    7673    5757    5814    8270
30661    47586    44150    29101    37502    39728    34746    26561    19856    7143    7572    7007    5883    7669    5379    5055    3521    4417
2503    5173    3887    4246    3774    7194    7108    8937    11074    11772    23509    25144    19374    28168    48009    54337    47037    22973
3559    7898    4243    3239    4144    5536    4880    8698    7402    24070    19657    43520    41501    34358    31331    33057    23336    38441
4148    4378    6984    2986    6250    5906    5767    11248    4253    6435    12773    17156    9231    28584    59105    62877    53198    22719
7119    2752    6472    5843    10260    6301    15218    22464    24596    19584    22271    25409    21486    25641    19726    17758    21338    29415
4265    3959    2698    5596    11818    13256    21040    16105    27033    18684    16097    16374    13812    18206    21059    16660    23047    24334
16899    15509    20200    16040    15718    14119    15308    13247    10302    11930    12066    9654    16710    15830    15744    14845    13661    14336
2652    3885    7691    5041    6147    4002    5376    6791    8443    3779    9912    15521    16704    31857    58632    67412    42602    19741
17322    16143    19745    13571    18669    15603    13958    11106    5808    12572    14042    11353    12855    18642    30100    36415    23826    11326
30858    32718    26268    24405    18915    22783    20941    21931    25827    19277    18049    17342    11955    16196    9408    10803    12215    9211
3485    4213    5182    4677    5000    4212    6807    13272    7468    4574    13371    9896    16414    28127    60884    60195    38078    22475
29889    29135    37807    39145    49677    39030    28080    26883    16941    14283    4944    8529    6759    4637    5956    5042    4714    4797
4784    3600    3484    4798    6462    4093    5771    10727    6579    11293    12556    21673    26638    44032    46618    35864    47267    38789
25075    37126    38899    44811    27183    39372    35890    25777    9136    9094    9381    7559    8466    10653    3523    3730    3548    4760
5786    3962    3908    5422    6221    4590    6369    6691    8629    9315    17795    14605    26799    36868    44230    37699    44960    41994
2870    5091    4103    4186    5626    2420    4964    9556    6211    6303    9996    12222    15924    21907    54343    65931    59141    19635
17340    33971    51516    50863    43578    41616    35944    23317    7750    9089    7047    6081    6279    5736    4812    7535    5621    5370
1968    2832    3688    5922    5526    7687    6391    6017    8422    10427    9161    13069    19543    28392    51072    59722    43156    35051
16905    26187    35079    54328    47032    43168    37154    17771    12568    8679    6165    4155    6424    5081    5761    3312    3441    7458
15447    12970    34941    53320    52736    37532    17103    16610    16667    15256    6901    5162    3674    6648    6282    4799    5703    5898
4091    5153    4952    3600    10051    4216    7781    4801    5376    8491    8449    9683    19097    42120    57800    58372    53147    27917
10421    20266    45944    57699    55140    28229    16082    9686    9948    10018    4849    2623    6033    3500    3795    4332    3829    6327
13406    26026    43998    55001    50146    52755    22507    14564    10097    6308    4759    3946    5241    6598    6301    10913    6598    7851
4738    3684    2711    5194    4584    5345    4563    6719    7201    5715    12058    12358    20334    29895    56072    59833    46618    24959
