48361    88499    155999    159348    100849    54506
54838    103481    190576    171988    114274    40627
40226    101499    164956    184358    133687    61346
49486    104865    182611    179329    107754    67073
53474    89537    174068    181072    128022    64156
47569    100272    197374    215261    125807    52524
47033    94734    184843    204685    120223    56667
50830    96977    185479    194648    120129    64368
71153    119333    196176    200285    113224    61099
59224    121287    202120    167597    124204    63665
35151    59781    106004    114130    77874    39166
54531    98251    198294    201936    121782    65137
57634    106919    169493    173387    95305    60548
52128    99931    181399    169814    109379    51213
42154    92093    167728    183383    125699    56146
51707    93446    171892    162845    120643    54559
48404    79930    156239    157602    96665    62993
38665    106091    158436    172959    108075    50240
43804    98297    148676    156363    87203    49751
43291    92788    156791    154685    108704    63161
46240    82903    166308    170890    112143    55209
