4264    3539    5218    4571    5565    4749    5979    4964    10079    7771    16865    37923    56725    47827    36720    21521    15398    7556    11768    12564    10511    13321    22609    36856    65649    52785    22330    7917    8686    4668    7254    7823    6810    9388    5637    3752
8191    5306    4640    7074    3861    6544    8256    12176    14156    19710    27243    34941    43930    34887    38877    36452    18371    15260    11823    9270    13929    27951    29812    43844    38980    38074    33733    26650    15607    12600    3824    5703    2702    8805    6077    6525
4489    5623    5079    8669    9887    9061    9106    10107    13327    18360    36689    43886    44300    47534    38971    34927    19108    11608    15720    12697    17780    31046    36326    30851    32729    39363    29141    15288    12028    9409    7908    4902    5643    5739    4579    4192
4884    3538    3874    6355    13287    12955    10495    10431    16319    20946    24289    35977    39478    34822    39676    32203    23668    17709    10216    13487    18189    20539    32485    39877    40419    45663    26433    27845    14371    10817    8418    6755    7424    7784    4147    5343
3780    4863    4490    4798    6482    8092    8011    11208    15510    22866    27605    47494    23647    33744    30627    30571    27029    23199    13966    15028    18381    23965    34601    37671    38167    32299    27951    29898    17787    18847    8597    8512    4003    9923    6090    10627
8267    8487    4072    7319    11819    9574    7304    11938    16279    26675    37473    36493    37839    28778    27218    37543    32294    20058    14833    19512    29951    29560    33574    40040    25055    26320    27557    32399    23502    11994    12942    9008    8440    8639    8393    7658
3664    4661    4612    6062    9422    7394    11834    20353    30981    31908    26782    28117    26284    29528    19383    32638    24834    25676    21618    28905    44348    21870    27330    19891    24429    25640    28591    28886    33054    17350    9567    10548    4837    6155    5554    5479
7429    6110    5106    5860    8374    12208    17838    23861    26900    18193    25550    18074    21912    17936    29644    22271    25401    32658    28774    32730    35690    29602    21783    22575    23387    15432    19802    22152    36101    28162    24146    17676    8309    6584    5950    8251
7982    8375    9213    12815    14011    19666    24029    32290    19710    13500    17833    21540    26052    21705    23223    27986    34798    32154    32786    36613    48452    27554    22557    22931    18969    17197    20154    19545    25109    24975    16906    16064    18322    8776    7930    9548
23161    14643    20732    24108    9220    14561    13783    16803    20883    17890    24663    19329    20581    29263    26317    20097    32579    32847    19304    21279    21205    22384    30616    27817    23983    19776    29060    19396    13920    16142    16235    20024    15707    10426    16030    13333
11199    12317    8868    10879    12075    10089    11492    8057    13417    13746    9021    11301    17395    13539    9773    9181    8143    8877    10113    14601    15469    12983    11998    23436    12762    12401    15466    12139    11508    8199    15919    11008    14121    10192    9061    11361
10332    17152    11665    11030    15131    23473    17116    17859    16750    17135    13712    16965    20421    27696    32857    31789    24765    33005    28190    32157    29256    28420    31690    23166    24381    18208    14250    16076    16047    16138    14164    14477    18995    23802    16594    15067
4759    5382    7887    8842    9235    12302    20677    21820    23431    19486    15981    16364    17920    20591    20953    22015    24587    32603    29611    39576    33661    15739    21095    17078    18769    18222    22979    24728    14812    24078    19474    19379    11843    14250    8176    4981
2376    6584    5698    7348    5312    12331    13923    16252    37781    25286    28665    21754    19805    15100    26154    24865    19892    29893    30768    26891    25533    20388    28793    16889    19875    20677    20865    28034    23576    24038    22795    11151    5149    5923    6749    6751
3575    5794    5784    4102    7875    5416    7581    13638    10614    27821    28731    21270    33011    26570    38919    25752    41082    23436    21649    20241    28231    29075    40736    24663    29108    15938    18522    18329    22861    22762    11457    7509    8332    8074    4652    4093
6074    4339    5018    8966    5340    8357    12702    11258    19787    24845    22976    37025    22890    22668    39903    35534    30559    24168    11081    14558    20818    28727    24053    33149    25786    23163    30790    29435    26354    13569    7449    4130    6589    3535    5918    3579
3939    8938    5357    6366    5044    9228    7224    10881    7422    25936    22903    33129    35788    28160    30740    29833    29229    15227    10300    16257    9600    27026    29533    20624    32152    29827    22677    21244    22171    12226    6070    7898    5538    5306    3976    4064
6519    3269    3545    4515    2833    8905    12513    8837    11678    17312    27222    33939    27421    39123    49447    23976    19401    8918    13350    12287    16818    21643    37574    41404    30344    39266    31622    19194    12881    9402    6591    6885    6241    8590    4252    6749
3170    5326    7465    9778    6528    4840    4979    9837    13870    16684    23601    30344    34501    40090    34932    24021    17905    9336    14727    9058    15213    22273    33105    34743    29082    30281    34874    13557    10489    5527    5943    4299    5217    9559    3773    5167
5068    7436    15802    4999    5312    8059    10012    9692    8510    15875    18554    26593    39191    35921    38690    32967    15074    17466    10656    6869    21046    20498    34331    33998    33210    42923    25805    21001    8982    9146    7781    4907    7465    6008    5515    4058
4887    4777    3933    5477    6717    3993    9232    11255    11102    15475    16809    40291    51577    43656    40386    26717    21586    15430    13692    12542    13217    20080    25100    36119    39102    34160    29789    21895    11684    7789    6660    4735    8474    6590    4183    4582
