28758    26811    32713    91691    98066    56915    35204    19257
40794    22651    35859    84036    93370    73304    33666    34795
25512    27694    36819    59130    92918    72620    29604    26895
24564    27726    27584    82631    105856    78249    36986    26808
30565    22313    37664    77615    87861    68728    36414    32729
40545    24615    36445    67388    111715    72374    28679    31795
36188    25863    36819    86495    85367    79909    34742    22647
29394    30033    30303    74988    104708    71593    35300    29901
37254    25307    40376    83977    100674    61233    39839    27023
34298    27326    32050    77401    113005    62250    34823    24140
35017    36914    46272    79824    90589    61592    27464    30529
30979    24138    35433    70042    86256    49614    36657    40113
35563    24506    29513    62880    80341    48009    29988    31012
23512    22452    28003    57933    65209    49279    29487    22706
26673    17435    29166    51866    68592    46512    24846    25159
23322    24109    29760    40428    50938    43891    30503    20759
29747    25046    31219    63640    76328    62186    24791    22575
41291    24748    53963    85670    94551    71011    32447    31092
35276    28701    43228    76332    101035    56270    31878    26632
36017    28284    35013    62408    90702    74373    28878    30352
31567    28647    34180    71368    97212    70106    37671    27285
35181    26396    25788    70527    98415    90571    32080    28628
34518    26287    42219    64797    108754    78779    33376    30675
38295    18921    31256    75685    102861    73315    40807    27765
37664    28177    41520    85221    94256    63667    27225    27784
34591    32577    44171    77862    98263    63225    27516    29007
40343    25630    46061    82245    90708    59682    37740    29130
42531    37850    38437    76270    95163    72911    27310    23481
33119    26950    48279    62679    86872    59302    28459    30467
39864    26887    43522    82107    89697    74532    29584    37186
32615    27733    45325    79869    80724    65978    30350    28884
