9271    5847    5423    4676    6249    9513    6901    7716    8620    9821    9112    7897    16273    27153    41704    55469    50059    50430    37015    20266
8815    4893    9004    5844    7330    6868    7628    8513    5376    16201    13169    14925    10145    24175    50443    46046    50557    51380    47398    29765
3710    6157    7876    7638    6625    4797    5997    8402    9442    6214    10020    10391    17916    27624    35643    49174    53667    35135    44330    20434
7578    6252    11181    4811    6380    4132    9102    8444    11740    9654    10893    11273    25459    37910    45624    49110    47977    45881    30896    26107
5130    6219    6909    4870    4269    5768    6385    9068    10708    10471    11311    10615    15453    35963    42766    47598    37718    45812    49583    27273
7191    5291    6163    6227    5110    8613    8323    7107    9546    8242    13610    19872    26584    42333    48080    38666    38272    44495    40765    29066
7879    7594    5481    6371    4380    6478    6792    10975    10497    10206    12887    8307    20954    31123    34845    53744    34088    43712    47677    44040
8060    6798    7493    5608    6315    7310    5673    7868    12372    9277    13918    14487    22900    36775    37725    39571    36606    42677    46609    38178
21583    34115    43883    43506    27304    27571    28308    41734    26182    27147    15885    9394    16359    7845    10585    6604    8045    6345    7536    5752
30449    38541    29031    34471    26867    28007    32246    28050    32826    23382    22163    13600    7866    12555    10496    10485    6392    6223    5613    6030
35766    30738    31500    23971    25093    21855    29246    20352    31551    32627    29453    15602    15485    15660    10174    10920    7970    7545    6737    5956
23173    25522    23198    28951    22684    22392    25506    26661    19204    24660    25699    21003    18012    16281    11244    7908    9485    8073    7066    6510
18963    17198    20821    14254    19148    16807    18964    16578    19679    14697    19924    24548    16333    14662    21607    16463    20497    10467    9545    10657
15895    18431    15877    15128    14930    18809    12906    17818    16908    10290    18528    10102    12357    9778    17877    16566    16394    16508    12527    10952
15427    12219    12738    15885    17076    14408    11798    13959    17289    12806    14208    12173    9812    16179    12463    14937    18539    17152    16338    14843
16849    14875    13151    12989    15222    15089    9421    7923    13077    11985    13158    9552    10506    10525    12572    10580    14914    14986    16376    19960
6920    5763    9545    10215    7895    8945    12417    10136    13202    28216    17436    28330    25981    19414    23326    23034    19650    21753    25630    17724
29754    28799    29356    31735    34814    24697    28352    35381    40493    40844    22757    20042    10040    7386    12595    8377    5746    9347    6045    8213
22333    24705    25515    32253    34266    23420    38673    42387    36131    19099    14459    11470    9672    12118    8026    8504    10225    7214    10008    8874
6237    11506    5474    4151    6221    9490    3998    8420    9344    10211    9119    18194    32853    31359    42434    36179    35789    32137    35060    37851
8110    5753    5102    5713    6353    8220    8591    5987    9631    11381    7771    12724    24347    30454    34644    46322    39963    38980    43911    44079
5460    7715    4033    6305    6603    4911    6474    5709    9763    7105    12229    12839    15196    34091    49038    57303    38607    55095    43939    25171
6860    6617    9022    6208    7547    12158    8489    7916    10002    16039    16995    13527    14499    26822    39870    45188    50281    56208    44588    20569
4653    5299    9911    5011    7915    3987    4889    8913    11013    8168    13125    11947    16096    23608    40787    55790    59715    43777    47122    27179
12141    13866    24000    44139    55046    54487    47859    33602    30893    15449    11449    10731    5656    6288    6726    6737    4938    9355    5826    6326
12557    18365    28717    40506    50293    58682    40131    30832    26266    16287    13034    8275    10575    10799    5453    10666    7754    6395    6548    5077
14142    14307    32668    47875    56647    58016    43808    31515    21151    19001    12732    5076    6194    11303    5249    6504    6497    5465    6790    6599
13909    17600    24391    49774    57954    57150    42976    34642    23453    16589    7288    9275    8557    6958    12229    8882    6944    5083    4173    6126
11790    19089    18015    36861    58317    55858    38617    21626    22276    15179    13522    6103    7826    7220    4780    8154    6216    6886    10336    7456
11524    26736    35439    40453    60367    53462    46383    29707    26026    15572    12630    8482    7892    7528    8444    10536    7587    4285    3031    7295
13361    16629    19984    27975    47745    64777    46710    29023    20431    22541    11358    11733    6040    7686    7040    5549    9032    8441    7251    8172
