19942.0    16864.666666666664    32985.66666666667    64872.99999999999    56772.66666666666    36199.0
20180.999999999996    17237.0    33147.33333333333    60589.99999999999    59874.0    34572.333333333336
20727.666666666668    16468.666666666664    29612.333333333332    63989.333333333336    65626.33333333333    37686.666666666664
19882.333333333332    21229.666666666668    40842.333333333336    62049.333333333336    62571.66666666667    33862.66666666667
22229.333333333332    22793.0    37715.333333333336    70504.66666666667    62376.333333333336    26084.000000000004
18943.333333333332    14929.333333333332    36916.333333333336    59945.33333333333    62663.333333333336    39572.33333333333
20341.0    18146.333333333332    39874.66666666668    65318.33333333332    61457.666666666664    30482.333333333332
18871.66666666666    18127.333333333336    41377.333333333336    73397.66666666669    58398.333333333336    31448.333333333336
20617.333333333332    24095.333333333332    49890.66666666666    74792.33333333336    68346.99999999999    32992.333333333336
23409.333333333332    20477.666666666664    43486.66666666667    70136.33333333333    69214.66666666667    36981.33333333332
18884.0    22720.333333333336    38562.0    58488.66666666668    62792.999999999985    29525.66666666667
21924.000000000004    17133.333333333332    35165.33333333333    58836.333333333336    61792.333333333336    33144.00000000001
18631.666666666668    16727.0    34177.333333333336    57756.33333333333    49765.666666666664    33296.33333333333
20297.666666666668    17356.666666666664    29143.666666666668    51412.99999999999    53972.666666666664    30740.333333333332
17898.666666666668    17076.333333333332    31856.333333333336    49948.0    54686.66666666667    29574.333333333332
20270.000000000004    18962.333333333332    29927.333333333332    50862.0    52327.66666666666    29801.666666666664
19014.999999999996    14231.0    27985.333333333336    39633.666666666664    35255.00000000001    24844.666666666664
16400.666666666664    18433.999999999996    26985.666666666664    41698.333333333336    42368.0    21216.666666666668
20069.666666666664    20374.0    32020.333333333332    50722.33333333333    56018.99999999999    32092.000000000004
20845.666666666668    16014.666666666668    32852.0    51862.333333333336    58359.333333333336    36294.0
20771.999999999996    15279.666666666666    30540.333333333336    54858.33333333333    63497.0    32940.666666666664
20881.666666666664    18474.666666666668    24331.0    48979.666666666664    65496.666666666664    37017.0
18908.333333333336    17232.333333333336    31229.999999999996    56445.333333333336    60844.666666666664    34901.0
18855.333333333336    15103.66666666667    33270.333333333336    50338.333333333336    64221.333333333336    35742.666666666664
20081.666666666668    15425.0    34185.0    55431.333333333336    71966.33333333334    37320.0
22210.33333333333    20582.666666666668    44208.666666666664    67054.33333333333    60020.666666666664    32234.0
23163.333333333336    20781.333333333332    42020.666666666664    66639.33333333334    59992.666666666664    34223.0
20803.666666666668    17252.666666666668    29057.666666666668    60101.333333333336    66420.0    39293.00000000001
15940.666666666664    16374.666666666666    30223.666666666668    56527.333333333336    62430.66666666667    39739.666666666664
17648.666666666664    18705.666666666668    30545.0    54079.0    63369.66666666667    38759.333333333336
17858.333333333336    19684.666666666668    34267.333333333336    58438.666666666664    67643.33333333334    38083.333333333336
