4269.666666666667    4636.666666666667    3013.3333333333335    4311.0    4330.0    3467.333333333333    4278.0    3877.6666666666665    3743.0    5159.0    7455.666666666667    9272.0    10003.333333333334    19977.0    34418.0    47176.666666666664    35249.33333333333    22999.333333333332
3420.6666666666665    4412.333333333333    3599.3333333333335    3620.0    4567.666666666667    4954.666666666667    5075.666666666666    4087.0    5257.0    5202.666666666667    6051.0    7003.666666666666    10552.333333333334    19453.333333333332    34327.0    42256.33333333333    38607.0    23154.0
3698.666666666667    4238.666666666667    3824.0000000000005    3801.3333333333335    3988.3333333333335    3424.666666666667    3105.6666666666665    3958.6666666666665    5513.666666666666    4443.666666666667    8109.333333333333    7758.333333333333    13715.333333333334    22182.0    32558.333333333332    44810.33333333333    37140.0    27840.000000000004
11830.333333333334    14009.333333333332    27831.0    34626.666666666664    34765.0    31834.0    19792.0    14287.999999999998    7118.999999999999    8251.0    6904.333333333333    4490.666666666667    4077.3333333333335    4198.0    5105.333333333334    2978.666666666667    4204.333333333333    4133.0
9959.0    14437.333333333334    26927.666666666664    33929.333333333336    36407.00000000001    29062.0    21860.0    13851.666666666666    10816.0    6997.999999999999    6864.666666666667    4936.000000000001    4078.666666666667    3641.333333333333    4687.333333333334    3962.333333333333    5232.666666666666    4051.666666666667
3375.6666666666665    3042.3333333333335    3237.0    4434.333333333333    4122.333333333333    4799.333333333333    3253.666666666667    5221.666666666667    5093.666666666667    4853.0    5290.0    10282.333333333332    14459.333333333334    23431.666666666668    32641.666666666668    40486.333333333336    36494.333333333336    28451.333333333336
9529.0    20140.0    25951.333333333336    28053.666666666668    28720.333333333332    27686.666666666664    20976.999999999996    17549.666666666664    9271.0    8749.666666666666    6925.333333333334    4746.0    4349.666666666667    4875.0    4788.333333333334    3823.6666666666665    4819.333333333333    4664.666666666666
14430.333333333336    15511.666666666666    23732.0    31484.666666666668    30264.0    26859.0    24385.333333333336    14805.666666666666    12454.0    7803.333333333332    7189.0    6459.000000000001    4483.333333333333    4780.666666666667    4183.666666666667    4618.0    3561.6666666666665    4615.333333333333
16013.666666666668    23728.333333333332    31456.66666666667    30559.333333333332    34210.33333333333    25829.999999999996    21000.0    17529.0    15533.0    8155.333333333334    7906.666666666667    7348.666666666666    6839.000000000001    4576.0    6690.333333333333    5695.666666666667    3755.0    3908.0
17668.666666666668    21123.0    24287.666666666664    26899.333333333332    30846.666666666664    25165.0    22979.333333333332    18441.666666666664    21164.333333333332    11382.666666666668    7664.333333333334    6246.999999999999    5285.333333333333    5113.666666666667    5641.0    5888.666666666667    4276.666666666667    3630.9999999999995
11141.000000000002    9387.666666666668    10325.0    15374.333333333334    19630.333333333332    12980.000000000002    10232.666666666666    12796.333333333332    11462.666666666666    12254.666666666666    11918.333333333334    14485.0    14053.666666666666    11807.999999999998    11604.0    16874.0    11470.0    13176.0
20836.333333333332    14829.666666666666    15334.0    24513.666666666668    27565.333333333332    13781.666666666666    15390.666666666666    13073.0    14395.666666666666    14351.0    11513.666666666666    8896.0    9632.666666666666    4463.666666666666    5465.666666666667    4515.666666666667    4214.333333333334    5222.666666666666
4884.333333333334    3489.6666666666665    4784.666666666666    3853.6666666666665    4990.0    4548.0    7658.333333333334    10826.999999999998    12594.0    16435.666666666664    13863.666666666666    15090.0    11766.0    16274.666666666668    19000.333333333336    23992.333333333332    20239.666666666668    16062.333333333334
3429.333333333333    3714.6666666666665    3972.666666666666    4843.333333333333    6554.666666666667    9359.333333333332    14365.666666666666    13829.333333333334    13558.666666666666    12604.333333333334    11252.000000000002    10517.000000000002    12302.666666666666    10871.0    15796.333333333334    20450.0    21112.0    14391.0
5255.333333333334    7240.000000000001    5273.0    8671.333333333334    9727.333333333332    11866.666666666668    12686.666666666666    10482.333333333334    11446.333333333332    11118.666666666666    11144.0    9743.333333333334    9791.666666666666    11389.333333333332    15873.0    18423.000000000004    15815.333333333332    15093.000000000002
7074.333333333333    10895.666666666668    11940.0    11148.0    10109.333333333332    11289.0    11082.333333333332    9354.333333333332    8972.666666666666    9831.0    10326.666666666666    8596.666666666668    7981.333333333334    9766.666666666666    12767.0    17616.333333333336    18945.333333333332    14454.333333333332
8197.0    10630.333333333334    8205.0    7004.333333333332    7308.333333333334    6252.333333333333    7793.666666666666    7320.0    7045.666666666667    6816.666666666667    6243.666666666667    7116.0    8726.0    11142.333333333334    10880.333333333332    13260.0    15545.333333333334    11477.666666666666
9041.999999999998    8044.333333333334    12999.333333333332    16332.0    18744.0    14049.666666666668    9920.0    8678.0    5560.999999999999    5611.333333333334    9047.666666666668    6144.333333333334    7143.0    8549.333333333332    6091.0    6900.000000000001    7985.333333333334    6261.0
10892.333333333332    8463.666666666668    6856.333333333333    7851.666666666667    7526.333333333333    8248.666666666668    6559.333333333334    8966.333333333332    8550.666666666666    13057.333333333334    13952.0    13800.0    13015.333333333334    11734.666666666666    16765.666666666668    21156.333333333332    20894.000000000004    13006.666666666666
3763.6666666666674    5452.0    3949.9999999999995    3987.0    5314.666666666667    3444.333333333333    4775.0    4837.666666666666    5459.333333333334    6451.666666666667    12119.333333333334    14613.666666666666    20891.333333333332    20882.333333333336    24406.000000000004    28559.666666666664    25281.333333333332    22038.999999999996
4713.666666666667    4325.0    3085.0    4195.0    5066.0    3781.0    3821.0    4709.0    5597.333333333334    5262.333333333333    8367.333333333332    12631.0    15938.333333333332    23976.333333333336    27409.666666666668    32726.66666666666    24850.0    27433.333333333332
4304.333333333333    2888.3333333333335    3020.666666666667    3767.666666666666    4040.666666666667    4395.0    3402.666666666667    5675.666666666667    5188.000000000001    6147.0    5398.000000000001    8453.0    15580.333333333334    21951.000000000004    26224.999999999996    33717.333333333336    32114.666666666664    28911.333333333332
4020.6666666666665    3296.0    3798.0    4058.3333333333335    4740.666666666666    4090.0    3352.0    3669.666666666666    4914.333333333334    6907.666666666668    5886.666666666667    7424.333333333334    13656.666666666666    23995.0    29840.666666666664    33196.666666666664    31013.0    31701.333333333332
3307.0    3923.666666666667    2674.6666666666665    5071.666666666666    3912.6666666666665    3918.0    4887.333333333332    3633.0000000000005    4206.0    6835.666666666667    6991.666666666667    9100.999999999998    12188.666666666668    20759.666666666668    28563.666666666664    36392.0    34560.33333333333    26605.000000000004
6258.666666666667    10092.333333333332    12502.333333333334    12146.666666666666    11671.333333333334    15311.999999999998    11835.666666666666    10061.0    6563.0    8446.666666666666    11860.666666666666    10321.999999999998    9351.333333333334    14891.666666666668    21742.000000000004    20610.666666666664    24002.0    16739.333333333336
7134.666666666666    15746.666666666668    26711.666666666664    41528.0    37483.666666666664    31356.333333333336    19461.666666666664    11222.333333333334    8826.0    9147.666666666668    6549.666666666667    4492.333333333333    6381.0    4525.333333333333    3851.3333333333335    3932.333333333333    4575.0    3385.0
7158.0    12947.0    27411.333333333332    34821.666666666664    39593.0    32020.000000000004    21896.0    12041.333333333334    9827.666666666666    7049.333333333334    8330.666666666668    4909.000000000001    4363.0    5168.333333333334    4840.0    5624.999999999999    5378.666666666667    3440.3333333333335
4251.333333333334    3494.333333333333    3645.0    4282.333333333334    4393.0    3994.3333333333335    4778.0    4184.333333333334    3954.0    7007.333333333334    8446.666666666668    7347.0    9206.0    17682.0    34036.666666666664    45593.33333333333    36615.66666666667    30017.0
3016.3333333333335    3471.0    3128.3333333333335    3838.333333333333    4588.333333333334    3978.3333333333335    4677.666666666667    3419.333333333333    4600.0    6320.666666666667    6699.0    6184.0    7660.0    19293.333333333336    26293.666666666668    46366.33333333333    42023.00000000001    25679.0
3447.9999999999995    3255.666666666667    3001.6666666666665    3799.0    3554.9999999999995    4632.0    5308.333333333333    4384.333333333333    4748.333333333333    4670.0    7283.0    8042.0    6945.000000000001    17085.666666666668    35246.0    44243.666666666664    35586.0    27873.666666666664
3963.666666666667    3796.6666666666665    3270.6666666666665    4525.333333333334    5033.666666666667    5803.666666666667    3807.333333333333    5057.0    3381.9999999999995    6294.333333333334    7614.333333333333    12643.666666666668    9895.666666666666    19809.333333333336    28508.000000000004    42105.33333333333    41967.0    28497.999999999996
