21625.66666666667    19270.333333333332    50766.000000000015    73891.33333333333    57932.66666666667    29272.0
19170.33333333334    22076.666666666664    42786.00000000001    62256.66666666666    58474.66666666667    25540.666666666664
19958.0    23659.333333333332    40273.33333333334    69401.00000000001    59270.333333333336    29947.000000000004
18941.000000000004    19561.000000000004    46756.66666666667    67522.33333333333    60222.66666666667    32942.666666666664
20462.333333333332    25236.666666666668    44665.66666666667    74421.33333333331    51067.33333333333    34418.66666666667
20903.333333333332    15915.666666666668    37959.66666666667    65498.0    62566.00000000001    37953.66666666667
19090.333333333336    17098.0    33010.333333333336    61412.99999999999    64236.333333333336    38672.33333333333
18866.333333333332    17830.333333333336    29721.0    61501.99999999999    71125.0    37726.33333333333
18365.666666666668    18477.333333333332    33366.666666666664    60036.33333333333    60283.0    38838.666666666664
18653.000000000004    17531.666666666664    26420.000000000004    56208.666666666664    60823.333333333336    34254.666666666664
22183.333333333336    20272.0    35840.333333333336    46618.0    62638.99999999999    32439.0
17391.666666666668    20807.333333333332    34595.66666666668    54693.33333333333    47285.666666666664    26774.0
19140.666666666664    19063.333333333336    36833.666666666664    50133.99999999999    55367.66666666667    28300.333333333332
19607.999999999996    19911.666666666664    33219.0    46154.66666666667    49151.33333333334    23329.000000000004
17179.666666666668    14105.333333333334    35636.33333333334    47454.66666666666    50144.66666666667    30842.33333333333
16060.666666666666    15325.333333333334    34778.66666666667    47624.66666666666    38413.0    29219.33333333334
13928.33333333333    18872.666666666664    26586.000000000007    45618.66666666667    36045.99999999999    25424.66666666666
16163.666666666666    17083.666666666668    25071.333333333336    33023.666666666664    32448.666666666664    19361.333333333332
22165.0    20677.333333333332    38157.99999999999    59312.66666666668    53876.333333333336    29114.666666666668
20992.66666666667    21095.666666666668    41191.66666666665    66489.33333333333    53812.33333333333    29993.333333333332
19393.0    24404.666666666668    43163.66666666667    60824.33333333333    55574.99999999999    29510.66666666667
17950.333333333332    22195.666666666664    41311.333333333336    69019.00000000001    64525.33333333333    32818.333333333336
20829.333333333336    28340.0    43162.33333333332    66403.99999999999    62172.333333333336    30266.999999999996
17608.0    18983.666666666668    42685.99999999999    69918.0    56959.0    29071.0
21357.666666666668    18968.333333333336    39440.99999999999    68050.33333333334    64534.00000000001    36048.33333333333
18923.0    17706.333333333332    34525.0    62920.333333333336    67226.66666666666    34954.666666666664
20125.333333333336    17328.000000000004    33226.99999999999    62473.0    64199.0    39105.666666666664
18449.0    18171.999999999996    37745.333333333336    64212.333333333336    65423.33333333333    40537.666666666664
21476.000000000004    20221.999999999996    41946.666666666664    63150.33333333332    56332.0    27537.33333333333
19492.333333333332    18943.333333333336    39386.333333333336    63622.33333333333    59708.333333333336    33731.33333333333
17897.666666666668    19511.666666666668    41542.666666666664    60143.333333333336    63042.333333333336    34796.00000000001
