15147.333333333332    25470.666666666668    42392.66666666667    41951.33333333333    31336.0    20631.666666666664    11481.333333333334    9384.0    8320.666666666666    6746.666666666668    4860.333333333333    7114.333333333333    4958.333333333333    4566.333333333334    5922.333333333334    4120.333333333334    4773.999999999999    3579.666666666667
13055.0    21631.666666666668    32799.666666666664    39810.666666666664    31147.666666666668    20720.333333333332    11869.666666666666    7864.0    9174.333333333334    6105.333333333333    4617.666666666667    5233.333333333332    3954.0    5196.333333333333    3814.0000000000005    4650.0    5214.0    3447.3333333333335
10852.666666666668    22975.0    33929.0    33234.33333333333    26541.333333333336    20900.333333333332    14080.333333333336    9743.666666666666    11228.0    9909.666666666668    7993.000000000001    5817.0    6404.999999999999    4765.000000000001    8032.0    5309.333333333333    6749.666666666667    4043.6666666666665
15855.666666666668    22863.666666666664    29334.333333333336    43053.0    34295.00000000001    22017.333333333332    16039.333333333334    11001.0    8994.666666666668    6225.666666666667    5405.666666666667    6591.333333333333    4204.333333333333    3944.0    3272.0    4306.666666666667    4761.666666666667    3781.0000000000005
15051.0    24470.666666666668    32022.666666666664    35140.66666666667    34827.0    24143.333333333336    13665.0    9284.0    8249.333333333332    7320.666666666666    7400.333333333333    5789.0    4732.333333333334    7136.0    6474.666666666667    5654.666666666666    4167.0    4743.666666666667
2500.0    4266.666666666667    3862.3333333333335    6232.666666666667    3773.666666666667    4299.666666666667    3873.333333333333    5988.666666666666    5076.666666666667    5889.666666666667    9301.0    13218.666666666666    17494.333333333332    32443.333333333332    32399.666666666668    34451.666666666664    31349.333333333332    24375.0
4621.0    3458.0    4422.333333333334    2890.666666666667    4227.333333333334    4877.333333333333    6214.0    4334.0    5371.0    5128.666666666667    7500.333333333333    13753.666666666664    18127.666666666668    35399.33333333333    32806.666666666664    32732.999999999996    26115.333333333332    21540.0
3988.0    3331.0    4636.0    4002.666666666667    3835.0    3812.666666666667    3287.666666666667    5261.000000000001    4477.333333333333    6155.0    11403.666666666666    14181.0    25995.666666666668    30924.999999999996    30880.333333333332    26670.666666666664    30134.333333333332    23794.0
3346.6666666666665    3436.0000000000005    4744.0    5733.000000000001    4364.333333333333    4764.0    4637.666666666666    6294.333333333334    6711.333333333334    8600.666666666666    14123.0    15678.66666666667    21681.666666666668    25843.666666666668    29282.666666666668    26158.0    24738.333333333336    19229.666666666668
3762.333333333333    3076.666666666667    3609.0    3225.333333333334    2425.0    3704.3333333333335    5645.666666666667    6076.333333333333    5362.0    9889.333333333334    13381.333333333334    17299.666666666668    20104.666666666664    21245.333333333332    27290.333333333332    25637.666666666664    22147.0    20009.333333333332
13520.333333333334    14492.0    12321.666666666666    13505.333333333332    10716.0    11876.333333333332    13724.666666666666    11178.333333333332    12601.333333333334    11667.666666666666    10308.666666666666    11223.666666666668    10165.333333333332    12019.666666666666    16582.0    13473.0    10449.333333333334    10166.333333333334
15132.000000000002    13407.333333333334    21419.666666666668    19024.0    19874.333333333332    14665.000000000002    12301.666666666666    15311.666666666666    13853.333333333334    13522.0    6648.666666666667    7387.333333333333    6694.0    6599.333333333333    3401.6666666666665    3690.6666666666665    3660.333333333333    4954.666666666667
4511.666666666667    4129.666666666667    5227.0    4889.333333333333    5087.0    4824.666666666667    8666.666666666668    13428.333333333334    14576.333333333334    12980.666666666668    13147.999999999998    13629.0    12019.0    18827.666666666668    21714.0    21417.666666666668    17365.666666666668    12397.333333333334
10692.333333333334    12568.0    19890.999999999996    19845.666666666668    14515.000000000002    13332.0    8150.666666666667    10437.333333333332    11649.000000000002    10118.0    9311.0    11737.666666666666    12178.999999999998    8182.000000000001    5638.333333333333    4979.666666666667    3639.333333333333    4507.666666666667
10898.666666666666    12990.0    17353.999999999996    18963.0    17730.333333333332    12191.666666666668    9723.0    9614.999999999998    7589.0    8710.666666666668    10488.0    9226.333333333334    8844.666666666668    10930.000000000002    10512.0    7920.333333333333    6473.333333333333    5203.0
10525.999999999998    10177.666666666668    16344.0    19117.666666666668    15698.0    10108.0    9241.666666666666    8400.0    8162.333333333333    6682.333333333334    8058.999999999999    7002.333333333334    7699.666666666666    8955.0    5813.0    9572.333333333332    10333.666666666666    9529.0
8439.666666666666    12320.0    16567.0    13773.333333333332    13733.666666666666    10754.333333333334    6124.000000000001    8971.666666666666    8300.666666666668    7882.666666666667    7895.333333333334    5837.0    8314.0    5663.666666666667    9163.333333333334    7883.666666666667    8291.666666666666    6560.666666666667
8315.0    7775.333333333334    12284.333333333334    14546.333333333334    12429.333333333334    9367.666666666666    7391.000000000001    6408.999999999999    6868.666666666667    7553.666666666667    6023.999999999999    6205.0    7806.333333333333    6369.666666666667    5710.666666666667    5284.333333333333    5811.666666666667    7000.333333333333
20530.666666666668    17393.666666666668    20334.0    21816.333333333332    21857.333333333336    14777.333333333336    19620.333333333332    15434.999999999998    14984.333333333334    10402.0    7740.666666666667    5789.0    6103.333333333333    5782.0    5451.333333333334    5879.666666666666    4717.333333333334    4689.666666666666
18500.0    24066.0    24031.000000000004    27865.000000000004    25965.666666666668    16877.666666666664    18595.0    15230.666666666666    12496.0    7990.666666666667    6831.0    7036.0    5573.333333333333    5430.333333333333    4337.333333333333    4426.333333333333    3828.0    4495.0
19285.666666666668    22648.0    30395.666666666664    29249.999999999996    23668.333333333332    21121.666666666668    18689.666666666668    13046.0    9590.666666666666    7796.333333333334    7628.0    4919.333333333334    4955.333333333333    3805.6666666666665    4219.333333333334    3920.666666666667    4141.0    3790.0
15103.333333333334    26668.666666666668    28227.333333333332    32110.333333333332    31318.66666666667    24047.0    20907.333333333332    11013.0    9434.333333333332    7209.000000000001    7220.333333333334    5493.333333333334    4964.333333333333    6405.333333333333    4298.0    4465.0    4731.333333333334    4203.333333333334
14991.333333333334    29083.0    30807.666666666664    32891.666666666664    33958.0    25429.666666666668    17085.666666666668    12869.333333333334    8020.999999999999    6152.000000000001    5338.0    6544.0    6012.0    4606.666666666667    3853.3333333333335    4968.333333333333    4091.666666666667    4471.666666666666
13851.666666666666    23459.666666666664    33159.666666666664    33004.666666666664    27644.0    26726.0    15608.666666666668    10194.666666666668    7726.666666666667    7414.000000000001    6680.0    4019.0    4078.666666666667    4582.0    4327.333333333333    5604.0    3195.6666666666665    3949.3333333333335
5758.333333333333    11625.000000000002    14723.666666666668    14935.999999999998    15647.666666666666    11219.333333333334    6646.000000000001    6807.333333333334    8472.333333333334    6620.0    6505.333333333334    10295.0    17928.0    24610.333333333332    26025.333333333332    22191.333333333336    22094.0    16294.666666666666
4350.0    3262.0    3794.6666666666665    3047.6666666666665    4055.666666666667    3486.6666666666665    3744.666666666667    4794.666666666666    5770.666666666667    6693.666666666667    9018.666666666666    11102.0    17571.0    28326.0    41246.33333333333    43881.0    25346.66666666667    16764.0
4262.666666666666    3624.0    3457.6666666666665    4253.666666666667    3028.0    4790.666666666666    3541.0000000000005    3511.0    6375.0    5735.333333333333    8777.666666666668    10627.333333333332    14713.333333333334    29064.0    44491.666666666664    38921.33333333333    31827.333333333332    15456.333333333334
3764.0    3663.666666666666    4575.333333333334    4126.333333333333    3762.6666666666665    4129.333333333334    3729.6666666666665    4082.0000000000005    6069.666666666667    6920.333333333333    7765.666666666667    9996.333333333334    14727.0    35017.66666666667    43174.33333333333    38298.33333333333    34823.33333333333    15913.999999999998
8415.333333333332    16366.333333333334    24315.0    28824.0    28447.0    18330.333333333336    14976.666666666666    11892.333333333334    16053.000000000002    16814.333333333332    9419.666666666668    6676.666666666667    5380.666666666667    6975.333333333333    5715.666666666666    4594.666666666667    3312.333333333334    4155.0
8983.0    7739.999999999999    12522.333333333334    18000.666666666664    10198.666666666666    7108.0    7927.999999999999    4911.0    6003.666666666667    7622.0    6391.666666666667    8479.666666666666    12280.999999999998    25489.666666666668    33959.66666666667    27299.666666666668    18732.666666666664    11232.666666666668
7033.0    11967.666666666668    15059.666666666668    16964.333333333336    13295.666666666668    8850.333333333332    8619.0    5931.666666666667    5214.0    6280.333333333334    6867.333333333333    7634.666666666666    13659.666666666666    24553.666666666668    28761.666666666668    25561.666666666668    19430.666666666664    11248.666666666668
