8509    14470    15964    32759    26271    16197
9503    15022    20853    33783    30443    16928
11499    13628    20727    32199    28398    20300
7510    9915    27848    33026    30653    16565
10433    14146    20102    35869    28507    23361
10757    11766    17823    31665    28349    20020
9801    15310    16699    29480    29519    19703
11145    10967    18271    25377    24239    21629
11145    10967    18271    25377    24239    21629
10510    10044    22212    29773    25407    13059
10206    11837    20163    29030    30866    15618
10162    13190    26045    27570    27065    14244
12624    10787    29089    24628    23652    11333
11585    13474    17205    26234    26040    12372
11114    10008    20127    24056    24131    19438
8045    12348    15660    22590    21029    13643
12470    11293    9910    13724    16829    15706
10343    9290    12883    14714    18881    11542
6907    10391    14909    14889    12791    9950
13012    14153    15236    22328    28512    15420
6353    9817    18155    21404    23579    15360
10731    10936    22429    32179    23346    13238
12370    9422    14769    28096    18514    15005
11771    8660    16629    20054    16563    11346
9068    13643    24816    25879    24619    13792
10590    12360    27504    37635    27304    14398
