2842    6151    2447    1902    2668    2295    4551    4793    4939    4866    4592    5515    14848    22258    17787    11716
2747    2162    2954    2641    4319    3592    3782    5962    3265    8279    9073    17108    17684    15951    8986    18027
3240    2368    3747    3935    3134    7312    6111    5684    9318    8317    11987    12469    15100    11670    11306    11053
3080    2404    2669    2628    2535    3647    5450    6549    5390    7023    10111    15405    13944    9478    17395    17809
4383    4159    2668    4636    3871    4116    4162    5309    3618    10541    14990    10451    15465    11676    13995    18378
3045    3639    2664    3638    3568    3735    4238    4941    6854    18179    11338    13594    9164    10254    12757    8772
3826    2124    2996    2501    4210    2333    4400    5561    11174    9946    14977    12108    12194    10772    9468    11922
4464    2508    2898    3370    3528    3366    4804    8952    5862    12138    11011    10874    10691    7099    8310    11753
4464    2508    2898    3370    3528    3366    4804    8952    5862    12138    11011    10874    10691    7099    8310    11753
12506    18251    21738    14706    6903    5122    6817    2744    2500    3230    2662    2437    3056    2202    4005    2126
11285    8948    8434    8758    10423    6383    8374    7825    9853    10861    3975    5991    4037    3843    4083    4647
10912    6201    15415    8048    7401    9672    7876    7391    8908    11639    5426    5198    4151    3438    3123    3477
8468    6628    6537    5418    6627    8216    8490    8443    9448    6941    9241    4723    8194    3527    6531    4681
4997    6979    4740    6462    7623    7572    8353    7287    6697    6259    8177    8056    7693    6746    4932    4337
8177    7191    9937    6288    3727    6198    9392    6804    5567    6371    6043    7447    7441    5951    6634    5706
4539    7636    6548    6461    5686    3673    7796    6789    5987    4229    4504    7425    3559    5747    6362    6374
3789    7241    4653    7513    5525    5406    3453    6251    3816    3455    3884    4046    4935    5377    6704    3884
4655    3595    4595    5573    4411    3581    4222    4744    4953    4187    7644    3782    5893    5736    5390    4692
2858    4824    5832    9004    3497    4169    3963    2954    4442    4844    2829    4084    5237    3987    4088    3225
3801    6996    4502    4959    4455    4964    11487    9816    6093    6646    8719    11264    6106    5695    7821    5337
6500    8600    7529    5136    6616    5449    6775    7211    8135    7511    7705    3404    5355    2870    3441    2431
14095    9338    8737    10959    7742    8459    6342    12973    8185    5906    3848    2568    1918    3823    4705    3261
2622    2772    3574    3495    2898    2965    4455    6129    8609    8294    10057    11170    8237    5012    6758    11129
3776    2673    5282    5260    6768    6195    5127    5125    4412    4897    7283    6606    4597    5591    6626    4805
14696    7224    8771    12240    10437    11488    7859    6625    6611    2993    3503    3656    5629    3311    3211    3563
15708    10363    9935    15929    16905    12805    12955    4521    4915    3246    4095    3514    4245    3160    4443    3052
