22134.999999999996    45094.333333333336    74010.33333333333    79210.33333333333    45617.666666666664    22733.666666666664
20195.333333333332    52171.66666666667    73734.66666666666    79323.66666666666    43625.0    20634.0
25445.333333333332    59822.666666666664    85676.0    79922.66666666664    41503.33333333333    22443.0
28366.33333333333    60167.33333333333    85476.0    82388.33333333333    48519.0    19429.666666666668
21532.0    55460.0    77677.33333333334    78290.0    49009.0    24055.333333333332
21491.333333333332    44112.00000000001    79954.66666666666    78328.0    50737.333333333336    23647.0
20992.333333333336    43705.0    78027.66666666667    77643.0    47375.333333333336    21594.666666666668
22216.999999999996    45519.0    81322.00000000001    77806.0    45471.333333333336    27575.0
21164.0    45315.66666666667    71551.33333333334    74304.0    44048.333333333336    22703.333333333332
20352.333333333336    45097.99999999999    76140.66666666666    68240.0    44030.33333333334    21550.333333333332
27698.666666666668    48971.33333333333    80691.33333333336    72686.33333333333    38188.0    19876.999999999996
22740.333333333332    46341.0    74644.33333333334    71675.33333333333    39717.33333333333    21560.0
24323.0    46463.66666666666    70389.33333333333    69772.33333333334    36444.0    22677.0
24903.0    53971.66666666667    75260.99999999999    64629.66666666668    39575.666666666664    19056.0
25538.0    42234.0    64084.666666666664    66550.0    42857.666666666664    23849.333333333325
23511.0    40859.66666666667    60402.666666666664    53121.66666666667    36480.66666666666    18341.666666666668
21256.333333333336    34506.66666666667    54324.0    53267.66666666667    28239.333333333332    17445.000000000004
26419.000000000004    54700.33333333333    81325.99999999999    69068.33333333333    53131.333333333336    21719.33333333333
26886.33333333334    57363.33333333333    81520.0    75848.66666666667    42415.666666666664    20507.333333333332
27938.333333333332    50161.666666666664    94236.33333333331    81030.66666666666    52363.33333333333    22025.999999999996
29914.0    63815.66666666667    90777.33333333333    87889.66666666663    50948.0    19610.0
26455.666666666668    63188.66666666667    94511.0    79371.0    49120.66666666667    24099.666666666668
27082.333333333332    56117.99999999999    94236.0    88708.99999999997    55017.66666666667    20203.333333333332
28439.0    64050.33333333333    94105.00000000001    81274.33333333333    47829.66666666667    23244.66666666667
21426.666666666668    53553.00000000001    87027.66666666666    88549.66666666666    45965.666666666664    21870.333333333332
20930.666666666668    46440.00000000001    81847.66666666667    82497.33333333334    51340.66666666667    21493.0
21965.0    50602.333333333336    73077.0    77304.33333333334    50101.333333333336    25163.000000000004
20637.333333333332    44102.666666666664    75215.33333333333    85413.0    55778.666666666664    25275.999999999996
18134.333333333332    43475.666666666664    71158.33333333333    77226.0    61783.33333333333    25411.333333333332
19615.0    43373.66666666667    76491.66666666666    79124.0    53145.0    23984.666666666664
29531.0    61516.0    83979.66666666667    75448.99999999999    44622.33333333334    23520.33333333333
