3332.333333333333    3623.6666666666665    4582.0    4271.0    4393.666666666667    4884.333333333333    5124.666666666667    5880.333333333334    5859.0    6329.0    8421.0    12266.666666666668    19281.0    34950.666666666664    50102.666666666664    50118.0    40282.0    25099.333333333332
4752.333333333333    3946.333333333333    4370.0    3418.6666666666665    4969.333333333333    4699.666666666667    4941.333333333333    6719.666666666666    5667.333333333334    8121.0    8377.333333333334    9762.666666666666    18718.0    34343.666666666664    49388.333333333336    54114.33333333333    37788.333333333336    25586.0
13338.666666666664    23189.333333333332    28648.666666666668    38360.33333333333    32123.333333333336    24716.333333333336    20970.333333333332    12133.333333333334    7547.0    6739.666666666667    7043.333333333333    9013.333333333334    9905.666666666666    14695.0    17638.0    20441.0    15716.0    12593.666666666666
16618.666666666668    32415.333333333336    44705.0    51092.0    45012.0    35333.0    22101.0    12971.666666666668    9235.666666666666    8339.666666666666    6946.666666666668    5737.666666666666    6237.0    5761.333333333333    4854.666666666667    5712.666666666667    5671.666666666667    5601.0
8946.333333333334    13445.666666666666    18802.333333333332    21119.333333333336    21677.999999999996    21047.666666666668    9269.0    8136.333333333334    7585.0    6639.000000000001    6762.000000000001    10335.0    20963.666666666668    21993.666666666664    30918.66666666667    33107.666666666664    29024.666666666664    16249.666666666668
3300.9999999999995    3699.6666666666665    4330.0    3159.0    6151.666666666667    5730.333333333333    6290.333333333333    5304.333333333333    7775.666666666666    8688.333333333332    9474.666666666666    14942.000000000002    28179.666666666664    34985.33333333333    41156.00000000001    43063.00000000001    38514.666666666664    33524.66666666667
3539.6666666666665    3051.666666666667    4401.666666666667    3405.333333333333    4283.333333333333    3586.6666666666665    5115.999999999999    5758.666666666667    7935.333333333334    8232.333333333334    7916.0    16102.333333333336    26202.999999999996    37394.666666666664    41599.0    40987.0    35270.33333333333    34555.0
3180.333333333333    4087.666666666667    5561.333333333333    6694.333333333333    3615.333333333333    5816.333333333333    6319.999999999999    6115.333333333333    6297.0    8862.333333333334    15197.666666666666    23379.666666666668    30725.333333333332    34752.666666666664    36324.666666666664    32623.333333333332    38771.666666666664    31585.333333333332
3838.666666666667    4616.666666666667    2883.666666666667    6535.666666666667    4899.333333333333    4076.0000000000005    5369.666666666667    8179.666666666668    8065.333333333334    7858.0    14931.666666666666    20262.0    29722.0    29214.000000000004    27820.333333333332    36782.333333333336    31485.666666666664    32545.999999999996
3928.6666666666665    4400.666666666667    5167.666666666667    5873.666666666667    4958.0    6876.333333333333    6391.0    6134.333333333333    8724.333333333334    12905.333333333332    16482.333333333332    26920.333333333332    26986.666666666668    26954.333333333336    25849.000000000004    30976.666666666664    26003.999999999996    29878.333333333336
20431.0    23979.666666666668    24451.0    26729.666666666668    30805.0    21419.33333333333    17615.0    22377.666666666664    16245.333333333332    18621.666666666668    12795.666666666666    8857.333333333334    8694.333333333334    6974.0    8552.0    6836.666666666667    6883.666666666666    5843.666666666666
13532.0    9894.0    11513.666666666668    8887.666666666666    9951.0    12805.666666666666    12417.999999999998    15371.0    20031.0    17213.0    20112.666666666668    21286.666666666668    14031.0    18330.333333333332    23451.0    17644.0    15469.333333333334    14736.333333333334
15931.333333333332    18489.666666666668    18226.0    22112.0    21412.0    20431.0    19008.666666666668    15151.999999999998    17727.666666666664    16449.0    16996.0    18477.333333333332    13297.333333333332    10782.0    7539.333333333334    4913.666666666666    6915.0    6209.333333333333
15141.666666666668    17000.666666666664    20650.0    23248.0    19085.333333333336    22601.333333333332    13062.0    13383.666666666664    11558.0    16847.0    13317.333333333336    18229.666666666668    19550.666666666668    15424.000000000002    14053.666666666666    10842.0    6953.333333333333    6448.666666666667
12210.666666666666    15277.333333333334    16759.333333333336    18826.333333333332    21652.333333333332    16748.0    16384.666666666664    13667.333333333332    11278.0    13861.666666666668    13333.333333333332    13506.0    10878.666666666666    16907.333333333332    13265.000000000002    14699.333333333334    13862.0    11996.333333333334
12829.666666666668    14384.666666666666    16265.666666666668    22221.333333333332    13690.333333333332    13294.666666666666    10517.333333333334    11020.0    11671.666666666666    10202.0    11562.333333333334    10009.666666666668    12364.666666666666    12918.0    9602.333333333334    13039.666666666666    14413.666666666666    12709.666666666666
10634.0    14258.000000000002    15979.999999999998    20953.333333333336    19770.000000000004    12018.999999999998    12071.000000000002    8672.0    10575.333333333334    8729.333333333332    8001.0    10194.666666666668    8816.666666666668    7897.333333333333    10157.333333333334    7242.0    9675.0    13393.0
26836.666666666668    25932.66666666667    33010.0    27496.0    27270.0    19234.333333333332    20183.333333333336    22460.0    22625.0    20120.666666666668    15329.0    10804.666666666666    7599.333333333332    5867.0    5829.333333333334    5168.999999999999    5081.333333333334    5516.0
14863.333333333332    19974.0    24406.666666666664    25791.0    22971.666666666668    21143.666666666668    19839.0    21416.666666666664    18800.666666666664    10493.0    12908.0    16175.333333333332    14542.666666666666    13552.333333333334    10784.666666666668    14532.333333333332    9862.333333333334    12483.999999999998
25403.0    27184.666666666668    34026.333333333336    26393.0    22708.333333333332    31253.666666666664    27228.333333333336    22339.0    12806.666666666668    9996.333333333332    8521.333333333332    9448.333333333334    11955.666666666668    11543.333333333334    14237.000000000002    11171.666666666666    11379.666666666666    10160.0
33850.66666666667    33338.0    39346.00000000001    39802.666666666664    42631.33333333333    34868.333333333336    29367.0    18796.0    13836.666666666666    9883.333333333334    6115.666666666667    9322.333333333334    6296.666666666666    5342.0    5520.000000000001    5285.0    4981.000000000001    4372.0
21545.333333333332    36634.0    42112.333333333336    41328.66666666667    45954.66666666666    34485.333333333336    27708.666666666668    17006.666666666668    13049.999999999998    8413.999999999998    9234.333333333332    6917.666666666667    5595.333333333333    6958.0    5393.666666666667    3790.3333333333335    5643.666666666667    4974.0
23404.0    29828.666666666668    48130.0    46440.99999999999    47494.66666666667    38912.66666666667    29462.666666666668    14961.666666666668    10047.0    8592.333333333334    8089.333333333333    6822.0    5546.333333333333    5459.0    4893.666666666666    3892.6666666666665    5031.0    4357.666666666667
16416.0    34216.0    49042.666666666664    52592.0    48438.666666666664    43086.666666666664    22128.333333333336    12202.666666666668    7359.333333333333    7559.666666666667    8664.666666666668    7943.0    6489.666666666667    4833.0    4009.666666666667    4453.0    4243.666666666667    5264.333333333333
9208.666666666666    13074.666666666666    16611.333333333332    19976.666666666668    21159.0    18283.0    9758.666666666668    9952.666666666666    10757.666666666668    7281.666666666667    8987.666666666666    10665.333333333334    14866.0    26546.333333333332    34819.333333333336    36445.333333333336    27387.0    22612.000000000004
3324.0    4087.666666666667    2760.6666666666665    5267.666666666666    3818.9999999999995    5239.333333333334    4840.999999999999    6361.333333333332    5840.333333333334    10337.333333333332    8322.0    10516.0    18705.666666666664    38698.333333333336    48717.33333333333    51619.666666666664    45271.666666666664    30820.333333333336
4999.666666666666    4673.0    4675.333333333333    4842.666666666667    4480.000000000001    3912.666666666667    4316.0    5822.333333333333    4751.333333333334    6675.333333333334    10257.0    8554.666666666668    19283.666666666668    30436.666666666668    51728.333333333336    57306.666666666664    45055.0    26442.666666666668
5206.666666666667    5333.666666666667    6264.666666666666    4323.333333333333    5669.666666666667    4615.0    5557.333333333334    6750.333333333333    5302.666666666667    7785.0    10159.999999999998    8791.666666666668    17436.666666666664    40468.0    48571.333333333336    54376.99999999999    40855.333333333336    28954.666666666664
3513.0    3460.333333333333    4031.6666666666665    5167.666666666667    4596.666666666667    5418.666666666668    5239.999999999999    4476.666666666666    7139.333333333333    7720.333333333333    8787.333333333334    10599.000000000002    17932.333333333332    34526.666666666664    51833.0    50064.333333333336    44086.666666666664    28595.333333333332
4756.666666666667    5064.333333333333    5383.0    4662.666666666667    4142.0    4963.0    5630.0    4140.666666666667    7398.333333333333    5606.666666666667    8486.333333333334    10108.333333333334    16879.0    33072.0    55648.0    54325.333333333336    42694.666666666664    22773.0
10758.666666666666    22005.333333333332    46319.666666666664    63374.0    51481.666666666664    38197.0    15682.666666666666    9688.666666666666    6759.666666666666    9409.333333333334    5945.666666666667    9118.666666666666    5768.666666666667    5416.999999999999    4211.666666666667    5439.333333333333    4093.3333333333335    4947.333333333333
