19254.333333333332    28999.999999999993    63851.66666666666    87010.00000000001    79358.66666666666    38581.00000000001
20675.66666666667    19009.333333333332    48835.33333333332    86239.33333333333    76780.0    51684.0
16221.999999999998    23463.333333333332    52768.666666666664    81530.33333333333    86766.00000000001    51479.666666666664
20002.333333333336    28024.666666666664    50518.66666666667    83609.0    78349.33333333333    47142.33333333333
17603.333333333332    27983.0    58859.33333333334    89419.33333333333    71565.66666666667    43370.66666666667
20565.33333333334    34982.0    65318.66666666665    95046.66666666669    78019.0    38896.66666666667
21468.333333333332    29682.666666666657    68757.66666666667    83761.33333333334    67669.33333333334    42898.99999999999
20554.0    26905.0    56845.0    91960.66666666667    79007.00000000003    39913.333333333336
19416.666666666668    30613.666666666664    54455.00000000001    97457.33333333333    71603.0    40347.66666666668
18743.0    26393.333333333336    58345.0    84718.66666666666    73286.33333333334    38722.33333333333
19681.333333333336    24008.333333333332    39496.333333333336    74690.33333333334    72582.66666666666    41099.33333333333
17337.333333333336    26293.666666666664    51387.333333333336    74564.66666666667    64162.0    34450.33333333332
15727.333333333334    28254.333333333336    54771.66666666668    78512.00000000001    58608.66666666667    39816.333333333336
19885.333333333332    22632.666666666664    40342.0    75647.66666666666    66807.66666666666    39232.33333333333
17690.999999999996    22645.666666666664    43216.33333333333    65737.0    65163.666666666664    36951.0
18970.66666666667    22819.0    47593.33333333332    66879.66666666666    58399.00000000001    39303.666666666664
16085.666666666664    23148.0    34790.99999999999    48315.666666666664    46404.66666666667    29895.0
20357.333333333336    25160.666666666664    44947.66666666667    71400.66666666666    66692.33333333334    36841.0
17993.666666666664    25042.33333333334    53298.0    79868.00000000001    78752.99999999999    34659.33333333333
20205.000000000004    29844.333333333332    67269.66666666667    87313.66666666669    79576.0    43433.33333333334
19881.333333333336    29460.333333333332    66580.99999999999    92835.0    78795.33333333331    39528.333333333336
17066.333333333336    32956.666666666664    69266.66666666666    105814.0    84042.0    36193.666666666664
16627.333333333332    26435.666666666668    55251.33333333333    89339.33333333334    83156.66666666666    44046.66666666667
17191.33333333333    20793.000000000004    47268.666666666664    83765.66666666667    87313.0    52493.33333333333
16621.0    25061.66666666666    55810.333333333336    80330.0    84199.66666666666    45258.333333333336
20471.333333333336    30871.0    68933.66666666666    84781.0    84702.00000000001    39821.66666666667
20411.333333333332    33686.333333333336    68861.33333333334    88522.00000000001    80895.66666666669    39204.00000000001
21207.333333333336    35112.66666666667    69426.00000000001    92431.66666666666    76892.33333333334    46556.66666666667
16974.666666666668    20782.0    53601.666666666664    81983.66666666667    79038.33333333333    50534.0
18173.666666666668    20420.0    56045.666666666664    76797.0    78012.33333333333    54716.66666666667
15763.999999999996    23120.0    52429.666666666664    79034.0    78400.33333333333    50876.00000000001
