19130.333333333332    31957.66666666667    49800.0    49541.333333333336    46849.0    38792.666666666664    16669.0    9181.666666666668    8224.0    6104.333333333333    7033.666666666667    4715.0    4695.0    5174.333333333334    4023.666666666667    4242.666666666666    5405.666666666666    5515.666666666668
5646.666666666666    4977.666666666667    7004.333333333333    11868.666666666668    11664.666666666668    5887.666666666667    6316.666666666666    7148.333333333333    5066.333333333333    9107.333333333332    12378.333333333334    15348.0    23789.0    37357.66666666667    40329.0    43808.0    34411.333333333336    21114.0
3397.3333333333335    4452.333333333334    4134.0    4962.666666666667    5214.666666666667    4995.0    5036.666666666668    6074.333333333333    7880.666666666666    10141.999999999998    8264.666666666666    14329.000000000002    25632.333333333332    42421.0    52862.666666666664    47742.0    41200.666666666664    23488.0
3955.0    4383.0    3556.0    3486.0    6100.333333333333    4603.333333333334    8033.333333333334    5893.666666666666    6218.333333333334    6661.999999999999    10014.0    15738.0    28492.333333333332    42331.666666666664    50104.666666666664    45268.666666666664    38334.33333333333    24471.666666666664
13056.666666666668    15786.0    17947.333333333336    17742.0    17683.0    14330.666666666668    14800.333333333334    9368.0    8983.0    8176.333333333334    9737.666666666668    10730.333333333334    19220.0    27348.666666666668    33689.0    28643.666666666668    23183.333333333332    18375.333333333332
26675.333333333332    32735.000000000004    41283.0    46464.33333333333    40233.666666666664    37033.0    25660.333333333336    14869.666666666666    11613.333333333334    9074.0    9396.0    7023.0    5992.333333333333    5686.333333333333    3867.6666666666665    4040.6666666666665    5142.666666666666    6038.0
24130.0    38709.0    40674.0    44057.33333333333    37946.333333333336    33100.0    20329.333333333332    14367.0    11186.666666666666    4870.666666666667    7966.333333333333    5229.333333333334    6757.333333333333    5195.0    7278.666666666667    3688.333333333333    4180.666666666666    4572.333333333333
26664.333333333336    37976.666666666664    35320.0    33509.0    34943.33333333333    36554.0    23388.333333333332    20836.0    14168.666666666666    9631.666666666668    6167.000000000001    6080.333333333333    6006.666666666667    6600.666666666667    5086.333333333334    3281.6666666666665    4352.333333333333    4618.0
33821.33333333333    36296.333333333336    37534.66666666667    34579.333333333336    33187.333333333336    29103.0    24345.0    20787.333333333336    11374.666666666666    7238.333333333333    7651.666666666666    6829.0    6356.0    5806.333333333333    5301.333333333333    4880.666666666666    4781.666666666667    4019.3333333333335
26310.333333333336    30214.666666666668    31144.666666666668    29663.999999999996    27840.666666666668    31030.000000000004    27378.666666666664    24779.666666666664    17416.0    13844.333333333334    6447.666666666666    5603.666666666667    5316.0    5847.0    4413.333333333334    4668.333333333334    4448.666666666667    3841.0000000000005
4157.333333333333    4366.333333333334    4686.0    5108.0    4555.666666666666    5567.999999999999    6842.0    12822.0    16723.666666666664    19516.0    23567.999999999996    21218.333333333336    19437.0    24188.000000000004    29044.666666666668    22758.0    23551.0    23448.333333333332
18030.333333333336    19336.666666666668    27287.666666666664    23255.666666666668    21587.0    23178.0    18734.999999999996    16354.333333333334    18743.666666666668    19338.666666666664    15835.999999999998    12231.666666666666    7619.666666666667    4572.333333333333    6619.333333333333    4960.666666666667    5770.0    4738.666666666666
18359.333333333336    18719.333333333332    20859.0    26525.0    22004.666666666668    21587.0    13147.0    15800.666666666666    17622.0    20406.666666666664    17425.333333333332    19708.666666666668    11707.333333333332    9182.666666666666    8058.0    4712.333333333333    5124.666666666666    4740.666666666666
4511.0    6133.666666666666    7728.0    13114.666666666666    17714.333333333332    18401.333333333336    16222.666666666668    17361.0    15754.333333333334    15012.333333333334    16082.333333333334    13461.0    12366.0    14743.666666666668    26707.0    17126.666666666668    18365.0    13742.666666666668
6872.666666666667    13127.333333333334    18905.666666666668    15412.0    18542.0    13797.666666666666    12739.333333333334    13715.0    11184.000000000002    15237.333333333334    12660.666666666668    11299.333333333334    12388.333333333332    13987.333333333334    19227.999999999996    14753.666666666668    15486.333333333334    12067.999999999998
17164.666666666668    15892.0    16644.0    14283.333333333334    12655.666666666666    14793.999999999998    12954.666666666668    10524.333333333334    15508.333333333334    11804.333333333332    11856.333333333334    12725.666666666666    12604.666666666666    13947.666666666668    17570.333333333336    17977.333333333332    14259.999999999998    10798.0
12878.666666666666    15728.666666666668    16498.333333333332    17763.0    15747.000000000002    9928.666666666668    10659.0    10438.333333333332    10966.333333333334    11309.0    9080.666666666666    8687.333333333334    8331.333333333332    8329.666666666666    6719.333333333334    9454.333333333334    7787.666666666666    8332.666666666668
11329.333333333334    11059.333333333334    13885.333333333334    16184.0    13776.000000000002    10422.999999999998    11643.333333333334    10283.333333333332    15743.333333333334    21647.333333333336    19980.333333333336    18162.666666666668    19070.999999999996    15208.333333333334    13951.333333333334    14096.999999999998    14630.333333333334    14324.333333333334
15536.000000000002    19753.333333333332    22793.333333333336    17846.666666666668    16692.0    14494.0    14024.666666666668    16307.0    10748.999999999998    14450.0    18899.333333333336    17053.0    16287.333333333332    13576.0    15515.333333333334    13244.333333333334    16616.0    15776.999999999998
28171.666666666664    38531.0    35624.66666666667    37535.666666666664    31893.999999999996    36033.0    30836.333333333336    20256.666666666664    12793.666666666666    10783.666666666666    7796.333333333333    7565.333333333333    5250.333333333333    5026.666666666666    4286.333333333334    3844.0000000000005    6377.666666666667    5035.0
32402.666666666668    35255.0    38111.33333333333    39651.99999999999    36655.666666666664    36738.333333333336    28109.333333333336    16201.0    11218.333333333334    9354.666666666668    6869.333333333333    8462.0    6025.0    3880.9999999999995    4869.333333333334    3978.9999999999995    4033.3333333333335    5264.0
31621.000000000004    45022.66666666667    42584.333333333336    42665.666666666664    39803.0    35522.33333333333    28717.333333333332    20216.666666666664    10494.666666666668    6301.333333333333    6223.666666666666    5979.666666666667    5655.333333333333    4708.333333333333    5475.666666666667    5705.333333333334    4173.0    4469.333333333333
10903.333333333334    15552.333333333334    18902.333333333336    23306.333333333336    22109.000000000004    15804.666666666668    10898.0    10029.666666666666    7721.666666666667    5724.0    10662.666666666668    13056.333333333334    24911.66666666667    28150.0    31283.333333333332    25019.333333333336    22536.333333333332    18286.0
4564.333333333334    4785.333333333333    4719.333333333333    5666.0    5457.666666666666    6121.666666666666    7108.000000000001    5062.666666666666    5307.333333333333    7259.333333333333    10712.999999999998    14061.999999999998    26629.333333333336    36976.66666666667    47470.66666666667    48162.666666666664    38139.33333333333    30619.666666666668
3583.3333333333335    3782.6666666666665    4675.0    2707.6666666666665    4191.666666666666    4948.666666666666    6254.666666666666    7953.333333333333    6130.666666666667    7913.0    10379.0    14218.666666666664    27556.000000000004    44243.666666666664    45951.66666666667    47528.66666666667    37985.333333333336    27277.333333333332
18201.333333333332    38393.333333333336    55252.333333333336    46488.333333333336    48767.666666666664    30208.666666666664    18979.666666666664    10224.333333333332    7305.666666666666    9175.333333333334    7547.000000000001    7195.333333333333    5471.333333333333    5621.0    4385.0    4699.999999999999    4971.666666666666    6692.666666666666
16914.666666666664    41970.333333333336    54201.666666666664    54235.333333333336    44239.0    27576.666666666664    17710.0    12849.666666666668    8433.0    8801.333333333332    8895.0    6333.333333333333    5999.666666666667    4717.0    4636.0    4350.0    5423.333333333333    4294.666666666666
21866.666666666668    36438.0    60058.0    59820.666666666664    44897.666666666664    30473.333333333336    15558.666666666666    10366.333333333334    7106.333333333334    8114.666666666666    7253.000000000001    6103.666666666666    8016.333333333333    5911.666666666666    4631.333333333334    5288.0    5076.0    4646.333333333333
3436.333333333333    3970.666666666667    4280.0    4098.333333333333    2924.0000000000005    3852.3333333333335    5297.333333333332    4195.333333333333    7497.333333333334    7155.666666666667    11260.333333333334    13391.999999999998    27631.0    46797.0    51582.66666666667    50586.00000000001    33527.33333333333    21430.666666666668
4637.0    4034.666666666667    4313.0    4498.666666666666    3866.0    3091.0    3991.3333333333335    6488.333333333334    6288.666666666666    9748.0    8924.666666666666    10021.333333333332    25518.0    47489.666666666664    55209.333333333336    53646.666666666664    34026.333333333336    18372.666666666668
4048.666666666667    4111.666666666667    3404.333333333333    3633.3333333333335    4261.666666666666    5683.666666666666    5205.666666666666    4237.0    6691.333333333333    9443.666666666666    8172.333333333333    10940.333333333334    23361.333333333336    39364.666666666664    57987.666666666664    52908.0    37013.0    19155.666666666668
