10237    16562    26928    41556    22040    18542
13953    18831    35930    45665    32276    14177
9351    10539    19361    31225    25795    15323
7402    10612    25875    29486    25426    12921
9729    12594    18488    27509    32205    15618
10902    8219    15548    31478    26499    19529
8949    15372    28684    43752    28059    13738
12723    15688    38156    29231    31572    17393
15411    14295    29524    47450    29280    20900
14414    20214    27384    32383    33692    15375
9640    14862    23813    32860    24569    13090
14512    15265    26775    39634    26428    18575
9333    13565    22411    29171    31488    12752
8247    12183    22346    30791    24080    11064
11329    14061    16852    32441    21955    11446
10343    14317    18706    17852    20437    14291
8143    12879    15481    28397    18348    14433
11494    12604    21162    32087    21987    14145
8541    5748    8788    8042    6370    5426
9674    11905    14842    18480    12164    9645
11488    17687    31011    35565    21841    13490
9077    11310    19012    28824    21920    20053
9904    10120    19125    32175    28754    12556
11539    12425    26835    24247    27892    20584
13409    13834    20298    29552    24400    18747
8120    10520    18773    31139    22334    17962
