5460    8988    18913    21820    19671    19592    7198    4344    7532    3164    3211    4299    3617    2233    3434    2389
16588    16761    16300    20307    15280    21775    10010    8382    4822    6920    4602    4123    4350    4039    3930    2643
2342    2803    2571    3530    2964    3122    4134    3739    3906    6841    7445    9659    12144    17176    11972    17246
2455    4018    3086    4181    3918    4394    2561    3323    2792    8017    4485    13032    12702    13039    15147    14572
3677    4368    3294    4426    4836    2580    2703    5070    4955    5248    6761    12977    12286    14125    11554    17283
4608    2011    2569    3384    3488    4477    3895    4306    2491    6054    13258    12140    10362    12901    10008    16223
13384    17282    11448    14366    10070    8699    15237    16254    8777    4721    3141    3007    2265    5245    2059    2599
20119    10703    15252    8600    9755    10120    10347    13675    9847    11782    4437    4788    6376    3124    2675    3163
16730    12327    9210    17414    13812    13787    15129    12451    9220    10736    5249    5901    3535    5200    3108    3051
14953    16357    7714    7704    13409    9286    12616    9357    13520    11803    7850    4286    3269    4160    3986    3192
6886    5854    4036    6932    5475    6118    7289    9392    7947    5348    13169    11107    7536    8852    7209    5684
10322    7210    10701    11482    8172    8326    14563    7129    10365    10968    11607    9157    8144    5620    4579    2844
6995    3215    3871    4226    7206    8030    10372    8398    9451    9033    7495    6718    8780    7754    7954    9222
4136    2796    2775    6027    6615    9765    6703    11029    7429    5980    13688    4654    5616    6610    7695    7193
9362    4568    4966    4546    5980    6068    8567    5696    13127    5112    6405    4855    5895    8673    7676    6588
9773    6196    7570    3715    5640    5494    6628    6132    5252    6109    6394    3615    5100    5331    5009    7988
9566    4263    6505    5026    6358    6432    8679    5735    5862    5460    5259    8035    2882    7221    5057    5341
6678    4939    5452    7503    7593    7391    5995    10680    6238    9521    9652    5911    6219    5728    2896    11083
2572    2749    1863    2418    2500    3387    2734    2194    3335    2049    4517    2523    2165    3048    2484    2377
4290    3433    5998    5537    4549    4303    5190    4502    4721    6406    3561    4049    5080    6525    5347    3219
7106    12152    11574    8946    8554    7910    10206    9458    9959    7067    11626    8912    3641    6216    3808    3947
3493    3397    3774    2961    4206    8154    3618    5270    8274    7549    11613    11799    7982    7875    9953    10278
2281    3263    3112    2308    3400    6009    5153    5166    6122    10508    13217    7105    14267    11719    10780    8224
4391    3908    4354    3188    2999    4091    3577    4706    6087    7118    15590    8044    13251    12362    13409    16447
3617    4379    3729    2927    6212    7031    4851    5550    7192    8791    5143    10009    14255    15471    9619    11464
3210    2650    6616    2796    3753    3151    4031    4473    4551    5923    8735    13201    9779    10489    13290    12200
