32251    32113    42764    82218    86549    76015    30226    25203
33217    29482    37959    74275    80007    73747    30291    32420
38390    28636    47359    81316    97556    81960    33068    31447
33686    28449    40090    66678    91530    74591    29536    28480
30794    25910    56659    83004    93176    64852    30722    27641
42597    29518    57312    79184    92251    74442    38678    33426
32271    23483    46751    83902    89106    73089    29552    36222
28115    24454    46311    91387    80031    66833    31303    28990
27661    25753    49726    76265    88638    79153    30434    37257
27145    16899    15631    35875    44509    27240    16610    11254
24042    30002    30039    69519    78087    69371    29948    26117
33427    24236    35452    83090    77970    85744    50822    26978
24588    25602    50316    91268    87733    53365    21950    23683
15109    17800    16492    28974    27521    23723    18625    11938
33848    23913    37675    60194    73015    44660    23006    25153
31557    21159    30322    54089    58610    49469    26633    21738
30190    21527    52157    79329    97123    64916    20179    23450
31930    22429    37521    78380    96185    87119    46284    23664
30756    29624    44318    101340    108265    59836    27015    26947
32777    31891    49582    86541    102256    65962    25050    36291
41669    20663    40447    97552    118813    65525    42281    33302
33585    30378    38240    79985    78147    61980    28788    24693
29639    21830    31717    70914    99190    82297    41589    22979
38802    21611    32223    88378    91083    75220    30956    32873
30057    16959    39225    78998    99033    77499    40768    22867
34712    31457    34614    99455    94484    53998    23704    20294
33607    28696    40277    97973    97155    73943    30758    28061
41700    27989    41968    75971    83351    71555    31043    31429
33817    32133    37016    88226    84580    64366    30493    31824
25204    24198    33854    65943    82169    72409    39654    33448
30888    19869    39577    80262    91780    68088    38077    23163
