4126    4528    5280    7626    6771    4947    7398    6998    6754    7794    8111    14657    15226    32349    29268    62512    65392    50425    37805    29372
4977    6310    4128    4689    7056    4603    13354    15920    8467    6922    10213    10964    15528    17285    44256    65592    69635    41918    22104    17477
5941    6733    9344    8648    10259    7367    5436    9916    15610    11502    9681    12571    16141    23603    39061    61574    71526    56722    35399    22698
6485    5695    6565    6814    4391    5925    4260    11122    10793    10472    6400    9300    18371    15431    31780    63281    53423    52420    38440    31672
13491    10912    27545    49874    68933    65768    41305    23056    16383    11726    13159    9250    8849    12149    6637    8475    6243    5942    6308    6753
15159    19843    30074    56289    59455    65303    44221    29606    18777    19580    12406    17805    7518    7781    6723    9888    6707    6286    8161    5826
17981    18172    30161    50122    58823    67221    42879    27809    11364    12570    15780    10206    4987    8585    5179    6965    6423    6418    5805    6926
17952    20397    15082    48405    55353    68953    41406    19227    17340    14675    13490    6784    11117    6346    5584    8275    5877    8176    6328    6657
16053    10554    21683    59020    64593    66119    38045    22582    21691    15117    11535    8374    5726    9624    7082    7185    9450    5664    8184    6606
6366    4461    8597    9333    5694    4509    6789    10490    13870    15988    27140    16665    12792    7833    12272    9653    8652    5579    3270    5210
6317    7094    6201    5812    7156    6832    4689    8062    8619    6628    12496    12742    11021    18873    32750    53506    56537    40765    32471    18554
5787    4155    6790    8034    5572    8020    5345    8529    6994    5965    8376    15814    29912    23001    34135    63881    64604    54858    31689    26258
15269    24260    18290    21519    21838    20110    18468    22918    18658    26729    20727    24475    19723    18564    22302    19523    10125    12833    10110    12064
4713    6109    8487    6665    8045    6379    6530    9473    10763    9431    13502    13579    9594    8398    5622    9850    7490    6597    5512    3443
15657    19090    11230    21107    26365    26060    20083    17983    22158    10951    12714    12766    15868    8550    14863    10821    17543    11243    15425    10987
13840    19265    13930    13443    12901    18001    11737    15208    16744    13991    12952    14716    12451    13885    9806    13811    15963    19178    17998    13757
15657    21633    26388    16235    15708    24169    17674    22531    18702    24285    13483    16160    14273    11777    18296    29393    26768    19511    17492    18736
7794    4756    5466    5525    7146    6436    6220    7451    11504    7401    10765    15835    25350    34568    34055    56646    66545    50011    30896    29142
19312    15272    25432    25116    38056    40674    26926    30719    22587    19444    10003    9454    11073    5446    14890    28206    33371    25431    15258    11431
21621    40093    34325    47627    28581    35296    45338    41658    31845    19166    12182    12729    10870    9439    6837    5109    7773    7002    5480    7379
19373    38459    48048    47606    42890    52257    57563    35928    30663    11758    11311    13165    6529    6885    5594    9156    6312    5284    5190    6281
12383    16572    17035    47553    63512    54763    30377    24901    16762    14014    10101    7978    5546    9021    5826    9711    7896    9377    4511    7957
3539    8046    4814    6800    5304    7668    6045    9552    10594    7132    10586    11499    17452    26576    50613    55091    42251    48115    44396    24082
4841    3991    5093    7544    5390    3435    7526    6585    8679    11756    14090    13831    13342    25194    46375    53111    59817    51426    33904    35216
4204    4238    4057    7326    5845    6494    8398    10591    7072    11965    9403    8019    13125    27876    42373    56849    48742    57413    41017    30399
10141    12898    37603    48375    55944    52690    38870    29598    19344    14132    9494    8400    11059    6808    7314    5990    6400    4024    5424    8210
13950    14536    33503    49051    52581    56591    53354    35297    24414    16779    11304    7792    6535    4751    7351    13813    7337    8368    5192    7971
15124    11537    31474    41379    62016    61028    43912    14750    25183    18404    10173    6560    7316    7442    9466    8502    8300    8266    9744    4430
14766    11122    21598    50593    59189    63920    50432    22221    17801    20798    11202    9691    7291    5953    4936    6759    6215    4109    6829    7030
5685    7184    6204    11839    5449    8333    8881    4976    7176    8813    8347    17629    11082    20098    34615    58572    55333    46182    28065    22416
3824    3837    6102    5323    6194    4456    4606    5925    11107    6409    7797    17056    13716    21220    40405    50164    65700    51282    38676    27905
