17795.333333333332    27498.999999999996    44639.00000000001    46375.66666666666    29321.0    10814.666666666666
17914.999999999996    31372.0    65529.00000000001    62969.99999999999    36525.666666666664    17322.666666666664
17438.0    33820.0    60971.00000000001    62452.666666666664    38331.666666666664    17235.0
16902.0    29454.666666666668    66073.66666666667    66935.66666666666    40529.333333333336    21246.0
18911.999999999996    32362.33333333333    60868.33333333333    61268.666666666664    29501.0    16358.666666666668
18184.666666666668    32908.333333333336    60897.66666666667    61660.333333333336    39324.33333333333    17377.33333333333
15914.666666666666    32131.666666666668    60070.333333333336    64105.0    36972.0    19122.999999999996
17900.333333333336    34061.33333333333    60690.33333333333    63335.33333333334    35353.0    20382.0
19960.666666666664    39964.00000000001    63909.0    62235.0    32484.33333333333    17468.333333333332
16451.0    42833.333333333336    67091.33333333334    55727.333333333336    33414.66666666666    18435.0
22588.666666666668    38192.33333333333    60623.33333333333    54754.33333333332    30948.666666666668    18245.333333333332
21650.666666666664    41477.33333333333    55446.999999999985    47707.00000000001    26425.999999999996    16781.333333333332
19868.0    32027.333333333332    55016.333333333336    51995.99999999999    29557.999999999996    17035.333333333332
20846.999999999996    35920.333333333336    53305.333333333336    41870.0    32807.333333333336    17631.666666666668
17543.999999999996    32339.666666666668    49112.33333333335    46372.99999999999    19594.333333333336    16325.666666666666
18557.333333333332    26099.666666666668    48209.66666666668    38123.333333333336    24248.666666666664    15062.000000000004
15960.666666666666    25454.0    47429.00000000001    45413.333333333336    27678.66666666667    17353.0
14793.666666666666    27962.000000000004    36907.333333333336    35306.99999999999    19403.333333333332    14955.0
22052.333333333336    37758.333333333336    66191.66666666666    51900.333333333336    29962.33333333333    19391.666666666668
20586.0    35673.999999999985    61492.000000000015    60217.333333333336    27652.66666666667    15376.333333333334
21989.333333333336    39289.33333333334    65237.33333333333    52382.00000000001    29825.333333333336    18494.999999999996
17493.333333333332    33021.33333333333    58502.00000000001    50637.66666666667    32112.333333333332    17092.666666666664
18087.0    33586.33333333333    55455.0    62275.00000000001    36540.0    17244.666666666668
19386.333333333332    34399.66666666667    60667.99999999999    62127.33333333333    37129.333333333336    19362.0
17188.666666666668    30933.999999999996    57367.666666666664    59296.666666666664    38380.00000000001    18793.333333333336
22175.0    45971.333333333336    65126.00000000001    63782.666666666664    28267.0    18466.0
23361.333333333332    42750.66666666668    68830.66666666667    64196.66666666667    31310.666666666668    21120.666666666664
20553.333333333336    40529.333333333336    69241.33333333334    66657.33333333333    32852.0    17982.33333333333
21331.0    42859.0    69743.33333333333    61034.33333333333    36836.66666666667    20754.999999999996
19409.0    39502.666666666664    70434.66666666667    56873.666666666664    32423.333333333336    21896.333333333332
21491.666666666664    45000.333333333336    75026.33333333334    61590.66666666666    26131.333333333336    18955.000000000004
