5283.666666666667    4706.666666666667    10135.0    17909.0    21534.666666666664    10636.0    5853.666666666667    6476.0    5540.666666666666    6371.0    6668.666666666667    4261.333333333333    7671.0    10226.333333333332    13994.666666666668    13476.000000000002    12525.0    13175.333333333332
3237.0    4106.333333333333    3530.0    3706.9999999999995    3101.666666666667    4582.0    5552.0    3643.3333333333335    5214.666666666667    6182.666666666666    8517.0    7885.0    10656.666666666668    19356.000000000004    33782.333333333336    43757.66666666667    38510.666666666664    26312.333333333332
4916.666666666666    3997.333333333334    4164.0    4399.666666666667    4214.333333333333    3629.0    4001.333333333333    5110.000000000001    4270.333333333333    5870.666666666666    7542.333333333333    8077.0    12041.333333333334    24009.333333333332    33714.33333333333    40652.00000000001    35025.33333333333    24613.333333333332
3549.3333333333335    3535.0    2960.6666666666665    3293.333333333334    5871.999999999999    4207.666666666666    3863.0000000000005    4182.0    5624.666666666666    7119.0    7798.333333333334    8202.666666666668    12730.666666666666    22630.666666666668    36088.666666666664    37292.333333333336    40071.666666666664    32119.666666666664
3911.3333333333335    3078.0    3914.3333333333335    3348.9999999999995    4114.0    4934.000000000001    4290.666666666667    3627.666666666667    5410.333333333334    7087.666666666667    8234.666666666666    7789.666666666666    14589.333333333334    21894.666666666668    28178.999999999996    35331.666666666664    33061.333333333336    26473.66666666667
6224.666666666666    4259.0    4342.333333333333    3573.6666666666665    4040.333333333333    3098.9999999999995    4549.0    4962.333333333333    4679.333333333334    5751.0    7063.333333333334    7288.0    15709.0    22848.333333333336    31502.0    39268.66666666667    31105.0    30087.666666666668
3747.3333333333335    3602.6666666666665    4124.333333333333    3935.333333333334    3846.0    3660.333333333333    4700.666666666667    4861.333333333333    7348.666666666667    5722.333333333333    6816.666666666667    11790.666666666666    14883.0    23538.000000000004    34029.333333333336    30050.333333333336    36777.666666666664    24882.0
3729.3333333333335    3770.6666666666665    4292.333333333334    3818.9999999999995    4752.333333333332    3795.0    4677.333333333333    5812.999999999999    6759.333333333333    5807.333333333334    5971.666666666666    12717.999999999998    17720.666666666664    23570.0    28750.0    34126.33333333333    31322.000000000004    30328.0
15438.666666666666    19301.333333333332    22527.0    26136.666666666668    26633.333333333336    26681.0    21689.666666666664    16363.999999999998    12437.666666666666    8946.0    7247.333333333334    7332.333333333334    4548.666666666666    5099.666666666666    4046.3333333333335    4806.666666666666    3594.0000000000005    3190.9999999999995
18577.000000000004    23790.666666666664    22940.666666666664    23160.666666666664    23727.666666666664    19220.0    20255.333333333332    16544.333333333332    16202.000000000002    9212.333333333332    7766.333333333333    6242.666666666666    4795.333333333333    4573.0    4255.666666666666    4582.333333333333    4896.333333333333    3210.333333333333
21835.333333333336    15364.0    19855.0    22736.333333333332    23344.0    15468.999999999998    14819.666666666666    16977.0    16015.333333333332    12903.666666666668    6713.333333333334    6220.333333333333    6148.000000000001    4499.333333333333    6849.333333333333    6857.333333333334    4274.666666666666    4471.0
16895.333333333332    13154.666666666666    14886.0    22339.666666666668    21054.999999999996    17483.333333333336    11944.666666666666    13642.333333333334    13820.333333333332    11586.333333333334    11329.333333333334    9581.666666666668    6761.0    6299.0    6319.0    4990.0    4319.666666666666    3082.0
12640.666666666666    12735.0    13189.666666666666    16977.0    17186.333333333332    14941.333333333332    13812.666666666666    11453.666666666666    15124.333333333336    13946.333333333334    13026.333333333334    12847.333333333336    10052.666666666666    7382.333333333333    5226.666666666667    5104.666666666667    5717.666666666667    4136.333333333333
14163.0    10652.666666666666    13295.0    22078.0    18922.0    14816.333333333332    10931.333333333334    11319.333333333334    9616.666666666668    8848.666666666668    10740.0    11743.333333333334    7809.0    10699.333333333334    9601.0    7038.666666666668    5423.333333333334    4684.0
9533.000000000002    9550.333333333334    13492.666666666668    14289.333333333332    17682.333333333336    13210.333333333334    10789.0    8340.0    6808.666666666666    10212.666666666668    8769.0    8462.333333333334    9089.666666666668    9668.999999999998    11770.333333333334    8234.666666666668    6769.333333333333    4616.333333333334
8423.0    6274.0    8542.333333333332    17487.666666666668    18569.666666666668    12909.333333333332    8241.0    10546.333333333334    8884.333333333334    8224.0    9633.0    7853.666666666667    7313.666666666667    6159.333333333333    8560.666666666668    7252.333333333334    7031.666666666666    8394.666666666668
13350.333333333334    9599.666666666666    8655.0    10690.0    7721.333333333333    9479.0    6268.333333333333    8627.0    7734.333333333334    7682.0    7449.0    8610.333333333334    7104.666666666666    8817.666666666666    13651.999999999998    19265.333333333332    13599.999999999998    10982.666666666668
8306.333333333334    8682.333333333334    11350.000000000002    13454.333333333334    16951.333333333332    13656.0    5996.666666666666    8368.666666666666    7652.0    6974.333333333333    6699.333333333334    6560.333333333334    4613.0    4682.333333333333    5078.0    7415.0    6663.333333333333    6224.999999999999
15578.333333333336    16012.666666666668    20154.333333333332    23436.333333333332    23216.666666666668    20550.000000000004    13758.333333333332    18650.666666666664    14730.000000000002    17224.0    7856.666666666667    5372.666666666666    6592.666666666667    5922.333333333333    5471.333333333333    4573.999999999999    4102.333333333333    4053.333333333334
17677.0    20698.333333333332    15486.0    24939.0    21938.333333333336    20509.999999999996    20649.666666666664    16247.000000000002    14838.333333333334    11552.333333333334    6300.333333333334    5965.666666666666    5464.333333333333    3946.6666666666665    4052.9999999999995    4332.333333333333    2885.3333333333335    3514.666666666667
15550.666666666668    24602.333333333332    22920.333333333332    23497.000000000004    21864.666666666664    19370.999999999996    21062.666666666664    18254.333333333332    12827.999999999998    6196.666666666667    5936.333333333334    6289.0    7053.666666666667    5303.000000000001    5384.333333333334    3740.9999999999995    4510.666666666667    2852.6666666666665
3776.666666666667    3291.3333333333335    3119.3333333333335    3268.0    4315.666666666667    2834.0    5813.666666666667    4396.0    6696.333333333332    6545.333333333333    7247.666666666667    8769.0    16551.666666666664    26393.333333333336    27507.333333333332    25442.999999999996    28242.333333333332    24648.666666666664
3820.6666666666665    3097.9999999999995    2867.3333333333335    2894.6666666666665    4070.333333333333    3031.666666666667    4179.333333333333    4331.0    5941.666666666666    6231.0    7610.333333333333    10134.999999999998    15609.0    26694.333333333332    30485.666666666668    32768.333333333336    30895.0    28524.666666666668
4062.666666666667    4053.9999999999995    3211.3333333333335    4860.666666666666    3266.3333333333335    3585.6666666666665    5014.0    5110.0    5277.333333333334    7294.333333333333    5493.666666666667    8871.666666666666    14322.0    26261.333333333336    32743.0    39551.666666666664    30682.0    29411.0
3360.3333333333335    3654.0    4058.3333333333335    4160.333333333333    4167.666666666667    4204.666666666667    4061.6666666666665    5128.333333333333    6551.0    6809.666666666667    8122.333333333333    8609.333333333334    11141.666666666668    22434.666666666668    29964.333333333332    34272.666666666664    37297.666666666664    23961.666666666664
11120.0    19146.333333333336    25711.333333333336    38454.0    42141.33333333334    28616.999999999993    18859.666666666668    10897.0    7385.0    7889.0    6147.666666666666    4357.0    4198.666666666666    3652.0    3640.6666666666665    2969.6666666666665    4171.666666666666    4430.0
11326.666666666668    15388.333333333334    25435.666666666668    42748.66666666667    37365.66666666667    32355.33333333333    16858.333333333336    14571.666666666666    8037.999999999999    10551.666666666668    5227.666666666666    4892.0    4073.0    4070.666666666666    4340.0    4617.333333333333    4602.0    5107.999999999999
10689.666666666666    16961.333333333336    28268.666666666668    39759.33333333333    38851.0    27349.666666666664    17851.0    12170.0    9711.0    9234.666666666668    6184.0    4734.0    4274.666666666666    5446.666666666666    4406.666666666667    4196.333333333334    3395.666666666667    4331.333333333333
12922.0    14474.333333333332    26441.000000000004    38617.0    47425.666666666664    29134.666666666668    19113.0    10196.666666666668    9950.666666666666    9166.666666666668    6977.0    5178.0    3698.666666666667    3717.0    5158.666666666666    3663.3333333333335    3227.666666666667    3497.3333333333335
9096.333333333334    16288.0    22865.333333333332    41597.00000000001    40652.666666666664    27572.666666666668    17037.0    9986.333333333332    9429.666666666664    8724.333333333334    6277.0    5305.999999999999    4284.666666666667    4501.0    3687.6666666666665    4329.666666666666    4448.666666666667    4455.666666666667
7497.666666666667    14358.666666666668    32504.333333333336    40759.0    45335.666666666664    30428.666666666664    15828.666666666668    8551.0    9711.000000000002    8039.333333333334    5584.333333333333    5284.666666666667    3814.0    4495.666666666666    4627.333333333333    3778.333333333333    3531.333333333333    4065.666666666667
