17159.333333333332    42850.666666666664    73761.66666666667    67483.66666666667    29610.666666666668    17368.000000000004
15645.666666666666    28873.000000000004    60333.666666666664    61341.666666666664    37099.0    21922.666666666668
16333.333333333334    33176.666666666664    59037.666666666664    64569.33333333333    36648.00000000001    16307.0
18830.0    26899.666666666664    59269.66666666667    63009.00000000001    36497.0    19398.333333333336
16733.0    34490.0    51282.00000000001    63938.66666666667    39076.333333333336    17058.666666666668
18347.333333333332    35095.33333333333    61691.0    54780.66666666667    32003.666666666664    16803.333333333332
20780.0    35341.666666666664    68639.66666666667    58916.00000000001    32968.33333333333    16137.666666666668
19602.33333333334    36065.99999999999    58249.666666666664    63749.66666666666    35615.666666666664    18448.000000000004
20307.333333333332    34256.33333333333    64268.0    58433.333333333336    35087.33333333333    18376.333333333332
19530.333333333336    35316.66666666667    61906.66666666668    57404.0    32504.666666666664    17150.666666666664
18744.0    30894.000000000004    58708.00000000001    56044.00000000001    36056.333333333336    20547.666666666664
18818.000000000004    32320.000000000004    53360.66666666667    55074.666666666664    34865.333333333336    18370.0
14142.000000000002    22161.33333333333    26744.333333333336    22836.333333333332    16636.666666666668    14791.666666666666
17967.333333333336    29674.000000000004    41884.0    42535.33333333333    33659.0    15508.333333333334
19398.333333333332    27617.333333333332    47192.333333333336    52589.00000000001    34864.333333333336    16188.333333333336
18341.33333333333    26263.0    45222.66666666667    41348.0    23983.666666666664    16915.0
19006.666666666664    26974.999999999996    43430.66666666667    51102.66666666667    28218.000000000004    17581.0
18962.33333333333    36444.333333333336    54031.00000000001    66358.66666666666    32726.666666666668    19574.0
24316.66666666666    35501.0    61644.333333333336    63649.33333333332    35253.00000000001    19154.999999999996
19652.333333333332    33434.0    61338.99999999999    58235.33333333333    37388.333333333336    16333.000000000002
15513.333333333334    29000.333333333332    52807.333333333336    63190.0    41295.333333333336    21859.666666666668
15083.333333333334    24966.666666666668    55186.99999999999    65386.333333333336    44908.0    23761.66666666667
16502.000000000004    29140.333333333336    56665.666666666664    60827.66666666667    44023.0    18552.666666666664
18793.333333333336    32604.666666666664    53381.0    62831.66666666667    38226.666666666664    17410.666666666668
19335.666666666668    28169.666666666664    55386.0    62527.333333333336    45655.0    17967.333333333332
17581.33333333333    26934.666666666664    56356.33333333334    65209.66666666667    40061.33333333333    19913.666666666668
18754.333333333336    25841.666666666668    62702.0    60613.33333333333    50036.66666666667    23420.333333333336
20473.333333333336    33992.333333333336    59976.000000000015    71155.66666666667    42553.99999999999    21213.0
20007.333333333332    33165.666666666664    62009.666666666664    70727.33333333333    38415.333333333336    19805.0
19593.666666666664    27540.0    56509.66666666667    65204.333333333336    35310.0    20763.0
18162.0    32429.0    59628.0    61688.666666666664    40457.0    18098.333333333336
