10727.000000000002    13790.666666666668    27194.666666666664    39377.66666666667    38567.99999999999    30660.0    21179.666666666668    12492.000000000002    10989.333333333334    6466.666666666667    5210.666666666667    3884.666666666666    3607.0000000000005    4131.666666666667    3881.333333333333    5010.666666666666    5531.333333333333    5531.0
6167.333333333334    6058.333333333333    12403.333333333332    15204.999999999998    15010.0    11644.0    9112.666666666668    5748.666666666666    7159.0    7654.666666666667    8329.333333333334    6075.0    12491.333333333334    15932.666666666664    22495.666666666664    25086.000000000004    22541.000000000004    16101.666666666668
5760.666666666667    9495.333333333334    8160.333333333334    8357.666666666666    9988.333333333332    8222.666666666668    10343.0    6182.0    7132.333333333333    6767.666666666666    6487.333333333333    8421.666666666668    11940.666666666666    20490.000000000004    24819.333333333332    29953.333333333336    25562.666666666664    17987.0
6373.666666666666    8054.666666666667    11836.333333333332    19825.33333333333    19645.333333333332    12769.0    9416.666666666666    7058.666666666666    7847.666666666666    5627.333333333334    5836.666666666666    7286.333333333334    13262.333333333334    15379.0    16128.666666666668    19474.0    21061.333333333332    17020.666666666664
5268.666666666667    8217.0    11235.000000000002    13791.666666666668    12605.999999999998    10575.0    9194.666666666666    7546.000000000001    5212.666666666666    5628.666666666666    6400.333333333333    9556.666666666666    12862.666666666666    13842.333333333334    22561.666666666668    29494.333333333336    20492.666666666664    18092.666666666668
9264.666666666666    14098.0    17231.666666666664    19047.0    20249.333333333332    15029.0    16611.0    12976.999999999998    9640.0    5303.666666666667    6896.666666666667    5126.333333333333    5893.666666666666    8554.333333333334    17729.666666666668    13994.0    11199.666666666668    9875.666666666668
13278.333333333332    17764.333333333332    24309.333333333332    27474.333333333336    26931.999999999996    27300.0    20293.000000000004    17789.666666666668    9952.333333333334    5826.666666666667    6621.0    5853.666666666668    5487.333333333333    5466.0    4921.999999999999    4185.333333333334    5044.333333333333    4283.666666666667
16201.333333333332    18361.0    24934.333333333336    23729.666666666668    28447.0    21181.666666666664    21797.666666666668    15574.666666666668    9274.666666666666    8099.666666666666    8091.333333333334    5131.999999999999    5848.333333333333    6139.0    5035.666666666667    4370.333333333333    4658.666666666666    4854.333333333334
18862.0    18733.0    23570.333333333336    22625.666666666668    20565.66666666667    22083.333333333332    20840.0    18169.333333333336    13474.0    10494.333333333334    5665.666666666666    5369.0    4868.333333333333    5538.333333333333    6200.0    4216.333333333333    5566.000000000001    3887.333333333333
17890.0    15064.333333333334    20057.0    21045.333333333332    23089.666666666668    16465.666666666668    16616.666666666664    18253.0    16004.0    15059.333333333332    8503.333333333332    5525.333333333334    5920.333333333334    6117.0    5339.333333333333    4337.0    4014.0    4511.666666666666
19356.0    16101.666666666668    18967.333333333336    23621.333333333332    18280.0    18816.0    13513.666666666668    14574.999999999998    15107.333333333334    15310.333333333332    11001.666666666666    6576.0    4917.666666666667    5092.666666666666    5040.0    4976.333333333333    5613.666666666666    4127.333333333334
13415.666666666666    10809.333333333334    14534.333333333332    17694.666666666668    21927.666666666668    17701.666666666668    13399.0    14694.333333333334    11861.666666666666    16012.666666666666    14128.666666666668    11863.0    7733.333333333333    5974.0    5313.0    7150.999999999999    4862.666666666667    3732.0000000000005
5514.333333333333    7058.000000000001    6733.333333333335    4961.333333333334    7206.333333333334    6499.333333333334    6247.333333333332    10213.999999999998    6870.666666666667    6708.333333333334    7224.666666666667    7781.666666666667    7931.666666666666    6419.666666666668    5544.666666666667    5850.666666666667    3636.0000000000005    4910.333333333334
9294.333333333334    7706.999999999999    12380.333333333334    12163.666666666666    20137.000000000004    11637.666666666666    9917.0    12440.0    8746.333333333334    9564.0    8577.666666666668    7653.0    7493.0    11338.999999999998    9349.333333333334    9746.333333333334    7660.0    5422.333333333333
4813.666666666667    7728.666666666667    11516.0    13325.666666666666    12485.333333333334    10809.666666666668    12243.0    12726.333333333334    11778.333333333332    8666.666666666666    9405.000000000002    10162.0    6348.666666666667    12284.666666666666    13335.0    16023.666666666668    14483.0    9714.333333333334
7504.333333333334    8944.666666666666    12604.666666666666    17742.666666666664    17721.666666666664    13334.333333333334    9253.0    9695.333333333334    6928.0    7699.666666666667    8228.666666666668    6537.666666666667    8038.999999999999    7095.0    7861.0    6597.333333333333    8694.333333333334    7592.333333333333
8113.0    9061.333333333334    7179.0    9215.999999999998    7572.666666666666    8249.0    9328.666666666666    9043.0    11109.0    9455.0    8569.0    14544.666666666666    8115.333333333334    13582.666666666668    12793.666666666666    12628.333333333332    14133.333333333332    13620.333333333334
15586.333333333334    16124.666666666668    18735.333333333336    27226.666666666668    22422.0    19947.333333333332    14776.666666666668    13552.666666666666    14249.000000000002    15752.333333333334    10454.666666666666    6491.666666666667    5683.000000000001    6754.000000000001    4704.666666666667    6001.333333333333    5139.666666666667    4495.0
18200.666666666668    19158.0    19427.666666666668    24442.666666666664    25746.0    22905.666666666664    19410.333333333332    19675.0    14799.666666666668    12057.333333333332    9188.666666666666    5068.0    6132.333333333333    5378.666666666666    4600.666666666667    4633.0    4515.666666666667    4179.333333333333
6839.0    9197.666666666666    7994.333333333333    16649.0    13672.333333333334    13495.666666666666    10384.333333333332    11281.333333333334    9711.0    7645.666666666667    7714.666666666666    9839.333333333334    14993.666666666668    17900.666666666668    15451.333333333336    16232.666666666666    17065.0    20314.333333333332
3039.0    2945.3333333333335    4378.666666666667    3163.6666666666665    4099.0    3610.666666666667    4850.0    5292.333333333333    7660.333333333334    7802.666666666666    8120.333333333333    9545.333333333334    15124.0    25991.0    27234.333333333336    28992.999999999996    33964.66666666667    27851.666666666668
4058.9999999999995    4334.0    3302.333333333333    3491.666666666666    3594.6666666666665    3971.333333333333    4484.0    6483.333333333334    7105.0    4981.333333333333    7447.0    10819.0    15415.000000000002    25747.666666666668    31630.333333333332    35369.333333333336    33131.666666666664    23926.333333333336
4356.0    3732.0000000000005    3007.333333333333    4020.6666666666665    4705.666666666667    4894.0    4442.0    4951.0    4749.0    5169.333333333334    7281.666666666667    7302.666666666667    15512.666666666668    22049.666666666668    30085.333333333336    35594.666666666664    37260.0    26597.666666666664
4068.0000000000005    4116.333333333333    4273.333333333334    3601.6666666666665    3718.0    5056.000000000001    4075.0    3690.0    4776.333333333333    7356.666666666666    6769.333333333332    9725.999999999998    16140.666666666666    23243.333333333332    33066.0    34908.333333333336    32891.0    21772.0
2672.0    4215.666666666666    3769.3333333333335    3370.333333333333    3882.0000000000005    3837.333333333333    4892.333333333334    5237.0    5094.666666666667    5159.666666666666    8038.666666666665    8867.333333333334    13597.666666666664    21621.333333333332    33518.333333333336    39318.333333333336    37320.66666666667    24628.333333333332
3519.6666666666665    3982.333333333334    3864.0000000000005    4675.333333333333    3666.666666666667    3114.333333333333    4508.333333333333    7140.0    4958.666666666668    4993.333333333334    6734.666666666667    9858.333333333332    11642.666666666668    20880.0    37553.333333333336    39524.666666666664    33580.0    21860.666666666664
4077.0    2964.666666666667    3966.333333333333    2728.0    3815.333333333333    4178.0    6019.333333333333    6288.000000000001    6931.666666666667    7441.333333333334    6922.333333333333    7866.333333333334    11270.333333333334    23442.666666666664    35015.0    46092.666666666664    38176.99999999999    24172.333333333332
7310.333333333333    11252.666666666668    16321.0    29560.000000000004    28844.333333333332    26342.333333333336    15296.333333333334    10345.333333333334    10614.666666666666    8520.0    6471.999999999999    7768.333333333334    6656.333333333334    9080.666666666666    13795.333333333332    17101.666666666664    15668.0    8415.0
5380.666666666667    9389.666666666666    15982.666666666666    24713.000000000004    24460.0    15655.333333333336    14324.666666666668    8673.0    6026.0    5128.666666666667    5341.666666666666    7827.666666666668    8965.333333333332    11583.666666666666    19467.0    23990.666666666668    24218.666666666668    13002.0
2983.0    4416.666666666667    3276.6666666666665    4770.333333333334    4521.666666666667    3946.3333333333335    5272.333333333333    4656.666666666667    5833.333333333333    4925.0    7283.333333333333    8723.0    8496.666666666666    17663.666666666668    28442.333333333332    43961.333333333336    40315.333333333336    25432.999999999996
4947.333333333333    4051.6666666666665    2576.6666666666665    4099.0    3666.3333333333335    3020.0    4897.333333333333    4514.0    6686.333333333333    5907.333333333333    9591.333333333334    7019.333333333333    7866.666666666667    18146.333333333336    29597.333333333336    48429.333333333336    43436.666666666664    22010.000000000004
