20617    27505    67036    60790    53275    29224
19059    28030    49964    57041    32075    20947
16730    30011    66121    53631    32266    24477
13316    23556    41720    41141    30398    15229
19146    29933    52011    51239    32780    22793
11733    21232    38660    40243    26203    20928
14839    20632    38231    52344    33495    16192
11904    21299    30127    32520    24704    18187
14730    23204    35550    38000    35422    17149
19922    22819    31617    44479    33070    25135
15375    24292    43173    47001    32574    21933
22764    24132    54079    53725    41043    16368
17591    20637    45409    42718    33396    23782
18654    33818    48674    61780    40684    20684
17158    18370    46312    55166    35698    21862
15215    28945    55517    65976    40891    17368
12744    26301    57613    65755    46432    18940
20887    34133    56887    70312    42514    18922
20698    31084    72591    70413    47264    18127
13481    32924    74133    69587    41527    19941
14664    35891    56306    82100    47737    19270
