20542    23278    26590    24213    19626    18898    31322    23756    19895    12427    6656    10405    4749    6522    6257    3311
22904    19874    18843    19272    18071    12929    14809    19828    13854    12884    8298    10328    4256    3235    3977    3754
21627    24503    17870    16853    21588    12695    18756    12641    13972    14663    13924    11052    7359    4813    6332    4588
15731    11065    12148    12409    9726    11386    9851    13178    13041    13820    13411    10184    6117    4914    3802    4577
15775    16109    13134    12072    13482    15561    12208    13710    11762    15841    18279    17735    12898    6771    6354    6211
10429    8322    11317    12613    12702    8671    5074    12684    13582    7646    10384    11187    12494    10479    7117    4298
9969    9024    6933    11910    13169    13329    13948    8195    11256    7111    13076    12691    13143    12957    12066    6956
7724    9459    7409    8324    9720    8135    9189    13794    10689    8498    7862    8661    9853    5171    6396    7857
13342    12242    8727    11436    12231    9926    6464    9981    9577    9355    5943    12245    12383    10213    9144    10846
9454    8418    11247    8671    10814    8678    9824    16682    10571    16252    15903    8918    9076    11418    9458    11658
15993    12487    13337    14667    11201    13954    11579    11743    12916    14452    12605    10673    7996    5874    5599    9272
8085    13692    15867    13043    23332    16762    13048    9702    12375    16868    16284    12266    11648    15647    6046    7446
6708    9475    7847    7437    7347    8097    11176    12903    18517    13860    14151    13601    13930    12614    10802    15068
19574    24738    19076    12423    20631    14415    12394    19046    18112    18704    13048    8332    9176    5931    5408    3286
2720    4734    4332    4976    4454    7362    5274    9547    15467    18293    23043    27679    13749    18129    19935    14872
17108    25544    19199    23170    19286    14718    20816    21325    19643    11602    5646    6077    5130    5612    3913    5123
19303    24198    23333    18982    20379    24403    21438    20849    13446    10491    5738    8274    4133    4273    4588    3957
25893    27209    26868    19709    22819    23528    22454    17995    9738    8115    7674    6247    5157    8384    6507    5358
23661    27136    27420    21506    29752    28275    23156    22363    12184    11675    4253    5219    9635    2768    4342    6832
28555    26760    26158    27449    29547    23819    26704    15506    7012    8430    7549    7398    4026    5535    3368    3777
22000    35782    32387    30090    29314    30950    23060    10038    7873    6209    5026    4027    4607    5351    3447    5807
