108105    166565    156528    124979
107993    212531    164114    107905
94762    178718    187827    140387
109715    154712    181468    129011
96582    179229    188127    127561
85632    157047    191142    141018
98547    180180    199705    110598
97687    176282    188330    93125
61614    81378    102159    63747
108024    179370    208196    108853
118616    169391    188443    136098
115301    205235    182967    116308
104968    155966    198518    118618
118969    188453    187343    116019
104485    169012    176978    119380
96926    168766    175034    123196
100952    176469    183120    112005
101921    182255    195397    115515
103423    161544    176224    108465
87060    162184    164095    121249
106274    151940    174503    118831
