5035    4145    8092    4639    3268    1726    6869    8000    11330    12672    29304    50577    58274    38586    23015    11724    6755    2796    7458    9309    9653    13652    34314    53876    46785    41744    19434    8386    3911    2367    4396    5030    4213    4842
3253    4556    5654    6228    6216    5748    5806    10251    14949    31919    37347    34486    26191    33835    27611    28550    13708    10717    8386    15655    26158    32241    30299    36141    30201    25764    34643    13307    8705    5757    4727    4153    6846    2535
3400    4200    5061    3690    5982    9757    10683    14244    16796    23277    24614    30712    30961    30227    34199    25166    20544    11252    11657    16428    26233    39913    32110    26878    31140    26835    26271    20258    11823    9400    2672    5699    4952    4660
2818    1443    6198    2989    7393    3660    9626    16999    17601    23562    26888    33928    29325    28280    27992    30566    22564    14586    11215    20104    32585    35597    26675    23327    17030    22812    25114    15320    9424    6432    9347    3064    6154    4288
4938    3174    7123    6452    4614    8423    17161    23669    25002    25087    19841    18696    21586    22798    26918    23266    22863    23363    24857    26785    25468    22247    27131    15658    20685    17565    28723    24593    22646    9054    6179    4582    4954    5398
6727    4388    8864    6759    9063    11773    16564    20925    22672    14363    21719    18401    19693    16954    23349    23947    27861    34915    25600    29506    15385    20303    15768    18841    16656    15186    18402    24112    18492    15169    12279    8709    4638    6856
3066    6089    7099    12244    14114    23947    19217    17105    26606    12585    20473    15370    14243    16663    16606    28229    28748    30225    37162    25816    23930    22474    12771    16002    15523    17174    12633    9706    10646    15755    14744    15430    14570    12065
19380    10215    12730    10766    10483    14177    10417    18922    14985    14120    19153    24634    15197    21818    27258    26069    16677    21413    17417    14782    22073    22442    17517    12108    23171    17984    17732    9713    16156    14397    6578    11293    11727    11920
9660    9317    6857    11147    7719    8157    8281    10603    8551    10599    9480    7518    12438    12005    10844    11722    12436    16931    8936    10250    3731    8092    9367    6141    9299    10643    7275    8472    7883    7507    10764    5649    6863    3761
10307    15690    20972    20568    19286    15954    10326    10882    13549    14523    17879    19722    16285    27398    33276    29236    23573    26261    20111    17512    27662    22449    21561    19087    17230    12388    17057    11846    11056    10791    10529    10338    17943    11196
3116    2337    3954    8857    15626    25687    17295    17459    24927    14404    19650    16586    13447    23446    20850    21819    27879    34676    36855    30421    29741    18845    20901    14918    14611    21020    17211    18536    24924    13182    15533    14925    3792    5118
5641    2397    3873    5780    4819    12309    12355    28110    19421    27186    17652    14075    23056    21027    30450    31577    28276    19932    30310    28255    24993    21870    15285    18885    23483    22935    22765    29352    21216    17989    11288    8549    7232    7468
3450    4604    3801    6126    5867    7719    10392    15923    24478    25011    29228    22536    24720    23291    26207    22201    28322    16219    16262    17576    22470    26103    27792    24397    20485    19796    23269    26655    16792    15170    6129    6195    5487    3397
2598    2863    3591    6614    2502    5351    7080    14216    20902    29206    35871    27546    31500    30193    28065    27084    20446    13553    10546    17587    27684    30085    32752    23403    32768    32205    30404    23656    13476    4816    4770    7525    4842    5084
4241    4289    4275    2483    5424    4386    5335    16282    24079    25165    32984    36383    28945    30379    31010    27222    20955    9943    13033    11116    20116    23039    27583    35435    21130    30840    25469    15349    7421    3886    4380    8692    5867    2719
2863    5898    5985    4031    6844    3629    4256    5889    13829    25031    29253    46360    25751    33156    27604    19124    9877    8788    6023    12954    18708    32242    29395    36193    34668    34350    27866    12451    10848    9218    3190    5506    6598    5544
3922    6120    4460    4185    5594    6909    9760    4004    13773    22881    35554    38812    34640    37590    28611    16195    17357    12675    7182    13034    14960    24243    41430    35211    41204    32871    18995    11190    7194    6063    2901    2414    3194    7418
4734    5169    7368    4593    4365    4290    8369    7826    18287    24349    33811    41876    39596    43800    29085    16588    14798    7202    8420    11239    16531    22561    43630    37309    38271    30567    24333    14238    5203    3456    5701    4956    6388    6179
3506    2837    3832    2938    6316    6178    5403    8796    14933    19401    39875    50257    36288    36354    26301    12268    11711    8043    8536    8927    14928    31328    28193    52431    28622    29428    20539    8027    3282    3985    3226    4476    3754    4737
2872    2860    3962    4602    5222    5437    8050    4366    4747    20738    30714    40726    50388    40916    26667    8214    7424    8155    10744    8887    19596    25745    33263    37789    34902    38677    14479    6576    7286    4708    2774    6927    2330    3845
2566    4300    4205    2582    2838    3526    5540    7778    13024    18630    30496    45535    45470    43896    21058    15552    14677    9219    5862    6906    13253    20816    41946    44883    36509    37412    14666    15270    4784    4999    4433    2390    3008    3519
