22706.666666666664    41131.99999999999    72575.99999999999    72548.66666666667    29090.666666666668    19461.333333333332
25222.0    40670.333333333336    69074.66666666667    62912.000000000015    31765.33333333334    17638.333333333332
18464.333333333332    41049.00000000001    67934.33333333331    68156.66666666667    34852.333333333336    18052.666666666668
26808.666666666675    49654.00000000001    65152.666666666664    62292.66666666667    25724.000000000004    18846.333333333332
20142.666666666664    36525.0    59523.66666666666    60610.66666666667    33025.33333333333    18327.333333333332
17158.0    39434.33333333333    63584.0    66287.66666666666    37954.333333333336    17512.0
17617.333333333336    36225.0    68860.33333333333    64130.66666666667    31560.333333333336    17833.666666666664
16658.666666666664    31815.666666666664    60795.00000000001    68348.66666666667    38851.0    23308.000000000004
19703.33333333333    31059.333333333332    61323.666666666664    59658.0    38984.666666666664    18430.0
20298.0    40999.99999999999    64199.666666666664    54057.33333333334    24524.666666666664    18607.999999999996
21945.999999999996    47829.33333333334    63210.333333333336    52872.66666666667    26806.0    19497.666666666664
22134.999999999996    39459.99999999999    57439.66666666668    56548.666666666664    31666.999999999996    16642.666666666664
18168.333333333332    34043.0    55606.99999999999    54413.666666666664    29638.666666666664    20488.000000000004
15833.666666666664    29627.33333333334    47287.99999999999    50823.333333333336    31427.666666666664    16460.666666666664
16219.000000000002    31494.999999999996    49147.00000000001    41242.666666666664    28127.666666666664    15384.666666666666
16953.666666666664    31072.333333333332    52860.33333333332    48314.0    30671.66666666667    19001.666666666664
16117.0    30210.333333333332    48712.0    39296.0    26901.333333333336    19642.333333333332
15405.0    30618.666666666664    42780.0    41983.0    27175.0    18339.666666666668
23555.999999999996    42211.666666666664    65071.666666666664    50720.00000000001    24614.333333333332    18685.0
20944.000000000004    36046.66666666667    71217.66666666667    56114.66666666667    32835.0    19036.999999999996
14387.0    32743.666666666668    58419.666666666664    62244.66666666667    35801.666666666664    16758.333333333332
22868.000000000004    37677.66666666667    59259.66666666667    59737.666666666664    32399.666666666668    19659.666666666668
20997.333333333332    41793.0    65152.33333333334    57642.0    30629.333333333336    18930.0
19730.333333333332    45952.0    69765.33333333334    63822.99999999999    29169.33333333334    20718.66666666667
20876.66666666667    38637.66666666667    75232.33333333334    61496.66666666668    36899.66666666667    20381.333333333336
20444.333333333332    36450.66666666666    69187.33333333334    63419.666666666664    34464.0    20214.0
17461.333333333332    32730.0    60743.333333333336    71075.0    33598.33333333333    16832.333333333336
18733.666666666668    28027.333333333336    62295.666666666664    68256.0    38950.0    17513.0
18507.333333333332    35898.0    65755.33333333334    70529.0    38710.66666666667    16254.000000000002
15919.333333333334    32152.33333333334    59174.99999999999    69597.33333333333    42556.333333333336    22879.333333333336
15718.0    35249.333333333336    64080.666666666664    70921.33333333333    40256.333333333336    20086.0
