12445.666666666668    16910.666666666664    30754.0    44852.66666666667    40506.0    31794.33333333334    14936.333333333334    12511.333333333332    10101.333333333334    8125.333333333333    5703.666666666667    4109.0    3492.3333333333335    4153.666666666667    4484.0    4193.666666666667    4384.666666666666    4056.6666666666665
12468.666666666666    22036.0    37039.66666666667    41939.00000000001    35708.333333333336    20071.666666666668    17751.333333333332    8972.666666666668    7288.333333333333    8836.0    4614.333333333334    5742.333333333333    3936.333333333333    5120.666666666666    4581.333333333334    3306.6666666666665    3609.0    4260.333333333333
11149.0    18244.0    29661.333333333332    42249.333333333336    42145.0    24720.333333333336    16315.666666666668    10109.333333333334    9764.666666666666    8167.0    6181.333333333333    5166.0    3181.0000000000005    4287.666666666667    5606.0    3657.6666666666665    4205.333333333334    3698.6666666666665
12736.0    19788.666666666668    32167.000000000004    35590.333333333336    34161.0    30108.666666666664    17043.666666666668    11482.000000000002    9979.333333333334    5169.0    7329.666666666667    6004.333333333334    4218.666666666667    4862.333333333334    5114.0    3792.3333333333335    4324.333333333333    4607.0
3455.666666666667    3628.3333333333335    3993.0000000000005    5409.0    4781.666666666667    4005.666666666666    4871.333333333333    3980.0    6026.0    6783.666666666667    6891.000000000001    10202.666666666666    13929.0    23764.0    34451.66666666667    33939.0    32247.333333333332    25795.666666666668
3660.666666666667    3873.6666666666674    4523.666666666667    4031.6666666666674    4637.333333333333    4548.333333333333    6051.666666666667    4653.333333333333    5888.333333333334    7193.0    7254.666666666666    12132.333333333334    18484.333333333332    29418.666666666664    35903.666666666664    34147.666666666664    33696.333333333336    21831.0
3788.333333333333    2892.3333333333335    3609.0    3602.333333333333    4367.333333333334    4231.333333333333    5987.0    6185.0    6849.333333333334    7663.666666666666    6760.333333333334    13455.0    21381.666666666668    27094.333333333332    29741.333333333332    32863.0    31029.0    24727.0
4978.666666666667    4193.333333333334    3179.333333333333    4442.333333333334    4122.666666666667    4255.0    3320.666666666667    5609.333333333334    6945.666666666667    7475.666666666666    9741.666666666668    13003.333333333334    22073.333333333336    27668.0    31768.333333333332    32776.333333333336    29596.0    24627.333333333336
3376.3333333333335    3174.0    4014.333333333333    3713.0000000000005    5037.333333333333    3980.333333333333    6063.0    5990.0    6278.999999999999    7725.0    11561.0    17333.666666666668    24830.333333333332    22274.333333333332    24746.666666666664    28346.333333333332    23465.666666666664    27248.666666666664
14763.333333333334    19417.0    17676.0    14965.0    15015.333333333334    19297.0    15368.333333333334    17373.333333333332    12209.999999999998    8082.0    8759.0    7856.333333333333    7928.333333333334    9105.333333333334    10674.666666666668    9919.666666666668    8443.666666666666    5833.333333333332
18252.000000000004    20880.0    20021.666666666664    24779.000000000004    22089.333333333336    20289.666666666668    16324.666666666666    18328.0    16772.333333333332    11851.0    7717.333333333334    6866.0    6173.0    4510.0    4809.666666666667    4358.0    4905.0    3235.3333333333335
17952.333333333332    17725.666666666664    17713.0    23139.666666666668    20252.333333333336    17534.333333333332    13423.666666666668    12554.333333333334    17686.666666666668    14513.333333333334    12796.0    8229.0    6030.666666666666    6135.666666666667    4631.0    4829.0    4312.0    4434.333333333333
12179.0    11974.999999999998    15172.333333333334    22286.333333333332    20065.0    15949.0    11491.666666666666    11243.666666666666    10781.666666666666    15679.333333333334    15567.0    12900.333333333334    9087.666666666666    6049.333333333333    7433.0    5003.333333333334    5666.333333333333    3828.6666666666665
6609.333333333333    4959.333333333333    4694.333333333333    6295.666666666667    8483.666666666666    10028.333333333334    11718.333333333334    8374.666666666666    8382.333333333332    11795.333333333332    9389.333333333334    12255.666666666666    10090.333333333334    15516.666666666666    18157.000000000004    18839.333333333336    14920.666666666666    10950.333333333334
11442.666666666668    10988.333333333334    12911.0    14845.000000000002    17313.333333333336    11303.666666666666    8725.0    8070.333333333332    8933.999999999998    8106.333333333333    9787.666666666666    7391.0    7530.0    8385.666666666668    10827.666666666668    12150.666666666666    7354.666666666667    5549.0
10971.333333333334    12520.333333333332    11396.666666666668    12966.0    11183.333333333334    11812.666666666666    8251.0    9752.666666666666    10672.666666666666    8314.333333333334    9523.0    9843.333333333332    8435.333333333334    9008.333333333334    15572.666666666664    12835.333333333334    15657.333333333334    10157.333333333332
12399.666666666666    9259.333333333332    13503.000000000002    21401.333333333332    20170.0    14514.333333333334    8712.0    6782.666666666667    9318.0    8664.666666666668    7997.333333333334    5944.0    6946.666666666667    6522.333333333334    6718.666666666666    6664.666666666667    6979.666666666667    8380.666666666666
8104.333333333333    9963.0    8504.333333333334    8209.666666666668    11066.999999999998    8801.333333333332    9399.333333333334    9471.666666666666    8588.666666666666    10635.666666666666    8663.333333333334    8394.666666666668    8731.0    8355.0    13291.0    17354.666666666668    11068.333333333334    7698.333333333334
20408.333333333336    14912.0    22018.0    23221.999999999996    23124.666666666668    16821.333333333332    16359.000000000002    15743.666666666666    17789.333333333332    10769.666666666666    6764.999999999999    8735.333333333332    6870.666666666666    5855.666666666667    3762.666666666667    4700.666666666666    3307.333333333333    3693.3333333333335
16162.666666666664    20403.333333333336    25541.0    28750.0    27190.333333333332    19795.666666666668    18061.66666666667    19602.666666666668    13364.666666666666    8102.666666666666    7157.666666666666    4334.666666666666    6176.666666666667    5365.333333333334    4847.0    3446.3333333333335    4396.333333333334    3496.3333333333335
3835.0    4320.333333333333    3442.9999999999995    4778.333333333333    6222.0    3858.666666666667    3202.6666666666665    5493.0    7143.0    6826.666666666666    7845.333333333333    15850.0    19322.0    22334.666666666664    31416.0    27115.0    26385.333333333332    20964.0
7626.000000000001    11575.0    10538.0    11506.0    9937.666666666668    12187.666666666668    10265.0    7826.333333333333    6137.0    8288.0    6954.666666666667    10776.333333333332    15436.666666666666    20139.333333333332    21165.999999999996    25831.0    20641.666666666668    14770.0
14451.333333333334    20379.0    28589.66666666667    33094.666666666664    29209.666666666668    25180.666666666668    17627.333333333332    12154.0    9327.666666666668    8376.333333333334    5502.333333333334    4541.333333333333    5307.666666666667    3798.333333333333    6116.333333333333    3239.6666666666665    4061.666666666667    4186.333333333334
14295.000000000002    25628.999999999996    33453.66666666667    29938.666666666664    33406.0    31098.666666666664    18102.333333333336    12126.666666666668    9566.666666666666    7410.333333333333    5748.0    5227.333333333333    3868.6666666666665    4604.333333333333    5250.333333333334    3174.666666666667    3137.6666666666665    3120.6666666666665
11276.999999999998    20967.666666666668    32086.000000000004    38275.66666666667    37565.0    26199.000000000004    18881.666666666668    13482.333333333332    9536.666666666666    8826.333333333334    6990.0    4572.333333333334    4896.666666666667    4317.666666666667    4833.666666666667    3560.9999999999995    3086.666666666667    4169.0
9551.666666666666    12665.000000000002    25101.666666666664    29472.333333333332    27858.999999999996    21702.666666666668    14345.0    7533.0    8171.333333333333    7846.0    5384.666666666667    6077.000000000001    8168.333333333334    12716.0    15081.333333333332    11930.0    12516.333333333334    8058.666666666667
3917.6666666666665    2458.0    3847.0000000000005    2583.0    3283.9999999999995    4814.0    5531.0    3736.0    5015.999999999999    7988.666666666667    7352.0    9269.333333333334    14689.666666666666    25986.000000000004    38879.0    42313.33333333334    31299.0    19476.666666666668
4494.0    3635.333333333334    3974.333333333333    3840.666666666667    4728.0    5379.0    2800.6666666666665    4517.0    3680.333333333333    7095.333333333334    10323.0    8872.666666666668    13027.666666666668    25012.666666666668    40125.666666666664    42648.333333333336    28097.666666666664    21523.333333333332
4332.0    2809.0    4218.333333333333    3779.6666666666665    3565.333333333333    4069.3333333333335    4581.0    3402.6666666666665    5391.0    7484.666666666667    8219.333333333332    9983.333333333334    13164.0    25887.333333333332    40239.0    42926.333333333336    39580.66666666667    22021.333333333332
4093.6666666666665    4359.333333333333    4118.0    3287.666666666667    4135.333333333333    3782.0    4986.666666666667    5073.0    5335.333333333333    6416.333333333333    7947.666666666666    13232.0    10822.666666666666    26164.999999999996    40284.0    45019.66666666666    37332.0    15889.333333333332
4838.666666666666    3995.666666666667    5365.666666666667    5250.666666666667    3059.0    4190.666666666666    5021.333333333333    6095.0    4397.666666666668    5280.333333333334    11330.0    7510.666666666666    12607.333333333334    22504.666666666668    42424.33333333333    47129.0    33344.0    21967.0
