27025    32080    58845    78577    48262    22306
18429    32014    61836    57640    42477    16273
15465    32102    51763    60280    38478    25113
10977    24533    55087    67656    36112    20959
15498    21453    55798    73578    42651    19513
12283    21109    51499    61674    41245    22284
15009    25650    29109    48162    27943    13489
13828    24716    30252    35006    27131    14202
11815    15203    27614    31438    35222    20019
15633    16882    29366    32647    23490    15748
19466    21823    34629    47031    33200    22233
18265    32284    49790    52633    42002    25456
18922    17766    39579    52507    36705    26746
17274    29807    52261    63288    36394    21997
18762    26923    57576    81808    45055    20827
14352    28409    68673    75283    47924    28155
20228    34049    60570    66461    41873    18061
15889    22668    46922    57505    47806    23820
15259    24353    39498    63866    53610    34723
15187    26714    69049    70407    49830    23070
17604    27707    63353    72658    63528    21364
