24427    24502    18128    24432    33634    31023    22788    22326    16236    7933    9659    5691    5161    7648    9199    4308
24572    18446    15183    19344    22986    13979    24026    24420    14506    14191    8732    5847    5692    6510    5681    4554
20590    23802    19701    11041    12314    17154    18697    16760    17906    22229    13994    5851    6846    6475    3918    5923
3287    4854    7148    5772    6721    11568    9834    25057    23768    21870    9606    14836    18269    19605    16488    16641
3759    4818    7319    7503    9239    16632    30032    23704    18822    15923    10667    16378    14012    15747    17508    16428
8713    5233    5530    9430    19476    14990    17638    16245    15441    15278    16352    15763    8567    13262    13502    14674
7488    9979    8638    9156    9034    9088    9124    7198    13632    15843    10600    5965    11212    7316    11868    13221
10119    9759    14427    12318    10335    10732    5690    7292    6133    8478    6228    7856    4326    11358    10376    9708
8173    10150    8787    9162    7121    6740    11763    8083    9399    8883    7282    5758    7113    12548    6182    14167
11142    6851    9977    10696    10389    4539    12853    5930    8409    10071    10671    8835    4435    8079    5429    5460
10029    7240    12413    15112    9898    10137    8847    12655    8116    15650    11210    12922    11699    10674    8584    13196
13373    12091    12696    11935    12138    14047    16477    19394    16780    11299    14257    16958    13029    16885    11591    7480
3885    3598    6396    5552    6803    9194    12772    11980    23938    18070    20656    15077    10579    16653    13930    13142
17719    13359    13337    11127    17135    14541    20678    18082    22743    17568    15856    14732    5352    7308    5995    5489
28269    22582    21418    18846    23566    16340    22199    16151    18829    16252    11534    11552    8280    5596    4838    4699
29792    26278    21876    30378    20944    22285    20386    20303    16460    9743    9402    5292    5121    10256    10046    4234
21246    25259    20312    16647    21728    24313    19055    24469    16992    12479    11772    5970    3212    8372    5505    3911
5664    3835    7417    8245    4462    5106    4906    5952    5599    7381    15532    27050    25403    36048    19494    32516
4074    4992    2667    7658    6191    8091    5480    8249    9982    10585    19970    22522    35946    30111    28375    26416
27357    34632    26221    28034    24305    23802    22432    20267    8545    6229    5121    4484    6574    6184    4198    5872
31471    25978    32049    28368    28949    35242    21774    15068    11075    4966    7838    4190    4180    4116    4302    6648
