13284    31553    52995    62378    45907    24080
17153    31314    45660    56297    42199    23406
18594    30325    46752    53004    35636    23192
16851    27947    53508    62182    40928    22403
13290    24381    43573    53803    41629    17146
14877    23154    48648    45482    35848    19165
13433    17842    39751    47125    34683    18366
20566    19173    35645    47477    24435    12855
15711    22040    27699    30418    15671    17477
15180    16745    27556    28818    24590    14208
10515    15476    23109    20415    22614    15793
12057    21651    43817    45543    32624    25083
18468    25535    44131    45954    45871    26843
12265    26262    39716    67425    47347    21087
8002    21350    42420    53916    40357    15305
14196    20882    38527    62168    41160    16432
13391    24545    30665    53131    34210    23547
14825    19534    53709    58080    49824    20354
9608    17773    34977    57627    40447    19598
11225    26322    37329    60270    44825    19801
21484    34502    67240    72401    48239    19462
