25119    30898    18555    23396    17496    18396    25063    17138    13558    10129    8183    5237    5326    4145    3925    3633
21276    19964    16449    15872    11949    16870    19144    18667    12085    12008    12121    5892    7191    7888    8439    10214
13978    19272    17717    20988    7005    17261    12546    13301    17010    20963    13863    12913    5856    6418    4262    4150
15854    21460    17223    17152    14661    15209    17423    20292    14950    17416    14300    11264    6913    4593    9919    5190
19076    12845    14195    13332    14546    12431    11534    11603    13917    13780    13512    15381    9425    9665    4847    3733
11250    12571    13199    7272    16369    15295    11434    12734    9943    9887    12514    13888    14399    11490    9319    5610
8944    9521    13031    11345    7595    11283    9163    8969    12875    5642    9645    11301    9560    18720    12116    11490
13485    11038    10349    6906    10477    10617    8324    6968    8756    6614    8443    10051    8310    6734    18779    14300
5610    9892    7072    6701    5712    7524    6418    6707    8933    8036    9975    8301    11875    7241    7904    11115
9509    6299    11387    9272    6174    9301    7918    5294    11338    3067    9234    9467    6623    8937    9035    4242
5527    8043    10114    6263    4770    7311    7043    4793    5881    7307    6622    8603    6367    4009    7743    7526
5677    9358    10534    8291    9246    12896    10227    12287    12235    12500    17103    23830    13308    8731    7169    7383
11920    9924    10708    9182    13224    9664    14709    18555    17986    18194    13081    9524    13246    13580    13855    9450
2635    3958    5766    6014    10877    6444    15115    18407    24144    21055    13343    20992    21988    10332    14727    18305
4837    4102    3090    4505    3738    3657    4479    7730    13363    22603    18158    15469    25549    20519    13558    15993
3084    3944    2294    3233    3361    2911    4907    9457    5781    21204    22176    35405    25297    17173    12533    20605
6249    1965    6082    3336    6963    4878    6380    5602    6124    13201    20269    25575    22952    17720    16890    15303
5941    5969    3714    3465    4686    4894    9531    6621    10001    10648    20190    34628    31267    21452    22848    20471
2658    3396    3640    6031    2514    7136    5176    10396    7729    5940    14722    20538    28640    22804    18166    20544
4120    4146    3614    3938    4321    5916    5994    9676    5949    8187    9979    20083    26767    36695    21914    28473
23161    30268    33651    29375    29681    25530    20360    14911    9994    8963    7017    4706    4532    7947    7595    5637
