16851    31154    56354    72528    49025    23481
14306    26834    56887    52133    43312    18711
20740    25846    51733    50497    42748    18696
17386    19908    37863    59546    52666    23516
15291    19279    48367    58831    39378    21571
19642    23164    36367    58837    44223    14946
16657    26117    44240    48085    32371    17758
17334    23489    37712    49340    44833    13221
20686    37617    26700    35359    37034    28404
11450    19486    29822    32367    23338    18614
16360    25121    49174    50532    28936    28716
17040    28255    50027    46379    42285    21307
17722    23391    47781    55081    41986    19682
13589    23404    42315    52906    54899    25694
13506    22389    37829    47108    40015    25915
9595    22785    50355    75016    60158    30235
13342    23922    46749    68534    49848    19369
19584    33895    59691    52564    35508    15311
18970    31561    65617    56333    42342    17635
18793    34573    63699    59795    34557    18533
18860    44048    63193    64546    49839    17662
