20132    24257    25631    27225    23990    20621    19050    22231    20071    12649    8305    4962    5858    4846    4386    5179
19578    14064    21315    18271    16592    18874    18318    18817    21518    14542    8033    4158    6418    4005    3958    3722
15340    17389    16618    14613    14550    18390    14933    16567    20218    14486    14608    9531    9297    3539    3438    6743
18345    17664    17661    18153    17185    14024    10456    13775    21551    11372    11122    13528    10050    7175    5774    3050
4058    6248    4258    6007    13838    16335    23358    15770    13861    20712    10731    15323    10030    11696    15195    15297
4949    6704    11502    12987    15761    21175    12952    11584    13391    13047    16489    11571    7875    7240    17718    12234
10216    12329    14767    18075    16748    11201    12788    6980    10134    14675    10369    12310    7630    10988    9022    6996
14172    18269    14942    16245    12818    9122    12412    7016    7060    9337    9746    9462    8512    12997    12072    11747
8098    12600    7366    10448    13314    15985    16552    17741    12728    15431    7440    10378    13603    10148    7209    6759
13712    8932    11739    6862    9394    10176    7983    9148    7617    9942    7732    7092    7374    7113    6223    4038
15632    14230    16546    8632    13944    10407    16536    11647    15819    16064    13524    7571    8671    11612    8750    9254
7381    11419    8579    6905    4745    11329    13130    13051    16826    14850    17716    12140    21184    17647    14960    13431
13417    20228    12723    15188    12105    12438    18535    11973    12543    16344    12866    10215    11355    9376    6922    9415
5460    5159    5221    3979    9022    7382    8317    14804    21213    28366    24946    22494    14378    9038    17270    15758
5933    6746    5092    8738    4215    7017    6382    7201    13953    18167    20280    14505    15517    20596    15288    17132
3362    7303    3553    7296    3934    3764    8804    9790    9488    14012    24665    32297    34766    28092    29119    27899
5078    4747    4945    6816    3592    5550    4370    5177    7536    18990    23551    27781    23896    28399    21153    30183
27199    24306    18551    23452    18824    21531    23045    11908    11143    8541    6933    2704    3828    6103    2678    5807
26420    22215    23179    23228    27249    30236    16096    10390    7793    9076    6308    5063    7939    6489    4763    6014
14421    14797    15723    12941    13397    9922    9912    6136    6845    9994    14508    17078    24236    13430    22218    24392
23875    31362    26419    35413    37775    31671    14537    10872    9194    5617    4929    6876    8009    4220    3786    3593
