14011    23993    35238    35579    23036    12425
8777    21087    20485    32753    19686    11433
15106    23826    39851    31373    14403    12548
9896    21716    24223    27145    16106    14704
11704    16181    32611    30202    25745    11065
10532    16843    30976    24313    19408    10300
12426    15674    31501    21656    18653    8325
9793    15350    29563    28386    15873    14747
12252    24183    30685    26684    14643    11223
10240    19428    24096    30989    16247    13857
6918    18942    25136    24970    16921    7580
12870    19928    34231    20228    11805    12167
11521    25100    28163    19754    15609    9532
9025    17980    31826    29014    14442    11920
13612    18185    24827    23832    17523    11982
13023    18223    24726    21473    14800    12040
9680    12729    15743    18599    12704    10796
11992    13059    17701    16401    14812    11558
12307    21898    21270    30129    12289    10039
11894    24883    27057    23492    12163    12229
13358    26878    28854    17328    13916    10966
10680    18371    21484    23684    17528    8157
17671    19250    21880    25946    11449    9096
8705    19581    28250    17888    18218    11500
15104    20597    27566    22264    10998    9232
12537    25816    27079    28906    14434    8477
