2409    3616    3411    4027    3322    4649    2472    3178    4934    4397    6956    12967    24195    28260    24338    11151
3601    3403    2499    3619    4052    5952    2552    3028    3512    5419    12689    8069    17064    9814    12348    16600
1905    1913    2810    4679    4897    5896    4691    9621    5000    5427    13083    13147    14273    18619    14674    16472
3783    3309    2995    6713    3867    4526    3987    5879    4416    8832    11828    9191    9712    8272    8940    17540
2522    2881    2389    4652    6182    4564    5175    5155    9232    6099    16123    14083    11966    17014    9067    10404
2832    3923    3096    5713    4683    6423    5163    2754    5665    9351    11800    6842    10101    9846    9600    14580
3631    3409    3966    2734    3512    2230    3970    5187    11688    10986    7750    11444    9246    7573    9624    11285
3391    5270    1954    4451    2990    4218    6840    8614    10101    6874    7210    7781    9919    14196    8478    11425
5644    5334    4011    4070    3813    4869    5066    8363    9886    10359    6048    8582    8486    10034    11939    13166
4811    3130    3031    3370    4658    2990    3971    10942    8132    10207    8871    12455    10105    8535    11590    8059
2341    4124    3115    4259    4136    3905    10304    8340    7907    9752    5310    7030    5779    8443    11197    4525
3624    4860    3143    5262    4982    11599    10603    8120    6895    7822    7573    6488    6795    5864    9975    7624
4013    3978    4287    7962    4861    7779    8103    11726    6122    6129    10595    7619    8075    6089    5779    6562
3690    5106    6679    8300    8270    11481    4875    6851    11954    6533    6313    6608    5031    9683    2467    10366
5072    7614    11949    5574    6986    7475    9665    4859    6374    4534    6422    5021    7276    6650    8096    6394
11468    4795    4556    6943    5138    8086    9447    5162    8952    4395    8018    4820    4494    5697    5832    6482
4381    3490    4423    4060    2292    5809    4277    5452    5830    6137    4962    5658    7254    4950    7044    4232
6867    4328    5800    6936    3515    5636    3926    4418    4948    5110    4095    6184    5123    4418    6918    7301
6071    3690    3802    7627    5876    8666    6536    9442    7324    8118    7860    7617    6074    4956    6108    8165
4796    3858    4809    2744    6078    7722    5530    6232    11512    9283    9594    5428    13919    5521    6522    8170
9810    5987    7630    7066    9293    6455    11412    6908    6272    11220    8184    5101    4889    4811    3210    3052
7249    5740    9211    9919    4639    9597    9862    8149    8120    4850    6037    3956    3316    2421    4091    2747
3477    3984    3590    3743    4687    3433    4156    12495    8484    10328    8741    8311    8344    7633    8393    5493
2262    3424    4238    2903    5526    6304    4793    3917    6311    10077    8620    7777    10425    7839    8828    10898
10719    8555    9552    12233    12399    9341    7289    5320    7544    3614    3871    2841    4815    3116    2296    2256
11621    15050    13401    12886    12876    10677    6296    5365    5217    2952    2836    4105    4974    2625    3342    3026
