17061.333333333332    31231.333333333332    58464.666666666664    64115.333333333336    45206.666666666664    18625.666666666664
17785.0    34343.0    59971.0    62640.666666666664    35586.66666666667    19350.666666666668
16557.0    32573.333333333332    55486.0    66725.66666666667    39608.33333333333    16598.666666666668
21078.333333333332    37588.0    64947.00000000001    59252.66666666667    32939.333333333336    17716.666666666668
17768.000000000004    35264.33333333333    59807.0    65857.33333333333    34489.0    16474.666666666664
18816.666666666668    30760.666666666668    57899.333333333336    61992.33333333333    31429.333333333336    19575.999999999996
22092.999999999996    44517.33333333334    64353.33333333332    65389.33333333332    30394.999999999996    16107.999999999998
18769.666666666668    36804.333333333336    59573.33333333333    61252.66666666668    26464.333333333332    18856.666666666664
18747.333333333336    37795.333333333336    67113.00000000001    55987.33333333334    29195.0    18809.33333333333
16887.0    37650.0    65312.33333333333    44643.33333333332    28930.999999999996    20654.33333333333
18822.333333333336    40322.666666666664    57096.99999999999    54063.0    32468.666666666668    16458.666666666668
16401.666666666668    34524.00000000001    52132.333333333336    50107.00000000001    26491.000000000004    18274.000000000004
18042.333333333336    33875.0    49533.00000000001    45149.333333333336    28155.666666666664    16048.666666666664
20539.999999999996    31109.66666666667    46821.66666666667    44066.66666666666    25566.33333333333    19635.33333333333
17253.333333333336    33644.666666666664    46262.33333333332    51521.33333333333    21434.666666666668    16980.666666666668
16148.333333333334    29746.000000000007    38214.666666666664    43117.666666666664    24398.33333333334    16570.0
16591.333333333336    28754.0    47021.666666666664    45570.0    28288.666666666668    18792.0
12740.666666666666    25644.333333333332    36887.666666666664    37674.0    26431.000000000004    15911.000000000002
17944.000000000004    36733.33333333333    55576.0    57671.666666666664    31899.666666666664    17260.666666666664
20838.666666666668    37301.33333333334    65752.66666666667    59292.333333333336    28861.333333333332    16974.0
22180.333333333336    37423.99999999999    62769.33333333332    54284.66666666668    34467.666666666664    16139.666666666668
19726.0    40379.333333333336    67216.33333333334    65337.66666666667    34582.333333333336    16744.666666666668
17130.0    39364.666666666664    59749.33333333334    59226.33333333333    34310.00000000001    17859.333333333332
17635.0    30583.666666666664    63834.33333333333    62410.333333333336    38654.0    17744.999999999996
18277.666666666668    32789.0    64555.666666666664    69737.00000000001    35132.0    18288.666666666664
17214.333333333332    38483.666666666664    64470.333333333336    68736.0    36052.66666666668    18430.0
21501.000000000004    50994.33333333333    68605.33333333331    63162.66666666668    29350.0    14345.333333333334
19919.666666666668    45263.33333333332    62044.333333333336    63502.00000000002    32881.33333333333    19470.999999999996
23619.333333333332    37254.33333333333    68871.66666666667    62028.33333333333    35237.0    18754.999999999996
20786.000000000004    39777.999999999985    67612.33333333331    66502.33333333334    36950.66666666667    20417.999999999996
21485.66666666667    45446.0    68188.66666666667    57888.33333333333    30317.333333333332    19716.666666666664
