3137.0000000000005    4028.0    3573.3333333333335    3679.0    4485.0    4634.333333333334    4838.666666666667    4986.333333333333    4676.333333333334    6705.999999999999    7590.000000000001    8425.333333333334    11627.0    23055.666666666668    37797.0    41280.666666666664    38068.0    22117.333333333332
3160.333333333334    2991.6666666666665    3629.0    3948.666666666666    4332.666666666667    3803.6666666666665    5423.0    5399.666666666667    5564.999999999999    6998.333333333334    9303.0    9109.333333333334    12077.666666666666    21980.666666666664    36641.666666666664    39948.0    33050.333333333336    22314.333333333336
3885.0    3663.0    3266.9999999999995    3996.666666666666    3113.6666666666665    4027.333333333333    3831.333333333333    3016.6666666666665    5605.0    5026.333333333334    8617.0    9611.333333333334    13193.999999999998    24917.33333333333    37307.333333333336    39386.333333333336    32103.666666666668    22980.000000000004
2819.666666666667    3536.0    3272.3333333333335    3638.666666666667    3656.0000000000005    5102.333333333333    4004.333333333333    4352.0    6259.666666666667    6607.666666666667    6390.0    9627.0    15569.0    29162.000000000004    32068.666666666664    39894.333333333336    33276.33333333333    24286.0
4919.666666666667    8079.333333333333    9463.333333333334    11232.000000000002    11315.666666666666    11817.333333333336    8262.0    6135.333333333333    8429.666666666668    5514.333333333333    6275.666666666667    7071.0    11526.0    18645.0    25371.0    26427.333333333332    29107.0    20068.666666666668
4717.666666666667    3797.6666666666665    3675.9999999999995    3578.0    3487.0000000000005    3783.9999999999995    3714.3333333333335    5123.333333333333    6162.0    7368.333333333333    8510.333333333334    8147.0    18346.0    22153.0    31809.666666666668    32108.333333333336    29430.666666666664    24561.0
13730.666666666666    22450.0    21542.333333333332    28130.666666666664    28220.333333333332    26043.666666666668    22330.333333333332    16966.333333333332    7660.666666666667    6450.666666666666    10025.000000000002    6731.000000000001    5268.0    4780.666666666666    5267.0    6903.333333333334    5103.333333333333    5252.000000000001
11887.333333333332    17244.666666666664    27528.666666666664    24303.333333333336    26680.666666666668    22666.666666666668    23040.333333333332    14272.333333333334    8936.333333333334    7951.666666666667    8704.666666666666    4511.333333333334    4349.333333333334    3341.6666666666665    5293.0    4412.333333333333    3286.666666666667    3310.0
16410.333333333336    20046.0    25549.666666666664    22326.666666666664    27237.666666666668    22142.000000000004    18968.999999999996    17341.0    13588.333333333332    8128.0    6440.333333333333    3837.666666666667    4738.666666666667    3808.0    3221.0000000000005    4445.0    4651.0    4767.0
17675.0    16842.333333333336    20111.333333333332    20247.666666666668    19613.0    21166.666666666668    16685.666666666664    18056.0    14302.666666666666    8973.0    7406.0    5298.333333333334    5261.333333333333    5152.333333333333    5168.333333333333    4584.666666666667    3615.333333333333    3918.333333333333
18734.0    15958.333333333334    17394.0    23987.333333333336    22628.0    16186.333333333334    16765.666666666668    13892.666666666666    19887.333333333336    13362.666666666666    6437.333333333334    5606.000000000001    4860.666666666666    5155.000000000001    5364.666666666666    4611.0    4373.333333333333    4027.9999999999995
12066.000000000002    8079.666666666666    7775.0    10815.333333333334    11523.666666666668    10321.666666666666    8908.666666666666    9722.000000000002    11313.0    16639.666666666668    12361.333333333334    11245.0    7385.0    11025.666666666668    15795.666666666666    15402.666666666666    9608.666666666668    7941.333333333334
10465.0    11131.333333333332    16806.0    19877.666666666664    13064.666666666666    15349.000000000002    9617.0    11194.666666666666    13246.333333333334    11213.666666666668    14322.666666666666    9745.333333333334    8703.0    5892.666666666667    5904.0    5242.333333333333    4449.666666666667    4579.0
11590.000000000002    12674.333333333334    13893.0    16446.666666666668    16240.666666666666    10134.333333333334    9844.333333333334    8212.333333333334    10345.0    10138.0    10042.666666666666    10942.666666666668    9427.666666666666    11760.333333333334    6898.0    7285.0    5391.666666666667    6472.999999999999
10340.000000000002    11596.333333333334    13500.333333333332    15317.666666666668    17677.000000000004    11597.666666666668    7672.666666666667    9037.666666666668    8866.666666666666    10308.333333333334    11706.0    7563.333333333333    9009.0    12316.333333333334    9115.333333333334    9329.333333333332    6914.666666666667    5228.666666666667
8773.333333333332    7500.666666666667    11459.0    16603.666666666668    13869.333333333334    12883.666666666668    9903.333333333332    7591.333333333333    6852.0    9323.666666666666    5777.666666666666    5698.0    6387.666666666667    6994.666666666667    8823.666666666666    10107.0    9862.0    9784.333333333332
8457.666666666668    11131.999999999998    9241.666666666666    15728.333333333334    15603.333333333334    11987.0    10210.333333333332    11155.000000000002    10918.0    9425.0    10796.0    9455.0    8675.333333333334    7643.333333333334    6271.0    6897.0    11287.666666666668    10134.0
10233.666666666666    6032.0    8534.333333333334    8724.0    6623.000000000001    6107.333333333333    5206.333333333333    4992.0    7040.666666666667    6656.333333333333    7695.0    6962.666666666666    7038.666666666667    7326.666666666666    16339.333333333334    17645.333333333332    13650.0    8481.333333333334
20448.0    17211.666666666664    17710.666666666668    21895.666666666668    20454.666666666668    20760.333333333332    13437.666666666668    12237.000000000002    14599.666666666668    14591.333333333332    9858.333333333334    6979.333333333334    5096.666666666666    5936.666666666667    4984.666666666667    4507.0    3333.666666666667    3042.3333333333335
21489.000000000004    18739.66666666667    18308.666666666668    27537.666666666668    20132.666666666664    20262.666666666668    17317.333333333332    20278.0    18165.999999999996    9092.333333333332    5766.666666666666    4601.666666666667    5632.666666666667    4828.0    4140.666666666666    3880.6666666666665    3792.0    5054.0
14134.333333333332    22142.333333333336    21700.0    26463.000000000004    24358.000000000004    21785.333333333332    22142.999999999996    17675.666666666668    11646.666666666668    7248.333333333333    5428.666666666666    5945.333333333334    4148.333333333333    4994.0    4571.666666666667    3783.3333333333335    4514.333333333333    4583.333333333333
17498.333333333332    23259.666666666668    25925.333333333332    31742.333333333332    30797.66666666667    26501.0    21140.666666666668    13481.0    9202.333333333332    6601.666666666666    5650.333333333334    4828.666666666667    5519.666666666667    5708.666666666667    3829.3333333333335    4235.333333333333    3300.666666666667    4763.666666666667
15336.333333333332    20357.999999999996    26988.0    26229.333333333332    32758.999999999996    25316.0    15243.666666666668    15063.666666666664    8010.333333333334    6036.000000000001    6378.0    5478.666666666666    4019.3333333333335    4872.333333333333    4892.0    3098.6666666666665    3519.6666666666665    4040.666666666667
4760.666666666667    3669.666666666667    3385.666666666666    3167.6666666666665    3659.6666666666665    3633.0    3315.0    3919.666666666667    4648.0    7544.666666666667    8158.333333333334    12033.666666666666    17921.333333333332    23851.000000000004    35007.66666666666    32954.0    33713.666666666664    25519.0
2723.0    5176.666666666666    5013.0    3972.6666666666665    5088.666666666667    4557.0    4990.666666666667    4408.0    5108.333333333333    5791.333333333334    6899.333333333333    10638.0    15782.666666666666    27132.666666666668    38404.66666666667    36630.99999999999    29628.666666666664    26833.666666666664
8689.0    8940.0    11849.0    13992.333333333334    20138.333333333332    7813.666666666666    9083.999999999998    9279.333333333332    5975.333333333334    6596.333333333334    7512.666666666666    9596.0    11338.000000000002    17252.666666666664    26380.666666666668    29040.666666666668    23894.666666666668    16014.333333333334
9212.333333333334    18830.666666666668    32685.000000000007    44111.0    37178.333333333336    28202.666666666668    17745.333333333332    11702.333333333332    6356.0    7476.666666666667    5841.0    4604.333333333334    3503.3333333333335    5696.0    4101.333333333333    3616.333333333333    3267.3333333333335    3828.666666666667
9108.666666666668    19119.333333333332    26443.333333333332    41869.66666666666    40284.33333333333    24257.0    17925.0    10237.0    7211.333333333333    6180.0    6516.333333333333    5218.333333333333    5052.000000000001    4505.333333333333    5564.333333333333    4800.0    3440.666666666667    5349.0
10161.0    15407.0    33014.33333333333    36960.333333333336    40988.33333333333    24748.666666666664    14103.333333333334    9883.999999999998    10739.666666666666    8354.666666666666    7500.0    4038.333333333333    5472.000000000001    5624.666666666666    4743.333333333333    5179.333333333333    3669.0    5177.666666666667
11452.666666666666    18643.666666666664    29817.666666666668    44293.333333333336    43326.666666666664    23830.333333333332    17042.333333333336    9755.666666666668    8916.666666666666    6615.0    5944.333333333333    5412.333333333334    5648.0    3564.0    4642.666666666666    5594.0    3292.0000000000005    4256.0
8140.333333333334    13828.666666666666    28100.666666666668    42194.00000000001    45112.99999999999    23800.000000000004    14682.666666666664    9720.666666666666    9245.666666666668    7267.999999999999    6947.666666666667    5524.000000000001    5728.999999999999    4315.333333333334    3948.0000000000005    5032.333333333334    4116.666666666666    5336.0
