14727.333333333332    16256.333333333336    26019.999999999993    43947.99999999999    37332.0    21186.0
15970.999999999995    16961.000000000004    30547.333333333343    44058.66666666666    42164.0    25070.999999999996
20035.999999999996    20587.000000000004    32202.666666666668    56825.33333333334    46457.999999999985    28320.66666666667
16117.0    15933.666666666668    28874.333333333332    46982.99999999999    52497.33333333333    36202.666666666664
14055.999999999998    15008.666666666664    23276.333333333332    36124.66666666667    33416.666666666664    25063.000000000004
13306.000000000002    11738.0    19158.666666666668    36338.666666666664    38433.0    25834.333333333332
15747.666666666668    12148.999999999998    17686.0    36042.666666666664    34607.33333333333    26502.333333333336
15440.000000000002    14244.333333333332    28341.66666666666    35943.33333333333    31278.66666666667    22904.0
18632.333333333332    17097.333333333336    28605.333333333336    38862.666666666664    43952.333333333336    24364.333333333332
14425.333333333332    18815.333333333332    30302.66666666667    43999.99999999999    42227.0    23721.999999999996
14218.0    14046.666666666666    23959.666666666664    34539.666666666664    33772.00000000001    17511.66666666667
14461.333333333334    16762.666666666664    22915.999999999993    32422.0    33465.33333333333    23470.999999999996
14351.0    16408.666666666664    22268.333333333336    38641.99999999999    31250.000000000004    21868.333333333332
13434.0    14184.66666666667    18535.0    26088.333333333336    28379.333333333332    18278.0
11998.666666666664    14580.333333333336    19819.333333333332    26061.333333333332    28624.33333333333    18730.666666666668
14494.666666666666    16036.33333333333    20446.666666666664    25583.000000000004    29245.0    17641.333333333332
16405.333333333332    16814.0    21726.66666666667    42107.66666666667    40408.333333333336    29104.0
15907.666666666666    17132.666666666668    26163.000000000004    40372.666666666664    46986.0    25302.000000000004
17567.0    15758.999999999998    24141.000000000004    47047.333333333336    51776.66666666667    30728.333333333336
15593.666666666666    16265.333333333334    31942.33333333333    50466.0    43740.0    23961.0
17631.333333333332    21120.333333333336    37473.333333333336    57078.33333333333    49776.33333333334    23811.666666666664
17208.0    15948.333333333334    26271.666666666664    41915.333333333336    48032.0    33439.0
12987.333333333334    13245.333333333334    16993.333333333336    31688.999999999996    35320.0    17348.666666666668
15435.333333333332    18734.333333333332    26218.666666666668    39391.66666666667    32252.0    18935.666666666668
15489.333333333332    15069.666666666666    22391.666666666668    38020.333333333336    39651.0    22102.0
18286.000000000004    15579.0    26413.0    50284.333333333336    45240.666666666664    26054.000000000004
17189.333333333336    14921.333333333336    30784.666666666668    49214.33333333333    50116.333333333336    33376.66666666667
19688.666666666664    14186.999999999998    21392.999999999996    48710.00000000002    41114.666666666664    24443.999999999996
14735.333333333332    14699.0    24760.33333333333    32332.666666666668    31774.666666666675    19233.666666666664
16570.333333333336    18982.333333333336    29889.000000000004    49949.0    47650.666666666664    21674.000000000004
17074.0    19845.666666666668    28757.999999999993    48342.0    44249.33333333334    25365.66666666666
