7382.333333333332    11230.0    16399.666666666664    17355.666666666668    19128.666666666668    11938.333333333334    10687.333333333334    6543.0    6523.333333333333    5047.666666666667    5212.333333333334    4219.333333333334    3798.0    5415.0    7938.333333333333    6818.0    7393.333333333334    6439.333333333333
6654.0    13245.0    21333.666666666664    27599.333333333332    24014.333333333336    17104.0    9979.0    8364.666666666666    5341.666666666666    5531.0    4718.333333333334    4120.333333333333    3517.666666666666    3063.0    4662.333333333334    5307.333333333334    4309.0    5908.333333333333
8329.333333333334    14814.0    25513.0    23707.333333333332    28933.333333333332    21117.0    13607.333333333332    6965.333333333334    9316.999999999998    5399.333333333333    5086.333333333334    6199.666666666666    4988.666666666667    5989.0    5795.333333333333    5662.666666666667    6090.666666666667    6914.333333333334
2369.666666666667    4788.999999999999    2970.666666666667    4108.0    4117.333333333333    4154.666666666666    6357.333333333334    3227.3333333333335    5682.666666666667    6532.333333333334    6172.333333333333    7866.333333333333    15286.666666666666    18844.333333333336    27614.0    28936.666666666664    24970.666666666668    22608.0
2879.6666666666665    3133.6666666666665    3125.6666666666665    3261.333333333333    2929.666666666667    4031.3333333333335    3820.666666666667    4797.999999999999    5967.666666666666    4751.0    4589.0    6037.000000000001    10087.0    15600.666666666668    19406.0    19453.666666666668    18354.333333333336    14719.0
2960.666666666667    2906.666666666667    2842.0    3967.0    2864.666666666667    3005.6666666666665    3916.0    3071.666666666667    4550.333333333333    4865.666666666667    4856.999999999999    6801.333333333333    9254.333333333334    16193.333333333332    17740.666666666668    17929.333333333332    19163.000000000004    17919.333333333332
3020.333333333333    4643.666666666667    2743.0    3797.333333333333    3657.0    3477.6666666666665    4439.333333333333    4746.333333333334    4300.0    4568.666666666667    5304.666666666667    7671.666666666667    12449.0    15981.333333333334    15106.000000000002    16363.666666666666    17935.0    12530.333333333332
9601.0    10362.333333333334    14746.666666666666    17610.000000000004    16877.333333333332    13521.0    10023.999999999998    10425.333333333332    7839.333333333334    5933.666666666667    5714.666666666667    4026.3333333333335    4038.666666666667    3800.333333333333    3787.0    3441.333333333333    3237.3333333333335    3165.666666666666
10344.666666666668    12265.333333333334    12343.666666666666    23776.333333333332    20455.0    18864.999999999996    13197.666666666666    12825.333333333332    9369.666666666666    6215.0    4791.666666666667    4793.333333333334    3306.6666666666665    4360.666666666667    4535.666666666667    3493.0    3446.666666666667    3129.0
14115.666666666666    11538.0    13318.333333333334    15958.666666666666    17182.666666666668    10792.0    13297.666666666666    13461.0    14242.0    9615.333333333334    6262.0    7657.0    5478.333333333333    4027.333333333333    4820.666666666667    4228.333333333333    3813.9999999999995    3683.333333333333
7727.333333333333    8745.333333333332    9956.0    11952.333333333332    16586.666666666664    8477.666666666666    9274.333333333334    9405.666666666666    7854.333333333334    9411.333333333332    7745.333333333334    5915.666666666666    4252.666666666667    3519.9999999999995    4023.6666666666665    5154.000000000001    3607.9999999999995    4437.333333333333
7238.333333333333    8769.666666666668    7779.000000000001    8261.333333333332    11120.0    8746.333333333334    8650.333333333334    8031.666666666668    9385.666666666666    9024.666666666668    10322.666666666666    8021.0    7445.333333333332    4544.333333333333    7117.666666666666    5568.666666666666    7779.666666666667    5692.0
8323.0    10206.0    9027.0    8339.666666666666    11358.0    8534.333333333332    8148.333333333333    6487.666666666667    7325.0    12028.666666666666    6565.333333333334    11475.666666666668    10299.333333333334    7241.666666666666    6103.333333333333    4156.666666666666    4985.666666666666    4183.0
2726.3333333333335    3349.333333333333    4624.666666666666    6556.999999999999    7800.333333333333    7641.999999999999    7364.666666666667    7720.0    7044.0    7783.333333333334    5744.666666666667    7709.666666666667    5570.666666666667    5484.0    8137.333333333334    8302.666666666666    8773.333333333334    6565.333333333334
4680.666666666667    6735.666666666667    8129.333333333334    8184.333333333333    6963.000000000001    5065.333333333333    6399.333333333334    6072.333333333334    6851.000000000001    5258.0    4784.333333333334    6240.333333333333    6835.666666666667    8967.333333333334    5789.333333333334    6346.333333333333    8734.0    7778.333333333333
7682.0    7536.333333333333    5517.666666666667    7702.000000000001    6815.0    5975.666666666667    9173.333333333334    7360.666666666667    6160.0    6503.333333333333    5548.666666666667    5591.666666666667    5383.666666666667    6608.666666666667    7767.333333333333    6789.333333333334    6852.999999999999    8478.666666666668
4407.0    4047.6666666666665    4071.333333333333    5175.333333333333    4381.333333333333    4001.0    5307.666666666667    7262.333333333334    6309.333333333334    9595.666666666666    9865.0    11936.0    12145.666666666664    14705.0    14838.666666666666    18172.666666666668    16792.333333333332    13552.0
4403.666666666666    2823.6666666666665    4220.666666666667    3908.0    5175.0    3354.0    7732.0    5196.0    7798.0    8872.333333333332    15702.666666666668    14854.000000000002    10253.666666666666    11274.0    19785.333333333336    18982.333333333332    14823.666666666668    12705.0
4068.666666666667    3799.333333333334    3582.9999999999995    3173.0    4267.666666666666    2863.3333333333335    4896.000000000001    6600.0    7040.666666666666    5805.333333333333    13531.0    12519.0    17355.333333333332    16782.0    22343.333333333332    22541.666666666668    20732.666666666668    15117.333333333334
11844.0    20788.333333333332    18366.0    16979.666666666668    21785.0    16605.333333333332    14229.666666666666    13182.333333333334    7580.000000000001    5535.0    5226.0    6644.0    4375.0    3700.333333333333    3111.0    2759.3333333333335    4988.0    4269.333333333333
10382.0    17272.000000000004    23356.666666666668    25669.0    22158.0    19287.0    13977.999999999998    10171.333333333332    8798.666666666666    7407.333333333333    6574.333333333333    4372.333333333333    5615.0    6939.666666666666    5534.999999999999    5788.0    6708.333333333334    6878.666666666667
4182.666666666667    3520.333333333333    2957.6666666666665    2902.0    3902.0    3599.333333333333    3259.6666666666665    4281.333333333333    5118.333333333334    5009.666666666667    7624.333333333334    9032.0    13251.333333333334    19379.333333333332    24004.333333333332    26546.999999999996    24950.000000000004    19293.0
2266.6666666666665    3243.3333333333335    2805.0    2035.0000000000002    3463.0    3899.3333333333335    2686.6666666666665    2798.3333333333335    5092.666666666666    5885.666666666666    4227.0    5561.333333333334    7593.666666666666    14203.999999999998    15689.666666666666    17747.333333333332    14173.333333333332    14211.666666666666
8484.666666666668    10917.666666666666    12619.666666666666    20458.333333333332    14138.333333333334    18570.0    14682.333333333336    9120.0    5699.0    4870.666666666667    3604.6666666666665    3433.3333333333335    2902.9999999999995    4277.0    3859.0    4088.6666666666674    4027.666666666667    5213.666666666666
2924.3333333333335    3844.3333333333335    3497.666666666667    2887.666666666667    3356.0    3159.333333333333    4047.0000000000005    4241.0    3751.0000000000005    3514.9999999999995    5432.666666666667    6389.333333333333    7454.333333333332    15020.333333333336    20227.333333333332    24462.000000000004    21012.0    17502.666666666668
3062.333333333333    2770.333333333333    2792.0    3491.666666666667    4955.0    4905.333333333334    3152.0    5130.666666666667    3479.0    5398.0    4347.666666666667    7188.666666666667    9794.0    20516.999999999996    31867.0    30012.333333333336    23548.0    15446.0
2902.3333333333335    4511.333333333334    3652.333333333333    3541.0000000000005    4538.999999999999    4998.333333333333    3277.333333333333    3487.0    3902.9999999999995    4037.6666666666665    6902.666666666667    7212.0    8480.666666666666    22136.333333333332    33286.33333333333    35159.99999999999    28469.333333333332    15105.999999999998
7787.0    11452.0    19623.333333333332    25424.666666666668    22449.333333333332    18597.666666666668    12328.0    7914.333333333334    6667.333333333332    5438.333333333334    4995.333333333333    3780.6666666666665    3705.0    4180.333333333333    4044.333333333333    4102.666666666666    3798.3333333333335    3248.6666666666665
5593.0    9094.333333333334    15314.666666666666    19927.0    16548.333333333332    13951.666666666666    8778.0    6850.666666666666    5863.0    4143.666666666667    5105.666666666667    3422.0    4164.0    4187.666666666667    3535.0    3992.6666666666665    3640.0    3424.3333333333335
7507.000000000001    12132.666666666666    19796.000000000004    33412.666666666664    28981.0    17972.0    9624.333333333332    8011.0    7199.333333333333    6530.999999999999    4068.0    4234.666666666667    3703.0    3745.0    5297.333333333333    4288.0    4404.333333333334    3808.0
8129.333333333334    8839.666666666666    19461.0    32991.99999999999    29816.333333333332    20857.666666666668    12100.999999999998    8266.666666666666    6889.666666666666    4041.666666666667    5834.0    4634.0    2738.0    4811.666666666667    3372.6666666666665    3476.666666666667    3152.0    4220.666666666666
