22810.66666666666    22574.333333333332    44708.999999999985    64493.333333333336    55470.33333333333    30418.333333333336
20928.333333333336    15791.333333333336    29406.666666666668    58928.666666666664    60935.0    34614.333333333336
19581.666666666668    20184.333333333332    30982.333333333332    61690.0    62353.33333333334    41676.333333333336
21791.333333333332    19456.666666666668    38227.99999999999    64776.0    53808.333333333336    29066.333333333336
19502.999999999996    19003.666666666668    45659.00000000001    64900.66666666666    53235.66666666666    24254.666666666668
21159.0    15677.666666666668    29251.333333333336    62943.00000000001    57356.33333333334    31808.666666666668
18281.333333333336    17312.666666666668    33400.0    60014.00000000001    52940.66666666666    33677.33333333333
21953.0    16698.666666666664    30219.333333333336    55508.666666666664    64073.33333333333    37139.333333333336
18744.666666666664    15998.666666666662    31382.999999999996    58444.33333333333    59706.33333333333    31979.000000000004
18088.333333333332    14091.333333333332    29247.333333333332    55362.66666666667    63147.333333333336    33104.333333333336
19046.333333333336    18845.666666666664    29573.333333333332    48933.66666666667    49113.66666666666    30476.0
19460.0    15663.666666666666    31190.0    50873.0    47959.33333333333    27911.333333333332
15199.999999999998    15782.333333333334    32943.0    52582.666666666664    54263.333333333336    30487.000000000004
17058.999999999996    18216.333333333332    31337.666666666668    53693.999999999985    45262.66666666666    28722.000000000004
13785.333333333336    16138.333333333334    30976.0    52370.00000000001    45471.666666666664    23753.666666666668
15757.0    15612.666666666666    33958.33333333333    49096.0    44125.00000000001    23264.666666666668
14718.66666666667    17556.000000000004    29456.333333333332    49042.333333333336    37838.66666666666    23424.000000000004
16138.666666666666    17650.666666666668    28471.66666666667    43178.333333333336    39175.666666666664    18102.0
20489.666666666668    19300.666666666668    36377.66666666667    58125.0    55825.00000000001    31051.333333333332
20896.999999999996    16513.333333333332    30378.0    57326.333333333336    55891.333333333336    32195.0
20649.0    16864.333333333336    36065.33333333333    58824.99999999999    62913.0    35085.0
18950.333333333332    17849.0    34053.0    60059.00000000001    57709.33333333333    32233.999999999996
19457.333333333336    17875.333333333332    35727.33333333333    64997.00000000001    61566.333333333336    35064.0
19398.333333333336    17062.333333333336    37242.666666666664    66253.0    60047.666666666664    31638.666666666668
18151.666666666668    16709.0    34560.666666666664    71228.33333333333    70717.66666666667    37664.66666666667
19138.666666666668    17420.666666666664    35743.333333333336    64753.333333333336    59865.33333333333    39634.666666666664
14415.0    19109.666666666668    40519.666666666664    60928.333333333336    60783.66666666667    38530.33333333333
18798.333333333336    22221.33333333333    41586.333333333336    65664.0    55994.666666666664    29679.99999999999
20664.333333333336    24046.666666666668    44520.33333333334    72054.66666666664    55984.0    29033.33333333333
20586.333333333332    18497.333333333332    35429.33333333333    67985.66666666667    65146.0    35510.0
21908.333333333332    17045.333333333336    37111.666666666664    66624.0    61932.00000000001    34784.666666666664
