9955.666666666666    17186.333333333332    28476.666666666664    44375.0    39565.99999999999    24977.666666666668    14005.333333333332    8678.666666666666    9217.0    9456.666666666666    4982.333333333333    4746.333333333334    5211.999999999999    4589.0    3707.6666666666665    3951.3333333333335    3623.666666666667    3768.6666666666665
3210.0000000000005    3533.3333333333335    3668.0    2885.6666666666665    4267.666666666667    3580.666666666667    3830.333333333333    4076.0    5871.0    5562.333333333333    6148.333333333334    10403.0    14350.333333333334    22875.333333333332    37534.0    38979.0    29681.333333333332    20148.0
3281.0    3221.3333333333335    3989.0    4057.333333333333    5153.666666666666    3534.666666666666    4234.333333333333    3697.333333333333    8034.666666666666    6698.999999999999    6394.333333333333    11061.0    16776.333333333332    25077.666666666668    37119.0    44586.333333333336    29986.0    19565.0
9832.0    18933.333333333332    28590.666666666668    36224.33333333333    30719.333333333336    24576.0    15454.666666666668    13314.666666666666    8064.666666666666    7426.333333333333    5776.666666666666    5250.666666666666    3584.666666666666    4809.666666666666    3844.0    2899.0    4127.0    3699.0
11400.333333333334    19866.000000000004    26968.333333333336    28162.0    30230.666666666668    27794.0    18909.333333333336    11940.666666666666    8126.0    8098.0    5724.333333333334    6313.333333333333    3474.6666666666665    3782.9999999999995    4372.333333333333    3714.0    3767.6666666666665    3912.0
2911.9999999999995    2889.0    4426.0    2787.333333333333    3259.3333333333335    4361.0    4339.333333333334    4668.0    7831.666666666667    5419.666666666667    6097.333333333333    8736.333333333332    15864.333333333332    23180.666666666668    35283.66666666667    36400.66666666667    28819.000000000004    20920.666666666668
3940.0    3142.0    3040.3333333333335    4771.333333333334    4114.333333333333    5562.333333333333    3891.9999999999995    4744.333333333333    5229.0    5271.666666666666    8341.0    11314.666666666666    19895.0    24260.333333333336    29120.333333333332    31245.0    26199.333333333332    21543.0
3145.0    4970.666666666667    3980.6666666666665    2399.3333333333335    4522.0    4944.333333333333    3834.333333333333    5108.0    6583.0    7065.333333333333    6729.666666666666    14358.000000000002    26567.0    23759.333333333332    25941.0    30770.666666666664    26819.666666666668    24094.333333333332
3252.333333333333    3547.6666666666665    3232.3333333333335    3279.3333333333335    3544.0000000000005    4113.0    4929.0    5346.666666666667    4444.333333333333    6480.333333333334    12204.666666666668    16355.333333333334    20399.0    28031.666666666664    27246.333333333332    22209.666666666668    25233.333333333336    22407.0
3165.666666666667    3498.6666666666665    3538.0    3448.3333333333335    4189.0    3985.3333333333335    5102.0    5560.333333333333    5871.0    6252.0    9980.666666666668    15316.999999999998    21062.333333333336    22103.333333333332    26617.0    29225.666666666668    21444.333333333336    22680.666666666664
3987.666666666667    2984.6666666666665    4830.666666666667    3292.0    3799.3333333333335    5041.0    4863.666666666667    5276.666666666667    6490.333333333334    12952.333333333332    14504.666666666666    17402.666666666664    17593.0    15380.000000000002    19350.666666666668    21488.666666666668    16798.0    19952.666666666668
3793.3333333333335    3487.0000000000005    3975.0    5414.333333333334    4991.666666666667    5201.0    5806.666666666666    7166.666666666668    10119.999999999998    14498.0    12443.666666666666    14809.666666666666    12832.666666666666    16293.666666666666    20254.333333333336    20671.000000000004    17165.333333333332    14133.333333333336
4094.333333333334    3571.666666666667    5647.333333333333    4827.0    7716.666666666667    8384.333333333334    11874.666666666666    13178.333333333332    14539.666666666666    9981.666666666666    13770.0    9953.333333333334    12199.666666666666    16155.333333333334    17573.0    22047.0    15224.666666666666    10519.666666666666
11899.333333333334    10818.0    15393.333333333332    18829.333333333336    14865.0    13545.666666666668    9069.333333333334    11702.666666666666    14150.333333333334    8941.666666666668    10596.333333333334    11418.666666666666    11641.333333333334    9020.333333333332    5991.333333333333    5761.333333333334    5423.0    5224.666666666667
7861.000000000001    12048.666666666666    13645.333333333334    14445.0    17393.333333333332    11111.333333333334    9863.666666666666    8220.333333333332    8443.666666666666    11426.666666666668    8915.666666666668    7178.0    9091.333333333334    10224.333333333332    10925.333333333334    9884.0    6717.0    5100.333333333334
11689.999999999998    9705.333333333334    11588.666666666666    15542.0    15181.333333333332    12255.333333333332    9878.0    10222.333333333334    7939.333333333333    8592.333333333332    7905.666666666667    7345.666666666666    8675.666666666668    7286.999999999999    8869.0    10000.333333333334    10167.0    8968.666666666666
9455.333333333332    10592.666666666666    12645.333333333332    18718.333333333336    19593.333333333332    10643.666666666666    9395.666666666668    7941.666666666666    11085.0    7418.666666666667    6128.666666666667    8305.333333333334    6739.333333333334    6849.333333333333    7574.333333333334    6134.0    5539.666666666667    7275.666666666667
11922.333333333334    9035.333333333334    13373.666666666666    17243.333333333336    19357.333333333332    8729.0    8875.0    8244.666666666666    8122.000000000001    7675.666666666666    8225.333333333334    5956.0    7338.333333333333    5810.0    5195.666666666666    5625.666666666666    6758.666666666667    5229.0
15745.66666666667    14820.333333333334    10881.333333333334    11851.666666666668    13978.333333333332    14965.333333333332    13737.0    14907.666666666666    12260.666666666666    11383.666666666666    8600.333333333334    9851.666666666666    8904.0    10190.666666666666    15082.000000000002    12595.333333333332    12823.333333333334    8590.333333333334
4086.0    3791.333333333334    3093.0    3061.0    3542.666666666667    3096.3333333333335    5525.333333333334    4683.0    5892.333333333333    7812.333333333333    10113.333333333334    18412.666666666664    25659.666666666668    22447.666666666668    25413.666666666664    25449.0    21465.333333333332    19656.333333333336
4828.333333333333    2772.3333333333335    4118.666666666666    4385.0    2954.3333333333335    5141.333333333334    3981.333333333333    4590.0    5950.666666666666    6729.666666666666    9452.666666666668    13684.333333333334    18362.333333333332    29176.666666666668    29442.0    28643.666666666664    29664.333333333332    26524.0
5326.666666666666    4115.666666666667    3311.6666666666665    4638.666666666666    2852.3333333333335    4039.333333333334    2563.0    4837.666666666667    4836.0    6541.333333333333    7654.333333333333    10068.666666666668    18839.333333333332    27484.666666666668    28630.333333333332    32378.333333333332    25297.333333333332    27439.333333333336
3367.0000000000005    3321.6666666666665    3382.0    4674.0    3743.0    3880.0    4094.333333333333    4406.0    5576.666666666667    7581.333333333332    8380.666666666666    8696.666666666668    17176.333333333336    29166.0    34711.66666666667    33934.33333333333    31882.333333333332    26713.333333333332
3005.666666666667    5315.666666666666    3013.0    4054.0    4216.333333333333    4130.666666666666    3789.6666666666665    5668.666666666666    4950.0    7349.0    8582.0    11483.333333333334    18209.333333333332    24709.0    35189.666666666664    37546.33333333333    29066.666666666664    21363.666666666668
3793.9999999999995    3179.3333333333335    3556.6666666666665    4286.333333333333    3114.3333333333335    4295.0    3446.0000000000005    5051.333333333334    5696.666666666667    8831.666666666666    7472.333333333333    9883.333333333334    17281.0    29749.333333333336    37839.33333333333    37782.99999999999    39674.0    24098.333333333336
3366.3333333333335    2862.3333333333335    4751.666666666666    3536.6666666666665    3869.0000000000005    4686.666666666667    4183.333333333333    4134.0    5871.666666666666    6925.333333333333    7859.666666666668    11313.333333333332    14903.666666666666    25257.333333333336    36987.333333333336    41551.0    32767.333333333336    21729.333333333332
3668.6666666666665    4305.666666666666    4572.666666666666    3267.666666666667    3948.3333333333335    4967.333333333333    4043.666666666667    4950.666666666667    6281.0    5975.333333333334    6402.666666666667    9455.0    14881.0    27192.666666666668    39644.66666666667    39797.666666666664    32863.333333333336    18068.666666666668
12942.333333333332    17216.333333333332    37556.99999999999    43114.666666666664    31024.333333333332    19835.333333333336    13445.666666666668    9106.333333333332    6879.999999999999    5636.333333333333    4706.666666666666    3454.6666666666665    5393.333333333333    4698.0    6171.666666666667    2854.666666666667    6023.666666666666    3883.6666666666665
9716.666666666668    20895.666666666668    35888.33333333333    42241.666666666664    38599.33333333333    23073.666666666668    13286.000000000002    8944.666666666668    6872.0    6699.333333333333    7846.0    4905.0    5453.333333333333    3936.333333333333    5333.0    4377.333333333333    3747.666666666667    4487.333333333334
3750.6666666666665    3066.0    3833.0    6697.333333333333    6438.0    4798.666666666667    4338.666666666666    4548.0    6051.666666666666    8141.0    7282.333333333334    8495.666666666668    14437.999999999998    30490.666666666668    40688.0    42056.66666666667    31014.333333333332    17026.0
5503.0    3612.0    3198.3333333333335    3719.6666666666665    5151.333333333333    3812.6666666666665    4777.333333333334    4716.0    5526.0    5688.333333333333    8594.0    9575.333333333334    13772.333333333332    26923.0    43157.666666666664    42413.666666666664    31154.33333333334    18111.0
