15356.666666666666    23907.0    41898.99999999999    73273.0    76001.33333333333    55941.0
15634.0    16081.333333333332    41143.00000000001    78273.0    76958.0    56285.333333333336
18437.333333333336    20544.0    40702.666666666664    82018.66666666667    79957.33333333333    55211.666666666664
20192.666666666664    19615.666666666668    43383.333333333336    74507.33333333333    74730.0    54240.0
16162.666666666664    18196.666666666664    41373.666666666664    74213.66666666666    72884.66666666666    48976.333333333336
15892.333333333332    16158.000000000002    35669.66666666667    63284.0    66910.66666666667    39651.0
17245.666666666664    21320.999999999996    47002.66666666667    71663.66666666667    75610.99999999999    50401.333333333336
21140.0    25016.999999999996    56297.33333333336    80876.66666666667    80173.0    45582.33333333334
18357.666666666668    24737.666666666664    52659.0    82074.33333333333    82908.33333333333    44510.0
18510.0    19019.333333333332    51013.0    71909.66666666667    69347.33333333333    40836.0
21992.66666666667    23933.666666666664    48143.333333333336    73367.33333333331    71367.66666666667    37391.99999999999
20173.666666666668    22197.666666666664    51508.00000000001    76017.99999999999    66730.33333333333    47210.0
17350.333333333332    17632.000000000004    34921.00000000001    62361.33333333333    66152.66666666667    40633.00000000001
16391.333333333332    18407.333333333332    36658.333333333336    70754.99999999999    66333.0    45173.99999999999
17440.666666666668    22749.666666666668    44646.99999999999    62133.666666666664    61685.99999999999    37331.666666666664
18000.0    21390.333333333332    43852.33333333333    53667.33333333333    59636.33333333333    32898.66666666667
15271.999999999998    17420.333333333332    35620.666666666664    47690.00000000001    47355.66666666667    29789.666666666668
19023.666666666668    20785.0    35062.333333333336    63426.66666666667    62884.666666666664    45180.00000000001
18667.0    18519.666666666668    34638.333333333336    63928.0    69943.66666666667    41848.666666666664
23337.33333333334    21812.000000000004    53287.33333333333    92927.66666666664    81588.33333333334    45649.33333333333
16563.666666666668    24491.33333333333    56572.33333333332    84601.99999999999    81106.33333333331    48202.99999999999
18067.666666666664    26217.66666666666    59343.66666666668    87791.66666666667    73581.00000000001    41843.666666666664
15244.666666666666    21679.0    41784.666666666664    72009.0    76806.33333333333    54067.33333333333
17206.333333333332    18447.666666666664    41295.99999999999    80089.99999999999    81230.66666666667    50004.666666666664
18317.0    20090.0    46056.0    77721.66666666666    82798.33333333334    57680.0
17421.666666666668    17315.0    40462.0    72536.0    78963.0    52786.333333333336
17507.666666666668    20713.333333333336    47292.333333333336    77795.0    77063.66666666667    46930.0
15315.333333333334    23382.333333333336    50086.99999999999    78261.66666666667    76174.0    49374.33333333333
21925.333333333332    29370.333333333332    57238.66666666666    83493.33333333331    74073.00000000003    41984.66666666666
19815.333333333332    28328.666666666664    63926.33333333333    83872.66666666669    75443.99999999999    44484.00000000001
20287.0    31982.33333333333    62858.33333333333    76994.33333333333    81824.66666666667    55160.00000000001
