6176.666666666667    12550.0    17768.666666666668    20324.666666666668    17737.0    14998.999999999998    8901.666666666666    7712.333333333334    7297.333333333333    8090.333333333332    8721.0    9908.666666666668    14501.666666666666    24262.666666666664    29882.666666666664    33701.33333333333    24993.333333333332    18849.0
5329.0    2916.6666666666665    2869.333333333333    3031.0    4791.333333333333    5343.333333333333    5494.666666666667    4488.666666666666    7690.0    6411.666666666667    6762.333333333334    10819.333333333332    19313.666666666664    33354.33333333333    48125.0    43268.66666666667    42453.333333333336    31912.333333333336
3658.3333333333335    3764.3333333333335    4610.0    3895.6666666666665    5159.333333333333    6119.333333333333    5973.0    5876.0    5516.666666666667    8093.666666666666    9125.333333333334    11612.333333333334    24433.333333333336    36126.99999999999    45440.0    47345.333333333336    39224.0    30898.000000000004
3509.333333333333    3217.0    3191.0    3296.333333333333    4984.666666666667    5720.666666666667    6122.0    4834.333333333334    5975.333333333334    6882.0    8523.333333333332    11074.666666666666    24363.333333333336    36823.333333333336    43248.00000000001    45713.666666666664    39218.666666666664    29971.333333333336
3703.3333333333335    4089.0    3884.0    4389.0    5658.666666666666    4871.333333333332    5425.666666666667    5229.0    6102.000000000001    5945.666666666667    7813.0    14522.0    19836.333333333332    27872.000000000004    42571.0    42671.333333333336    40144.333333333336    27080.0
6893.333333333333    7404.333333333333    12824.0    7420.333333333334    13693.333333333334    11142.333333333332    9219.666666666668    6100.333333333334    7312.0    4272.0    5816.0    9303.333333333334    16599.666666666668    24152.000000000004    27549.0    27511.0    22781.0    17572.0
3285.333333333333    4396.333333333334    3820.666666666667    5159.333333333333    4282.0    4808.333333333333    4784.0    5741.333333333333    8505.333333333334    9419.0    10802.333333333334    19232.0    27149.666666666668    36136.666666666664    33741.333333333336    36914.333333333336    36416.66666666667    28650.666666666668
27066.666666666664    36425.333333333336    35274.66666666667    33337.333333333336    36491.666666666664    30072.333333333332    19519.333333333332    19426.333333333336    13927.0    8422.333333333334    8197.0    8661.333333333334    7045.999999999999    5675.999999999999    4721.666666666666    5540.333333333333    5131.333333333334    4149.666666666667
30073.333333333336    32062.0    33158.33333333333    30829.666666666664    27278.0    28402.333333333332    29943.333333333332    22383.333333333332    15825.999999999998    11911.666666666668    7393.666666666667    6667.333333333332    5275.666666666667    5052.0    6028.0    4669.0    4566.333333333333    3727.0
13607.666666666668    12176.666666666668    13641.333333333334    9152.333333333334    12997.333333333334    11925.666666666666    12123.666666666666    13573.666666666668    12286.666666666668    12373.666666666666    13812.333333333334    16717.666666666664    20962.999999999996    18745.333333333336    20123.0    20120.0    18415.666666666664    17879.666666666668
22923.0    19868.999999999996    23289.666666666668    26368.666666666668    24333.333333333336    20973.666666666668    23195.333333333332    21615.666666666668    23557.0    16607.333333333336    12045.0    7994.333333333333    7294.333333333333    6163.000000000001    5578.666666666666    4665.666666666666    4734.0    4989.0
21075.666666666668    21094.666666666668    20255.333333333332    26587.333333333332    22280.666666666664    21038.666666666668    19288.0    20333.333333333332    19739.666666666664    22279.666666666668    15893.666666666666    15492.333333333334    10189.666666666666    7991.000000000001    5345.666666666666    6989.666666666666    4796.0    3166.6666666666665
4648.333333333334    3760.3333333333335    4593.666666666667    6299.0    5170.333333333334    8768.666666666666    14318.000000000002    18048.0    16790.0    16932.333333333332    14455.333333333334    13978.666666666668    15257.333333333334    18129.666666666668    20661.333333333332    23325.999999999996    19543.666666666664    14369.666666666668
6419.0    5454.0    8008.333333333333    8899.666666666668    9915.333333333332    17488.333333333336    20965.333333333336    14380.333333333332    17351.666666666668    15390.666666666666    16005.666666666668    14318.666666666666    12336.333333333334    15468.333333333332    16566.666666666668    18716.999999999996    20611.333333333336    15422.333333333336
14384.666666666666    16680.0    19146.666666666664    21850.333333333332    17227.333333333336    14096.0    12701.0    10218.999999999998    10013.333333333332    10622.000000000002    11344.333333333332    12110.0    14569.333333333332    11477.333333333332    14034.999999999998    10820.0    14888.333333333332    9803.999999999998
11246.666666666668    15195.666666666666    16863.0    19600.333333333332    18585.666666666668    14174.666666666668    11892.666666666668    12871.999999999998    11813.333333333332    12001.666666666668    10662.0    11528.333333333334    9332.999999999998    10071.666666666668    9967.666666666666    10993.333333333332    8960.333333333332    13683.0
9218.333333333332    11771.666666666668    14201.0    23444.333333333336    14711.666666666668    12987.666666666668    9918.333333333332    8277.333333333334    10756.0    8849.0    8071.333333333333    8225.666666666666    7980.666666666666    8239.666666666668    10366.666666666666    10641.666666666668    8211.0    7276.333333333333
3111.0    4433.666666666667    4387.666666666667    4859.666666666667    5123.333333333333    8518.666666666668    6861.666666666666    6789.333333333332    12874.333333333334    17526.333333333332    21643.333333333332    22086.666666666668    19966.000000000004    19198.666666666668    26070.333333333332    24614.0    19137.0    19160.666666666664
3546.0    4112.666666666667    4483.0    4954.666666666666    3752.333333333333    4977.666666666667    5747.0    6514.999999999999    6792.333333333333    10117.333333333334    15067.0    21465.333333333332    24915.666666666664    24647.333333333332    29503.0    26027.0    25975.666666666668    24946.333333333332
24990.333333333332    27237.666666666664    37937.0    35905.33333333333    31666.0    34081.666666666664    32752.333333333332    20157.333333333332    16921.333333333332    11445.0    6986.333333333333    6229.333333333333    5565.333333333334    5462.0    6129.333333333333    4571.333333333333    5219.0    5345.333333333333
24495.666666666668    31070.666666666668    38344.66666666667    39519.0    35655.333333333336    34579.666666666664    23890.666666666668    21717.666666666668    11551.0    7702.666666666667    7729.333333333333    6086.000000000001    4997.666666666667    5586.333333333333    4438.0    4674.0    4605.666666666667    4894.666666666667
21333.333333333336    28209.0    40008.33333333333    36517.66666666667    38649.0    36099.33333333333    23008.666666666668    21624.0    12064.0    8263.0    5991.0    6844.666666666665    5676.666666666666    5431.0    3994.6666666666665    4087.0000000000005    4630.0    4414.0
3374.0000000000005    3773.333333333333    5260.666666666667    5670.333333333333    6472.333333333334    5520.333333333333    6435.0    5305.000000000001    8646.333333333334    8234.0    7422.666666666667    12770.333333333334    23072.0    29358.000000000004    42923.666666666664    40944.666666666664    34216.333333333336    32192.000000000004
3987.333333333333    3858.0    3228.3333333333335    4691.666666666666    4631.333333333334    4454.0    6060.999999999999    5471.333333333334    7803.0    7000.333333333334    9399.999999999998    16319.666666666664    20148.0    35744.0    40736.0    45363.33333333333    39546.666666666664    29831.333333333332
3378.6666666666665    3754.6666666666665    3228.6666666666665    3358.333333333333    3367.666666666667    4982.666666666667    7731.333333333334    7313.0    9174.333333333332    9847.333333333332    9206.333333333334    13155.0    21318.0    41595.0    47949.333333333336    45324.33333333333    40700.0    27278.333333333332
3579.333333333333    4055.0    3103.666666666667    4725.333333333333    4360.0    4407.333333333333    5338.000000000001    5356.333333333333    6456.666666666666    6534.333333333333    11443.0    10682.0    20099.0    33627.666666666664    40282.66666666667    47307.0    43920.0    24206.666666666664
4164.666666666666    3394.333333333334    2857.3333333333335    3561.6666666666665    4845.333333333333    4032.3333333333335    4827.666666666666    5365.0    6570.0    5377.333333333333    8424.0    12338.000000000002    19501.999999999996    35157.333333333336    47858.33333333333    49724.666666666664    41366.333333333336    27935.666666666668
4224.0    3375.9999999999995    5393.0    4127.666666666667    3775.6666666666665    5426.333333333334    4111.0    5085.333333333333    4914.333333333333    7916.333333333333    8725.666666666668    11187.666666666666    20812.0    32710.666666666668    45289.0    52262.0    44336.666666666664    28921.333333333336
12786.333333333334    20855.333333333336    38943.0    54099.66666666667    48186.666666666664    38171.00000000001    19567.999999999996    11284.333333333332    9806.0    9880.333333333332    8047.666666666667    7680.333333333334    6020.333333333333    5704.333333333333    3585.0000000000005    5828.0    3907.333333333333    3731.666666666667
12359.666666666668    20706.0    46440.666666666664    59576.666666666664    52026.00000000001    36686.333333333336    15288.333333333332    13054.666666666666    7796.666666666666    8140.666666666667    7754.333333333333    6852.333333333333    6027.333333333333    3758.0    4780.0    3914.333333333334    5094.0    5615.0
12944.0    24777.666666666664    44850.666666666664    62907.0    59360.666666666664    36627.666666666664    15895.666666666668    10693.666666666668    8770.666666666668    9608.0    6767.666666666667    7370.666666666666    6081.333333333333    5217.333333333333    5638.333333333333    4162.666666666667    3638.333333333333    3794.6666666666665
