36147    91769    141409    142678    88473    32877
32066    90263    159724    148464    87963    41881
31392    94228    164528    142870    93448    29145
31028    78567    163156    170684    90755    30201
35978    63185    165447    155505    87865    38465
37161    87211    151384    138731    92167    28709
38591    86300    142542    132976    69225    36701
32871    76512    138266    116690    70172    42538
34958    64068    136608    133702    88158    30895
27864    68098    131946    104500    60858    22817
23335    41479    72058    75117    48954    29959
25115    74305    131911    125311    72040    33098
27205    70046    129597    117607    82385    44026
38182    81960    118382    120282    86662    37478
27211    86035    142295    127175    95844    36011
31616    82706    147687    151014    93206    38367
36347    82889    146343    148606    93978    32652
27943    85731    142915    127779    92757    30136
28776    78904    165514    153801    92149    23599
37294    89475    131588    167305    102471    35680
27402    81211    144377    140770    106448    35315
