10859    22357    42717    59886    57020    33476    17961    15983    7104    13479    10569    15002    11336    25309    47328    64298    47568    31101
17335    26089    46032    40644    47489    45054    33230    16926    14925    14895    12881    13618    21955    35065    38527    51069    39866    44761
24744    31649    44367    42619    45767    39014    29422    29344    13751    11825    13701    21816    31369    23152    32259    47269    35844    37699
36917    38243    43719    42354    36945    39869    30609    21924    17012    10302    11896    16919    26903    33558    50207    36405    33756    36853
31924    29999    39263    26432    34186    29288    31110    36903    32802    12283    15143    22374    32602    28715    38952    31876    30649    41944
25812    26419    44013    32997    28644    34002    31215    40568    23758    16605    15353    29039    30993    31205    24337    29339    34378    36686
29862    33597    26743    23390    24559    29626    30484    34438    22055    26571    36127    25270    35505    32689    20175    29605    21383    24256
22717    20871    21291    22678    18825    22323    34248    23215    41253    39789    43922    34210    29177    18027    21738    19334    21898    21533
19290    14215    22356    26521    26458    18254    31343    34456    43216    35147    39971    36680    32026    20974    23202    17781    19740    26759
19984    17001    25766    30397    30651    24485    19533    18445    25985    23705    21835    17944    25309    26317    26298    18993    16026    27409
16716    22247    13453    17718    15878    12002    17152    16232    12784    17451    16708    16616    17569    16434    15869    15701    13008    17364
20764    23149    17523    21254    18524    30252    31709    37842    32839    29719    28116    33730    32046    29434    13452    29564    14270    17593
17891    20621    17550    18728    21879    25267    21515    25343    32192    50135    48409    38708    24178    20317    22840    23927    19241    22125
25567    21683    17738    22659    19648    27401    29457    38196    30678    44419    33764    26840    34711    20112    23421    21430    24255    20967
31047    31201    28040    31202    31913    20753    31661    29204    30469    24028    29719    24977    29091    31291    26744    36874    25401    20956
34040    29158    33951    35491    32455    30472    33182    30751    16676    19955    15894    24307    32383    39209    41688    29639    34145    31200
23193    30598    33452    25319    37572    40894    38074    27857    19425    10863    14156    21321    26965    29590    38161    42550    34222    46603
15477    30006    41443    26831    39556    35046    36202    20962    17638    8556    10125    8627    24631    51923    40191    32672    37845    29530
23280    31724    36990    42588    49538    38628    35383    18947    9369    12590    9711    18546    27590    30610    41507    45019    38554    32169
14470    25916    33470    36078    49525    45882    21614    28459    16073    9248    15068    21634    30515    44059    50602    49386    40937    30877
19459    35523    44643    46075    35811    40768    27558    14884    11930    14295    14860    17568    28038    34850    38415    38895    40826    31125
