10108    12140    19389    44315    36693    22170
9822    13633    25778    37072    33175    20437
13845    9523    26871    40717    35046    13678
10530    17827    26584    49151    22467    14347
10035    15433    24125    38138    28916    12257
13231    10498    28982    33124    29343    20452
11082    10305    20210    37147    22042    12985
12081    15696    25360    31548    28801    18167
10669    11694    22605    31491    20698    16826
13684    12847    22990    33186    36910    21058
11318    15976    24413    30347    25009    18523
8586    14157    29050    26983    18347    14612
13529    10958    23148    26596    19228    11889
11117    13633    19055    32874    23264    12523
11158    11299    22769    25984    19823    15331
8095    12511    23529    25336    16553    11994
11814    12352    22448    19080    19728    12610
14532    12766    22418    23571    23335    16096
16885    12404    24890    24671    20842    12085
12619    17180    21399    32272    21511    13732
10317    13990    23153    34982    26951    14678
11602    11907    22039    31005    23871    17244
8362    13544    22719    27158    26142    20097
9525    13368    25750    34326    21864    14418
10152    19172    26165    51047    26840    14970
10469    16922    30467    34705    20951    14659
