3896    3333    5107    3907    4590    2704    3161    3890    4824    4798    3945    9274    19183    23339    27087    21777
4321    2749    2408    3477    2937    5103    5063    4827    3974    5168    11042    14864    19647    21936    11499    20902
2969    2654    3682    2110    2152    5126    2288    7028    5517    12620    12358    18177    15843    13158    16875    17123
18118    15045    13161    8992    16130    17117    6746    9273    6178    3358    4548    5325    4832    3652    4270    4161
10068    15095    13210    16689    12605    17066    8804    5894    3724    4234    2480    3318    3244    2834    5002    4637
5758    3289    3883    2592    4119    2393    5280    4194    8556    7403    16263    13405    16907    13544    11697    16347
3148    2563    3901    2639    3412    2782    5597    5643    6585    9675    13092    10396    14797    8477    9237    11827
3064    5133    3288    3118    2901    4185    12286    3615    9296    10951    15367    9824    12070    8189    13300    15066
2682    2411    4277    4257    4579    3008    4000    5276    10700    10225    12360    10219    11221    7775    10783    10210
3716    3351    3401    2584    5265    3603    6233    14927    17641    14698    9003    10903    10189    14315    10896    9950
5480    4103    2896    6481    3529    3404    6683    10096    15402    10536    7688    11756    10441    6417    11999    8675
11088    6761    8475    9672    9726    5573    6558    6375    8981    8666    6371    6702    4055    5021    2790    4921
5242    8165    5335    9096    6522    8978    10347    5862    4442    6520    9212    4837    7513    2922    5963    4392
3398    6612    4980    6679    8663    7135    6371    11565    9024    6516    9435    8184    5364    5451    6586    6503
4091    8336    7269    7706    6130    6737    8700    7567    7553    5363    8027    5685    7898    6396    4564    4342
7385    5152    7649    7141    7275    6871    5856    5159    5953    5310    3561    4998    5789    5893    7899    6127
9420    9806    5129    5639    10081    5820    7010    6066    7032    3892    4092    5632    6227    3810    4009    4367
8177    6361    5352    6592    6180    6406    11043    7931    9611    4837    6276    6406    7670    7713    6585    5578
5864    6690    5180    5140    6564    10438    10093    7300    5692    6973    7083    7151    11295    4788    6559    4967
3876    3972    4909    6703    6080    6341    7261    8785    8204    8367    7462    9144    7902    11557    7312    10838
9103    8235    10124    7310    10959    11654    8863    5951    10743    10655    9545    6528    3670    3248    3274    4209
2779    2929    2928    5137    2700    4336    6732    6930    11894    11736    7446    15198    12220    12031    6471    6201
2788    4917    5482    3726    6292    5431    5265    6067    11616    13440    9323    8200    11133    7141    9179    8022
2452    3566    2645    4186    3695    3185    5087    6345    6169    13319    14086    13051    10120    8137    13018    10190
18649    19816    14084    11148    13527    16049    10064    12636    4452    4029    5613    4630    3382    3003    3244    4020
13809    16484    15731    13212    11037    10789    8142    4990    4870    3401    3513    3145    3393    5411    5488    4758
