17397.333333333336    37852.666666666664    58397.0    67745.66666666667    30201.333333333332    19404.666666666668
15028.666666666664    27589.333333333332    67178.0    63479.333333333336    37185.0    15967.33333333333
18016.000000000004    30234.000000000004    69104.0    63851.333333333336    30929.666666666668    17308.0
17710.666666666668    28733.666666666668    55336.00000000001    61407.99999999999    36666.666666666664    16477.666666666664
20922.000000000004    43773.666666666664    71088.99999999999    58299.66666666667    31128.666666666664    17123.333333333336
20078.666666666668    40885.666666666664    57633.66666666665    58705.33333333332    30783.333333333336    17666.666666666668
18702.666666666668    39833.66666666667    70697.33333333331    64381.99999999999    32211.333333333343    18077.333333333332
19051.0    31544.0    60685.66666666667    63739.0    35528.33333333333    19248.333333333332
16805.666666666668    28603.0    52997.33333333333    61231.99999999999    34429.33333333333    17906.666666666668
16254.666666666666    37783.0    51145.666666666664    57342.0    35223.333333333336    17494.666666666664
17108.0    27224.666666666668    49848.666666666664    52972.00000000001    29049.999999999996    18850.666666666668
18327.666666666664    30790.33333333334    48614.00000000001    50622.33333333333    33855.333333333336    14703.999999999998
18640.666666666664    37912.0    45398.66666666667    51041.0    29909.0    19483.666666666664
23472.666666666668    32394.999999999996    50466.66666666666    45816.33333333333    26095.33333333334    16077.666666666666
21247.0    33268.66666666667    48522.33333333334    46381.33333333333    25875.666666666664    16101.666666666668
19261.999999999996    27753.333333333332    41148.333333333336    42464.0    23350.999999999993    15293.0
16812.333333333332    29104.33333333333    39161.0    35793.33333333333    19827.333333333332    13691.000000000002
17662.333333333336    28857.999999999996    46136.33333333333    36186.66666666667    23901.666666666664    18353.0
19078.999999999996    34282.0    55273.66666666666    55530.0    30826.333333333332    22157.333333333336
18519.333333333336    29963.0    53623.99999999999    58200.333333333336    31554.333333333336    21889.666666666668
17164.0    35551.0    61652.33333333333    62607.66666666667    35036.66666666667    18042.333333333332
16777.333333333336    32730.0    57773.666666666664    65016.0    34326.666666666664    20523.666666666668
22162.333333333332    44810.00000000002    72731.66666666667    56616.333333333336    31758.66666666667    18657.333333333332
17632.666666666668    35923.0    63493.0    69421.66666666667    32433.333333333332    18743.999999999996
16078.999999999998    37934.666666666664    56672.666666666664    62906.666666666664    34678.0    16133.333333333334
15982.333333333334    36126.33333333333    60810.333333333336    63847.666666666664    38041.333333333336    20126.0
15904.0    30137.333333333332    60146.666666666664    67357.0    38301.333333333336    16866.666666666664
16761.666666666664    31124.666666666664    60228.333333333336    62556.333333333336    41976.666666666664    17999.0
14900.333333333332    31020.0    61373.666666666664    57287.0    33381.66666666667    19190.333333333336
14912.666666666666    33846.0    62731.333333333336    61608.00000000001    36040.666666666664    18243.333333333336
21673.0    39589.0    67788.00000000001    58971.00000000001    36417.666666666664    17232.666666666668
