3910.9999999999995    4101.0    3422.666666666667    4220.333333333334    3432.6666666666665    4882.666666666666    5340.0    4847.333333333334    5024.333333333333    7231.333333333334    6797.333333333333    5514.0    11270.0    21246.0    38330.0    41522.333333333336    39964.66666666667    19940.999999999996
2442.3333333333335    4294.0    4032.9999999999995    5022.333333333334    4457.666666666667    5094.666666666667    3933.6666666666665    5434.333333333333    5244.333333333333    7861.333333333333    7830.333333333334    7049.000000000001    10867.333333333334    23110.33333333333    37322.666666666664    40499.333333333336    34026.33333333333    17904.666666666668
3157.3333333333335    3693.0    3724.9999999999995    3296.6666666666665    4208.333333333333    3571.0    3840.666666666666    5378.0    3027.0000000000005    7052.0    9295.333333333334    5932.333333333334    15386.666666666666    24903.0    36402.666666666664    35936.33333333333    36752.0    23885.666666666668
3591.333333333333    4354.666666666667    3215.3333333333335    3111.666666666666    3252.666666666667    5598.0    3719.6666666666665    3822.0    5260.333333333333    6482.000000000001    6571.999999999999    8547.333333333334    11996.666666666666    24618.0    36084.0    33866.0    30977.000000000004    21264.000000000004
14101.0    19986.999999999996    25322.333333333332    37285.666666666664    33956.333333333336    31511.333333333332    16936.0    14068.666666666666    7343.666666666667    7064.666666666666    6328.333333333334    4228.333333333333    5233.666666666666    4124.333333333333    3642.0    3942.666666666667    3038.666666666667    4221.666666666667
11818.000000000002    21309.0    19026.666666666668    35705.666666666664    30125.0    25802.999999999996    15549.333333333334    14155.333333333334    7062.0    7784.0    5795.666666666667    5513.666666666667    4218.0    4806.666666666666    5306.666666666667    4467.0    3397.3333333333335    3910.333333333333
13656.0    21465.666666666664    29700.666666666664    29985.999999999996    26982.0    32734.666666666664    19684.0    12842.666666666666    9557.666666666666    7593.000000000001    6127.0    5666.333333333333    5535.333333333333    4203.666666666666    4681.333333333333    4100.666666666666    3850.0    5537.666666666667
2987.3333333333335    4557.666666666667    3357.333333333333    4266.333333333333    3377.6666666666665    3769.6666666666665    2834.666666666667    6075.333333333333    5915.0    7433.666666666667    9829.666666666666    15849.0    18901.0    27213.999999999996    24779.666666666668    33787.0    28563.0    26298.333333333332
4387.666666666667    3646.6666666666665    2897.3333333333335    3939.0    3932.666666666666    4610.333333333333    6538.333333333334    4818.333333333334    7416.333333333333    6886.666666666667    11813.0    16840.0    18953.333333333332    22409.666666666664    23327.333333333336    23595.0    21655.666666666664    24306.666666666664
3750.6666666666665    3366.0    3167.0    3444.0000000000005    5001.666666666666    3474.333333333333    6449.666666666666    6545.666666666666    7068.666666666666    6047.333333333333    11422.0    16269.666666666668    22597.666666666668    22068.0    22380.000000000004    29030.000000000004    20986.666666666668    22174.333333333332
3620.333333333333    3373.0    4465.333333333333    4197.333333333333    5075.333333333333    4165.333333333333    6367.333333333334    3938.0    5564.0    8395.333333333332    13336.000000000002    20210.333333333332    19547.333333333336    16027.000000000002    19326.666666666664    23372.666666666668    17236.666666666664    16836.0
2991.3333333333335    3369.666666666667    4526.0    4408.0    5614.666666666667    4353.666666666667    5674.0    8993.333333333332    9143.333333333334    12150.666666666666    16126.666666666668    15608.333333333332    12789.333333333334    15979.999999999998    20477.0    19053.666666666668    19227.0    16427.0
11430.333333333334    12453.666666666668    18029.666666666664    19149.0    24826.666666666668    10480.666666666668    14246.666666666666    10837.333333333334    10795.666666666666    14455.666666666668    10999.666666666666    12066.333333333332    8660.666666666666    6260.666666666667    4865.333333333333    4412.333333333334    4129.666666666666    4285.0
11588.333333333332    8517.666666666666    11623.666666666666    15243.999999999998    13139.333333333334    10943.666666666666    11905.333333333332    12593.000000000002    11811.000000000002    13982.0    10828.666666666666    14137.666666666668    10729.000000000002    9523.333333333332    8026.666666666666    7228.666666666666    5548.666666666666    6953.000000000001
11365.666666666668    11352.0    14230.666666666666    15192.000000000002    19384.666666666664    13478.666666666666    10717.333333333332    7703.0    10633.0    10291.666666666666    8792.0    6683.666666666667    9113.0    10283.333333333334    10357.333333333334    8290.666666666668    7714.666666666667    5813.333333333334
9652.666666666666    12091.666666666666    11925.666666666666    15063.333333333332    15489.666666666668    9609.666666666666    6785.666666666667    7894.666666666668    8634.333333333334    8663.0    7231.666666666667    7971.666666666667    6963.666666666667    6287.666666666666    8995.999999999998    6580.0    9370.0    10060.666666666668
6660.0    7466.666666666667    11676.000000000002    14573.333333333334    15183.666666666666    9711.333333333334    9545.0    7392.0    9530.999999999998    6641.0    7930.333333333333    6438.333333333333    7967.999999999999    5642.666666666666    7709.333333333333    6552.666666666667    8331.666666666668    5436.333333333333
8459.333333333334    8505.666666666666    11054.666666666668    11739.999999999998    18464.333333333336    12533.999999999998    7162.333333333333    6815.666666666667    9819.333333333334    12015.666666666666    10371.666666666668    8218.0    8112.333333333333    5319.666666666667    9500.333333333332    7061.666666666666    8070.333333333332    7873.0
10456.0    7265.333333333333    8435.333333333334    7913.333333333334    8590.333333333334    8116.333333333333    11384.0    10217.0    10980.666666666666    14587.0    12659.666666666668    12195.666666666668    11705.0    11871.0    19495.333333333332    20650.0    17299.666666666664    13326.666666666668
2938.666666666667    4484.666666666667    4094.3333333333335    5760.333333333333    3643.666666666667    3796.6666666666665    5029.999999999999    6108.666666666667    6104.999999999999    8720.333333333334    13182.333333333332    19594.333333333332    17248.333333333336    20676.333333333332    23613.666666666668    24266.999999999996    24716.666666666668    19769.666666666668
3894.0    3846.0    3070.333333333333    4388.0    4374.0    4263.0    5231.666666666667    5537.0    5818.333333333334    8095.999999999999    10404.333333333334    14622.333333333334    15486.666666666666    23304.0    26179.000000000004    29823.0    33017.66666666667    28698.666666666668
3974.3333333333335    5183.0    3497.3333333333335    3931.0    3944.9999999999995    5745.666666666667    3284.0000000000005    4470.666666666667    6752.666666666667    7674.666666666666    8654.333333333334    12218.666666666666    18187.333333333332    27022.333333333332    32073.000000000004    28953.333333333332    27529.333333333332    24050.666666666668
10234.333333333334    21465.333333333332    28423.666666666668    33536.333333333336    31194.666666666668    30848.333333333332    23337.666666666668    12059.0    7800.333333333333    6887.666666666667    7636.0    6076.666666666667    4416.666666666667    5152.666666666667    3532.0    4935.0    4078.3333333333335    5121.666666666666
3889.0000000000005    3777.0    3770.3333333333326    4056.0    3584.6666666666665    4841.333333333333    4568.333333333333    4568.000000000001    6212.333333333333    7070.0    8670.666666666666    10212.333333333332    17795.333333333336    24864.666666666668    31311.666666666668    36234.666666666664    36388.66666666667    25832.666666666664
3838.3333333333335    3593.333333333333    3336.3333333333335    4207.333333333334    3727.3333333333335    3243.333333333333    4502.0    5436.0    5639.999999999999    4993.0    6502.0    11740.666666666668    13813.999999999998    22386.33333333333    33272.0    36820.666666666664    30186.666666666664    27165.0
3058.6666666666665    3061.3333333333335    6210.333333333334    4616.666666666667    5616.666666666667    4310.0    5770.0    5213.0    4782.0    5751.0    7113.0    9205.0    15025.0    23173.999999999996    37205.66666666667    40730.66666666667    32486.666666666668    21604.333333333336
4378.0    3860.333333333333    4985.0    3996.3333333333335    4004.333333333333    4116.0    5038.666666666667    4751.0    5331.333333333333    6318.666666666666    6727.0    7462.666666666668    12371.0    26095.000000000004    29448.666666666664    43089.99999999999    33828.666666666664    22910.333333333332
4477.333333333333    3775.6666666666665    3298.0    4745.666666666666    3336.3333333333335    3354.3333333333335    3940.9999999999995    5057.333333333333    6157.666666666667    9310.333333333334    9837.999999999998    8665.0    7884.666666666667    22962.999999999996    37560.333333333336    40548.66666666666    34611.333333333336    21122.0
3586.0    3025.3333333333335    4931.333333333333    3693.666666666667    3459.3333333333335    4438.0    4140.333333333334    4890.333333333333    4613.333333333334    6375.666666666666    6457.666666666666    8705.0    10430.0    21917.333333333332    35435.00000000001    40919.0    32366.666666666664    17769.0
3815.666666666667    4416.666666666666    3248.9999999999995    4289.0    3725.333333333333    3740.6666666666665    4508.333333333334    3205.6666666666665    4106.0    6613.666666666666    6703.666666666668    9609.0    13680.666666666666    18726.666666666668    39476.333333333336    44401.666666666664    34963.66666666667    18150.333333333336
7427.0    9157.666666666668    21651.0    35015.333333333336    27498.333333333332    22245.333333333336    13891.0    10286.666666666666    6416.666666666667    7489.333333333334    5624.333333333333    4640.666666666667    7071.000000000001    11314.333333333336    12654.666666666666    16175.333333333334    14114.666666666666    8998.000000000002
