15433    26661    63317    58775    35381    16529
14233    26463    57561    52030    36268    26051
13424    32854    42313    54109    38789    28625
13887    26247    41833    47538    31707    14734
6929    7660    7820    7155    9523    6805
16795    19470    42813    50549    25246    22706
13711    18595    34173    37381    30113    16190
16917    25029    32305    67889    45024    20543
14671    22717    27569    44013    28093    12850
13235    19280    36702    38985    30789    19588
10629    18433    22079    25699    27185    17342
13434    19729    35669    42678    46169    22924
15984    21520    37540    46755    33596    20551
11926    20284    53843    47241    42869    24168
20207    27834    53733    45845    29674    24387
15422    23250    40307    62656    46907    19884
20292    34385    63450    51200    41768    20520
17116    28642    61608    55150    37669    24915
12552    35424    42238    66453    44211    25517
16624    21019    50088    71591    54142    22039
15237    26666    52480    64094    54635    25020
