23327    21096    23388    18595    18864    26987    19459    12147    11946    9762    6488    4759    2615    5075    6652    4936
20289    17514    19054    23843    19668    19736    13494    20114    12557    10954    5758    7793    7758    5255    2928    5891
19274    23575    15004    21938    14114    17743    12474    16189    18215    14171    9009    7113    6548    6184    3591    4972
16047    9784    20983    14507    10325    8990    15828    12527    11928    15721    11714    9454    5812    3990    4146    4190
2467    2086    2248    2557    4273    2565    3457    2383    3122    3544    2901    2591    1589    4031    1840    4238
13579    12151    10867    13118    11697    8319    11553    7787    14459    9267    12047    16329    11289    9318    7445    8354
8164    12722    7628    9416    10368    8193    6506    7676    9919    12174    5972    7785    12122    10538    13144    7836
14016    23683    17242    17483    11507    14066    12179    14384    10084    13208    10648    9877    7819    11437    9338    10736
12117    12136    10614    11277    13890    12285    11662    6361    8866    7325    9224    9054    5340    8281    4348    7133
14573    13822    7523    17872    8305    9575    8106    7042    13389    8182    8922    8575    7108    7383    10054    8148
4608    8344    6017    8740    6505    10452    6483    8953    4958    10025    11484    5965    5488    6961    9243    7141
8628    8134    6004    10872    8983    10082    13088    23052    19983    9979    13005    8447    9607    8999    12455    9285
15825    18013    13583    13502    9261    11435    13858    14155    13175    12972    11453    7438    5860    5068    6372    3976
4735    5832    5741    5504    8332    11257    14053    15175    17436    19405    13376    11388    19505    16680    17426    14486
19000    20817    13315    18804    13897    17940    19012    20889    14149    11449    5381    9650    4952    5225    4275    2925
6931    3902    4099    4578    6599    8220    4847    9788    16935    20684    25307    20838    21313    23144    18556    12685
27769    22305    18017    28729    21654    24771    20521    17008    8001    8754    9238    3709    4116    7987    5390    3646
30022    20238    21751    22588    23615    23471    17373    19232    9526    5368    8550    3715    4730    2837    5845    6239
5240    3828    4684    2426    4715    7126    6145    11644    11574    14804    28161    27211    30541    24980    18664    24652
4149    3580    5242    7120    2910    6961    5675    6377    11221    13206    23911    25815    27526    32603    28719    30488
3588    4397    4579    5663    7438    5438    5656    7108    7187    9858    16834    21813    34154    33807    42060    28552
