10691    11970    20845    40949    25434    16039
10902    12253    27303    37274    25612    14102
12621    15324    23775    37724    30208    14763
10015    8772    19695    42150    30470    13950
12092    14259    23130    27943    16757    17507
9861    14059    27378    32826    27833    15548
13823    18305    32368    34162    32507    15861
11026    14950    23619    29555    29845    13687
9283    11155    21490    26338    23844    14146
9046    14044    22532    24678    27044    10020
10732    11329    20617    31191    25308    14532
11968    15984    21466    34036    23414    13503
9762    14574    24329    19531    20234    15499
10191    10110    21822    24085    17092    13220
10295    11039    17896    26081    22352    12744
6610    9625    17423    18449    20447    13101
9991    12040    18695    32437    19833    13802
11983    10183    23095    21181    14301    10398
11937    12125    25939    27491    22242    17907
7611    8515    15669    31507    21999    11711
10411    14036    23232    26521    26216    19108
15368    18401    27712    26874    28186    11954
9545    14524    28315    34083    23451    15741
11904    15431    31912    34330    23609    12877
17892    12008    22790    30895    22794    11934
11236    14182    20210    30353    25553    14621
