6072    18175    24327    19977    14928    8156    4008    6001    3818    2641    4438    2514    3912    2108    2435    2418
16985    10956    13630    11450    12797    11309    9279    8824    4363    5065    3599    4883    2836    3495    3740    4235
12176    13758    13040    17042    10592    9613    13414    6933    6440    8191    4220    3684    4502    3825    2368    4617
14082    15498    9021    8004    15710    13116    13070    5949    6141    3916    3191    5271    2864    3364    3010    2845
4004    3406    3436    2638    5772    4334    3399    2707    3907    7877    9398    9149    20160    12395    10957    8149
14380    12168    11385    10988    12259    12784    9393    4869    5799    7358    3523    4838    4992    5317    3484    3968
12078    16418    11856    11873    16497    15654    15614    16544    5065    5361    5961    2060    3787    2289    3430    2539
13483    13006    9489    9626    11175    7782    9924    12624    6788    7563    4716    3952    3467    2079    3078    3930
12728    5972    5709    7362    9332    8441    9146    8157    9405    6584    4871    3853    3489    3149    4138    3920
8481    7916    10484    9829    8296    5930    9101    8324    7133    11884    4792    3121    3364    3888    2413    2408
8806    8991    6714    8330    9289    7523    10343    5159    10492    6957    7084    7735    2725    2850    3211    7500
6850    5356    9170    8224    8590    5602    12525    6050    9273    8511    8415    11009    6490    6583    5497    2226
2760    2691    2746    8010    8841    6817    10434    8788    5902    4415    10744    4853    7662    5801    7161    6304
2309    3730    3560    7416    8109    7761    8818    4388    8560    5069    4794    5012    7154    6884    6689    6267
3461    5042    4768    6536    6775    8183    6048    9098    5521    6184    5724    5987    9404    5462    5264    6950
5005    8087    7080    9099    4492    4607    7542    4987    6409    3544    3318    3648    3418    3679    5571    5169
11300    8035    5876    4496    8022    10668    6035    5543    8209    7328    5378    4210    4238    5772    3522    8166
8082    7217    4422    4401    3579    6864    6065    5800    7387    6692    4845    5728    6593    4668    4751    4047
7990    12781    3799    7205    6295    6385    6693    5268    10217    8949    9582    8158    7471    7680    4511    4657
8759    4398    3434    4293    3027    4571    7672    8897    9237    10152    7203    6250    5768    6423    3188    3740
6383    11520    9298    8029    6978    8931    7376    7384    11071    11713    8328    4277    5181    6589    2936    3530
12445    10866    9184    5292    8236    10934    8360    11981    12077    8127    5899    5540    5830    5878    3598    4248
9599    9634    11605    11552    11585    12495    13128    6819    6633    7361    4147    5842    4334    2937    4230    3758
12984    13844    11672    7988    11388    19514    10516    7436    3612    5493    3363    5250    3362    5553    5084    3004
14491    7325    7938    8867    12741    9750    15400    11026    6487    5763    2506    6486    2309    2932    1989    2303
11059    12356    17817    9980    9487    10948    8040    7008    5213    2825    2811    4122    3493    3659    3323    4014
