19491.333333333332    46147.66666666666    65518.0    60578.333333333336    30944.666666666668    14881.0
26031.333333333332    41640.0    64167.33333333333    59061.66666666668    30555.666666666664    18747.333333333336
24629.333333333332    44358.00000000001    64252.99999999999    59221.66666666666    30696.66666666667    20366.333333333332
18061.666666666668    34769.666666666664    62924.66666666667    58927.666666666664    37231.66666666667    17911.0
18319.333333333336    32743.666666666668    62035.333333333336    63672.666666666664    35017.666666666664    17393.666666666664
15421.333333333332    34692.33333333333    64378.0    63777.0    38186.666666666664    21420.000000000004
14884.666666666664    33711.333333333336    63391.0    56127.33333333333    32371.999999999996    18994.666666666664
15581.333333333336    31662.333333333336    52950.333333333336    57442.66666666666    34599.333333333336    17786.000000000004
17251.333333333336    32724.666666666668    59556.666666666664    61802.33333333333    37654.666666666664    15612.333333333334
19893.333333333332    27318.999999999996    57997.66666666667    56784.99999999999    37005.66666666667    16453.333333333336
17287.333333333332    30045.666666666668    52721.333333333336    57331.0    31565.333333333336    16802.666666666664
15915.0    27313.0    52300.00000000001    55115.66666666667    34752.66666666667    21877.0
20624.666666666668    30200.666666666668    57723.0    49104.00000000001    30826.666666666668    19100.66666666666
16033.333333333334    32068.999999999996    46272.99999999999    48116.333333333336    26630.0    16457.333333333332
15653.333333333332    27887.999999999996    48795.33333333333    48609.0    30213.666666666664    18578.333333333332
17417.666666666668    29531.333333333332    50590.66666666667    48860.66666666667    28546.33333333333    18996.0
14596.999999999998    28517.999999999996    40575.333333333336    40328.66666666667    22027.0    13879.333333333334
18911.333333333336    26809.33333333334    32871.0    36580.00000000001    19358.000000000004    17609.666666666668
20414.999999999996    41163.00000000001    60792.333333333336    52109.66666666668    31992.666666666664    19250.333333333332
20277.666666666668    40182.666666666664    61267.66666666666    57852.33333333334    27810.33333333334    18020.999999999996
26903.66666666666    44296.00000000001    67655.33333333331    54078.66666666667    24891.66666666666    20340.333333333332
18272.666666666668    40811.00000000001    63392.66666666667    59849.33333333334    32126.33333333334    18554.333333333332
20952.0    44071.66666666668    65087.00000000001    59907.0    30782.666666666668    17569.333333333332
22798.333333333332    42226.0    67196.33333333331    59657.33333333334    31048.0    18144.333333333336
18408.999999999996    42437.0    64495.33333333333    57890.33333333331    31983.999999999996    19352.000000000004
21465.333333333332    41298.666666666664    69137.66666666666    55352.00000000001    29829.333333333336    20288.999999999996
21602.666666666664    48176.333333333314    71954.33333333333    56329.333333333336    28227.0    17490.333333333336
22701.33333333333    44146.99999999999    63437.00000000001    53918.0    26857.333333333332    18178.333333333336
22262.666666666668    48854.00000000001    62121.00000000001    54368.66666666667    26784.000000000007    17711.666666666664
18982.0    34893.66666666667    60150.666666666664    58660.33333333333    36592.666666666664    16698.0
20419.000000000004    44381.666666666664    64304.666666666664    59615.333333333314    30639.000000000004    16761.0
