10377.333333333334    17381.666666666668    27461.0    37145.0    40180.99999999999    28224.666666666664    16108.666666666666    8384.666666666666    9662.0    6326.666666666666    5609.666666666667    5755.666666666668    5014.666666666666    4519.333333333333    4336.333333333333    4190.0    3020.333333333333    3862.3333333333335
9741.0    14106.666666666668    29925.0    39349.33333333333    40701.333333333336    25259.000000000004    15281.666666666666    10779.0    10724.0    6275.333333333333    6646.333333333333    4777.0    4286.333333333333    3824.0000000000005    4310.333333333334    4459.666666666667    5765.0    3992.3333333333335
10812.000000000002    18932.0    31499.0    42852.66666666667    37512.0    24746.666666666668    18294.000000000004    9584.333333333332    8661.666666666666    6571.0    3994.6666666666665    4246.0    3873.0    3389.6666666666665    6546.666666666667    4088.3333333333335    4345.333333333333    3576.0
5296.333333333334    3859.6666666666665    4814.666666666666    3231.3333333333335    4764.0    3609.6666666666665    3754.0    4349.0    6956.333333333333    5732.666666666666    5954.333333333332    7812.666666666667    16168.333333333334    25967.333333333336    33785.0    36137.33333333333    32810.333333333336    24823.333333333332
3124.6666666666665    4892.333333333334    3736.3333333333335    4345.0    4524.333333333334    3915.0    5049.333333333333    4212.0    4218.666666666667    6296.0    7103.333333333333    9047.666666666664    13319.666666666668    23279.33333333333    33487.0    37931.0    33808.0    26892.666666666664
4018.6666666666665    3456.666666666666    4546.333333333333    3895.333333333333    3356.666666666667    4069.666666666667    4277.0    4266.666666666666    5846.0    6905.0    6919.333333333334    11392.0    16764.0    26903.0    36786.66666666667    32919.0    34770.666666666664    26782.666666666668
4020.666666666666    3253.3333333333335    3202.333333333333    3566.0    4253.666666666667    3942.3333333333335    4923.0    4259.666666666666    5237.0    6379.333333333333    8758.0    12024.999999999998    16806.000000000004    24117.0    32067.333333333336    33268.333333333336    27744.666666666668    21657.333333333332
3601.3333333333335    2480.666666666667    3909.3333333333335    3733.666666666667    3795.333333333333    3816.6666666666665    5044.666666666667    5697.333333333334    6949.666666666667    5849.333333333333    6744.666666666666    13351.333333333334    17481.999999999996    26917.666666666668    27937.333333333336    28202.666666666664    22548.666666666668    21959.666666666664
3372.333333333333    4032.6666666666665    3227.0    3637.3333333333335    4090.9999999999995    3728.0    4395.333333333333    4325.666666666667    5360.666666666667    9994.666666666666    9200.333333333332    15146.666666666668    19021.666666666668    22678.666666666668    29413.333333333332    29015.33333333333    30303.999999999996    23657.333333333336
3508.333333333333    4189.666666666667    4078.0    3498.0    4586.333333333333    4619.333333333334    3694.333333333333    5825.333333333334    6618.000000000001    6988.333333333333    12174.0    20792.333333333332    19628.0    22424.999999999996    23639.66666666667    23882.0    24778.666666666668    20528.666666666664
4781.000000000001    4651.0    3550.333333333333    4987.666666666667    3237.3333333333335    3597.6666666666665    5641.333333333333    6372.333333333333    6799.666666666666    9946.000000000002    15910.0    17198.666666666664    15253.666666666668    16992.333333333336    24203.333333333336    24613.0    17823.0    20195.0
4648.0    3845.333333333333    3613.666666666667    5106.333333333333    3481.333333333333    6774.333333333333    4482.333333333334    6582.666666666668    9997.333333333334    15077.333333333334    18324.666666666668    16849.0    14463.0    12110.666666666666    17705.333333333336    27570.333333333336    18268.333333333332    18373.333333333336
3807.0    5456.999999999999    5063.666666666667    5479.333333333333    4039.0000000000005    8377.333333333334    7843.666666666666    10363.666666666666    14886.333333333334    14631.666666666668    14382.333333333334    11532.0    13695.333333333334    11573.333333333334    19399.333333333336    21314.333333333336    21423.0    14311.333333333334
3424.0000000000005    4140.333333333333    4765.333333333334    5113.333333333334    5356.666666666666    8164.0    12532.666666666666    12560.666666666666    10963.666666666668    14111.666666666666    10058.333333333332    11170.333333333332    10381.666666666666    11887.0    16478.333333333332    18680.0    15819.0    9972.0
3972.0000000000005    4472.666666666667    7128.666666666668    8110.333333333332    12911.999999999998    11662.000000000002    14417.000000000002    9820.666666666666    10383.333333333334    10804.666666666666    9836.0    11096.0    10648.0    10364.0    14638.333333333334    15681.333333333334    12903.0    10887.666666666668
7777.0    10572.666666666666    10703.0    8112.666666666666    10497.0    11656.666666666668    11303.333333333332    9779.999999999998    9474.333333333332    9606.666666666666    7863.333333333334    9352.666666666668    7579.666666666666    9680.333333333334    13498.333333333334    21880.333333333332    14352.333333333332    10252.333333333334
10398.0    9421.666666666666    12468.333333333334    16812.666666666668    13000.666666666666    9792.666666666668    7088.666666666667    5667.333333333334    8529.0    8684.666666666666    9123.999999999998    8460.0    6001.999999999999    6531.000000000001    8847.333333333332    4743.333333333334    6930.0    7424.0
8747.666666666668    9063.333333333334    11095.666666666666    16063.333333333334    14488.333333333334    10132.666666666666    9742.333333333332    6571.333333333333    8582.0    7875.666666666667    5849.0    6041.666666666667    6392.666666666667    6292.333333333333    6241.999999999999    6066.0    6249.666666666667    6643.666666666667
16794.333333333332    17971.0    19734.333333333332    24917.666666666668    21128.0    18129.666666666664    12751.666666666666    14889.333333333332    19533.666666666668    15730.333333333332    8269.0    7909.666666666666    5720.000000000001    5358.0    4944.666666666667    3822.3333333333335    4079.6666666666665    4039.666666666667
18947.0    18602.0    17180.0    26844.0    22514.666666666664    19956.000000000004    19546.666666666668    19323.333333333332    15312.999999999998    7975.333333333334    6298.0    6816.333333333334    5885.333333333333    5054.0    4170.0    3337.0000000000005    3971.6666666666665    3677.3333333333335
21338.333333333332    24325.0    22487.666666666668    28980.666666666664    23378.666666666668    22689.666666666668    23237.666666666668    13926.0    12827.0    8137.666666666667    6079.666666666667    5932.333333333333    5496.0    4959.666666666667    3252.333333333333    4144.0    3249.666666666667    3723.666666666667
16138.333333333334    21712.0    30292.666666666664    30257.666666666664    26036.333333333336    22853.0    18673.333333333332    13897.0    10718.333333333334    6627.000000000001    6431.666666666667    4187.333333333333    4475.0    4389.333333333334    4244.333333333333    4099.333333333333    3930.3333333333335    4043.3333333333335
14129.333333333336    17817.000000000004    32770.0    31172.0    28766.0    28730.333333333332    18415.666666666664    13483.666666666666    7233.666666666667    7361.666666666667    7375.0    6399.0    4520.333333333334    3264.6666666666665    5114.333333333333    3811.666666666667    4907.333333333333    3098.0
11234.333333333334    21988.333333333336    27351.666666666668    40328.333333333336    27065.666666666664    27803.000000000004    18750.333333333336    11746.0    9144.333333333332    6321.0    7349.999999999999    6215.333333333334    4151.333333333333    4834.666666666666    4674.666666666666    4528.0    3178.666666666667    4404.666666666666
11791.0    17741.666666666668    32416.333333333336    35692.666666666664    34744.66666666667    25536.333333333336    14733.666666666666    10169.333333333332    6220.333333333334    7220.0    6582.666666666667    4994.333333333334    5917.333333333333    3124.3333333333335    4802.666666666667    3965.6666666666665    4393.666666666666    4521.000000000001
11196.0    16958.0    28626.666666666668    36760.666666666664    39186.666666666664    26254.999999999996    17912.666666666664    9644.666666666668    8055.666666666666    6552.0    6756.0    5471.999999999999    3744.0    3664.0    5604.0    2970.3333333333335    4137.666666666666    3876.0
14245.666666666666    18406.666666666664    28942.0    38837.666666666664    39028.0    23407.333333333336    15109.333333333334    14209.000000000002    7768.666666666667    7066.666666666666    7931.666666666667    4410.666666666666    4109.666666666667    3742.666666666666    5056.666666666667    3224.0    4267.0    4016.666666666667
10192.000000000002    15721.666666666668    26268.666666666668    37110.00000000001    35035.666666666664    22680.0    20312.333333333332    9621.666666666668    8661.333333333332    8343.666666666666    6406.333333333333    4636.0    4167.666666666667    4453.666666666666    3937.3333333333335    4292.666666666667    4239.0    3159.333333333333
9970.333333333334    13180.0    29650.0    45464.00000000001    37653.66666666667    23374.0    14707.666666666664    10077.000000000002    8993.666666666666    5455.333333333334    4511.0    4782.666666666666    3703.333333333333    3873.3333333333335    5048.333333333334    3513.333333333333    4256.666666666667    3887.666666666666
4088.3333333333335    4026.3333333333335    3084.6666666666665    3974.6666666666665    3821.666666666667    4874.333333333333    4929.999999999999    5639.666666666667    5621.0    5263.0    8545.333333333334    8468.666666666666    11619.0    23001.0    33246.33333333333    39535.0    35298.0    20940.333333333336
7967.333333333333    15680.999999999998    27131.000000000004    43626.99999999999    37399.99999999999    29748.666666666668    14314.666666666666    7924.000000000001    8685.666666666666    7895.000000000001    5970.666666666667    5591.333333333333    4436.0    3692.333333333333    4979.0    3267.333333333333    3991.3333333333335    3818.3333333333335
