18807.333333333332    29968.0    68582.66666666667    88689.66666666669    78455.0    43566.66666666667
17573.0    23235.000000000004    52576.666666666664    79048.66666666667    83584.33333333334    47354.99999999999
17514.666666666668    25798.999999999996    54527.333333333336    82681.00000000001    81370.66666666667    47834.00000000001
20696.33333333333    31345.000000000007    68168.0    88319.33333333331    80846.66666666666    43408.666666666664
17858.33333333333    29196.666666666664    66784.33333333333    92686.0    75631.33333333334    39969.99999999999
21652.000000000004    27657.000000000004    59927.33333333334    86620.0    89363.00000000001    44485.33333333333
21763.0    28234.0    60573.999999999985    87062.33333333333    76950.33333333334    44825.99999999999
17854.333333333332    21003.333333333332    42843.0    81951.0    78977.0    46126.33333333333
15030.000000000002    18408.666666666664    49580.33333333333    77278.33333333333    63169.33333333333    42906.666666666664
15173.666666666666    23467.666666666668    40099.333333333336    65127.666666666664    72365.33333333333    45447.0
17320.33333333333    23141.666666666664    43431.0    66590.0    73093.33333333333    41100.666666666664
21048.333333333332    26421.0    47465.999999999985    74265.33333333334    71118.0    40459.66666666667
19025.333333333336    27177.666666666668    57060.666666666664    68080.0    67540.66666666666    38685.00000000001
15849.000000000004    27206.666666666668    41883.66666666667    73137.66666666666    65063.33333333335    44569.0
18889.33333333333    24966.0    43218.00000000001    57126.99999999999    59836.333333333336    37836.0
17101.666666666668    22732.999999999993    34120.33333333333    56960.000000000015    58670.0    37562.33333333333
21750.666666666664    20837.666666666668    51185.333333333336    68876.33333333333    68559.33333333333    44047.66666666667
21106.333333333332    27976.666666666668    56483.33333333333    76205.0    70748.66666666666    41097.666666666664
20404.666666666668    27893.333333333325    59567.0    82474.66666666664    80538.00000000001    36943.66666666668
18107.333333333336    25207.000000000004    53611.333333333336    77784.33333333333    73135.66666666666    46242.000000000015
18744.333333333332    24530.000000000004    60668.33333333334    96236.33333333333    72125.66666666669    42371.66666666668
17917.66666666667    25679.333333333332    62417.66666666668    85481.66666666666    74645.66666666666    42894.66666666666
18058.666666666668    29091.666666666668    60020.00000000001    81590.0    76168.0    44918.00000000001
14920.666666666668    28081.66666666667    61002.0    85200.33333333334    77400.33333333333    46323.66666666667
18642.000000000004    26900.333333333336    58112.00000000001    84633.33333333331    75524.33333333334    44742.00000000001
20552.333333333336    35976.99999999999    65402.99999999999    93447.0    81040.0    45896.666666666664
18664.0    19805.333333333332    58188.666666666664    83378.66666666667    84498.66666666666    49578.66666666667
18253.333333333332    16746.333333333336    50046.333333333336    84096.66666666666    74239.66666666666    51201.33333333333
20170.333333333332    28600.666666666664    62327.33333333333    81871.99999999999    77513.0    43908.66666666667
17955.0    22331.666666666668    55603.66666666666    79358.00000000001    73063.33333333334    52871.333333333336
18599.0    19918.0    51748.333333333336    76006.33333333334    81267.0    53455.33333333333
