11554.666666666668    29899.666666666664    51100.00000000001    51849.0    50192.333333333336    37488.666666666664    23521.333333333336    14770.666666666668    8736.333333333332    7011.0    8607.333333333332    6434.000000000001    5457.0    4481.333333333333    4525.0    4326.333333333333    4094.333333333333    4020.333333333334
11970.0    17770.333333333332    22863.0    31896.666666666668    30454.0    15669.0    9912.0    7478.0    7328.333333333334    6837.333333333334    6420.333333333333    8570.666666666668    16652.666666666664    19567.999999999996    25197.666666666668    27229.666666666668    21591.333333333336    15963.666666666668
9635.0    10372.666666666666    16760.333333333332    19954.0    21570.333333333332    16695.666666666668    9646.333333333334    7870.666666666666    7769.999999999999    7558.333333333334    7336.666666666666    10226.666666666668    21737.666666666664    25714.333333333336    30525.000000000004    29997.666666666664    32551.666666666664    23803.666666666668
17689.666666666668    31008.333333333332    44285.0    55527.66666666667    46324.666666666664    37609.0    23697.0    12709.666666666666    9911.333333333334    8066.999999999999    6520.666666666668    7501.666666666667    7748.333333333333    5865.666666666667    4514.0    3858.666666666667    5778.666666666667    4167.0
19976.333333333332    34975.333333333336    40591.99999999999    49029.0    45658.333333333336    32612.000000000004    25387.333333333332    14274.666666666668    10092.333333333334    7479.666666666666    8429.666666666666    5228.666666666666    5898.666666666667    4377.666666666666    4948.0    3915.0    4164.333333333333    5087.666666666667
22907.666666666668    33227.33333333333    45747.333333333336    38288.666666666664    48791.33333333333    37173.666666666664    28135.333333333332    18019.666666666668    6763.999999999999    6044.000000000001    8283.333333333334    6594.333333333334    5794.666666666668    5605.0    4439.333333333333    4676.666666666666    5208.666666666666    4003.666666666667
27786.666666666668    28941.000000000004    39964.66666666667    38264.666666666664    43143.33333333333    32909.00000000001    26747.666666666668    18967.666666666668    11981.0    7865.666666666667    7839.666666666667    8649.666666666666    5719.999999999999    4919.666666666666    4004.0    4951.333333333333    3493.0    3261.0
4819.333333333333    3208.3333333333335    3959.666666666667    4374.666666666667    4378.0    4787.0    7231.666666666666    7147.666666666666    5420.666666666667    8048.666666666667    10552.666666666668    19702.666666666664    28995.666666666668    35913.0    35006.333333333336    35157.333333333336    34159.0    35892.666666666664
3836.0    4480.666666666667    5842.0    4422.333333333334    5539.666666666666    4213.0    8101.0    7940.333333333333    5122.333333333334    7298.666666666667    15854.333333333334    22571.666666666668    24138.0    27889.333333333332    29058.000000000004    31475.666666666668    30104.000000000004    28486.333333333332
3429.666666666667    3742.0000000000005    5179.666666666667    5610.666666666667    3779.333333333333    5052.0    8722.666666666666    6508.666666666667    4974.666666666666    14356.666666666668    16687.0    25259.666666666664    25001.999999999996    25529.666666666668    30585.33333333334    26972.666666666668    22704.333333333336    27584.0
3597.3333333333335    4805.666666666667    5791.333333333334    5923.666666666667    4514.333333333334    4947.666666666666    5709.0    8290.0    10863.333333333334    19658.333333333332    20340.666666666664    21803.0    23184.666666666664    22865.333333333332    24002.0    27143.666666666664    25263.333333333332    25973.666666666664
20611.333333333336    22238.333333333332    23200.333333333332    25669.666666666668    22392.666666666668    21656.0    17843.333333333336    19545.666666666664    18990.0    19210.333333333336    16033.666666666668    13325.666666666668    10501.333333333336    6773.666666666667    7793.0    3964.3333333333335    4808.333333333333    6220.666666666667
16685.666666666668    16488.666666666668    20236.0    24479.333333333332    25139.333333333336    16041.333333333334    19106.999999999996    16161.0    17811.666666666668    17729.0    19699.333333333336    18837.666666666668    13425.333333333332    11390.333333333332    8469.666666666668    5087.333333333333    5461.333333333333    5319.333333333333
14285.666666666664    16602.000000000004    20186.333333333332    23867.333333333336    26674.666666666668    18497.0    14402.333333333334    11371.0    13301.333333333332    15868.0    13172.333333333334    12056.333333333334    16060.000000000002    16447.0    14460.333333333334    7588.666666666666    7754.333333333333    5114.666666666667
13904.0    13661.000000000002    14216.0    18465.666666666668    16309.333333333334    16214.0    13341.333333333332    11804.0    14164.666666666668    12642.333333333332    10678.333333333334    14265.666666666668    10675.0    13049.666666666668    12283.666666666666    12852.999999999998    12914.666666666666    10430.333333333334
12891.666666666666    11672.0    15241.666666666666    18176.666666666668    21166.333333333332    14615.999999999998    10985.666666666666    11945.0    12143.333333333334    9478.333333333334    9812.333333333332    13867.666666666666    12379.333333333334    10311.333333333334    9092.0    9849.0    9941.333333333334    13577.666666666666
12504.0    10448.666666666666    13510.333333333334    22144.666666666668    20631.333333333332    19174.666666666668    12505.999999999998    16702.666666666668    12698.333333333332    16542.333333333332    15702.333333333334    15157.666666666666    16363.666666666666    16717.0    14896.666666666666    12435.666666666666    13048.333333333332    14072.666666666666
23463.0    23628.0    24617.999999999996    28982.0    29121.999999999996    22371.0    17456.333333333332    19823.0    21718.333333333332    18035.0    14488.0    10618.333333333334    6585.666666666667    6348.333333333333    7454.666666666666    6956.0    5560.333333333333    6389.666666666666
29341.0    28889.333333333332    27643.0    31387.0    26430.0    30685.000000000004    24985.0    24624.333333333332    22777.666666666664    14819.666666666666    8623.333333333334    6879.333333333333    4603.666666666667    8091.0    4827.999999999999    5279.666666666667    4541.666666666666    3392.6666666666665
21254.333333333332    27689.666666666668    33393.0    29712.999999999996    30392.333333333332    33576.333333333336    30705.666666666664    22242.666666666668    16233.666666666668    9153.666666666668    7300.333333333333    6422.333333333333    4474.0    4243.0    4678.666666666666    4054.3333333333335    4243.666666666666    4317.0
22870.0    33427.0    38817.99999999999    37746.333333333336    32346.333333333332    33339.333333333336    29133.666666666668    21150.0    14266.666666666666    8012.666666666667    6766.666666666666    5674.666666666667    6907.666666666666    5377.333333333333    4541.0    4087.0    5257.333333333333    4954.666666666667
18732.333333333336    30445.666666666668    41652.0    38923.666666666664    38404.66666666667    37786.0    23465.333333333336    15499.666666666666    9426.333333333334    7197.333333333333    6510.000000000001    7186.333333333333    6372.666666666666    6809.666666666667    6078.333333333333    5089.666666666667    4563.0    4894.0
23674.0    28633.0    40628.666666666664    44006.333333333336    40452.33333333333    33216.66666666667    25357.333333333332    16337.0    8793.666666666666    8518.666666666668    6995.333333333333    6250.666666666666    4963.0    4092.0    4508.0    4570.0    4178.666666666667    4671.0
16194.0    27168.666666666668    37444.66666666667    48522.66666666667    46020.0    35097.666666666664    24904.000000000004    12747.0    8865.666666666666    8476.0    6230.333333333333    5235.666666666666    5660.666666666666    5604.666666666667    6871.0    6213.333333333334    6313.666666666667    5359.0
13969.0    28477.333333333332    32295.333333333336    44144.66666666667    39371.0    32441.66666666667    21525.666666666668    10558.333333333334    10427.666666666666    7374.333333333333    7907.666666666666    7333.0    6555.666666666666    7574.666666666666    10499.333333333332    11318.333333333332    9130.666666666666    7649.666666666666
18494.0    31643.333333333336    46495.666666666664    55564.0    52023.33333333333    37932.333333333336    22600.0    13863.999999999998    7690.999999999999    7684.333333333333    8760.666666666668    6577.666666666667    6835.333333333333    6794.333333333333    4962.666666666667    4388.333333333333    6282.333333333334    3722.666666666666
6466.333333333333    4690.0    4829.666666666666    3589.6666666666665    5722.333333333334    5155.333333333334    4931.333333333334    5833.0    6737.0    8723.666666666666    7974.333333333333    12333.333333333334    22244.0    33050.666666666664    52243.33333333333    56892.666666666664    43628.66666666667    29068.666666666668
6825.333333333333    2993.3333333333335    4094.0    4211.0    4124.0    5239.666666666667    6937.0    4775.666666666667    4626.0    8768.333333333332    9598.333333333332    9556.666666666666    20439.333333333332    33938.66666666667    51152.0    47628.66666666667    42775.66666666667    26900.0
9898.666666666666    23832.666666666668    46906.666666666664    52343.666666666664    50456.666666666664    41198.00000000001    21369.666666666664    10322.666666666668    7926.666666666666    7973.666666666666    6190.333333333333    6085.666666666666    6503.666666666666    5176.0    5454.333333333333    3979.666666666667    5012.0    3761.333333333333
5416.333333333333    8430.666666666666    16042.333333333334    19619.0    20363.0    10823.0    8775.333333333334    7066.333333333334    7916.666666666666    7364.666666666667    7477.0    9157.333333333332    12808.666666666666    25750.333333333332    40738.666666666664    39709.66666666667    33857.333333333336    19866.666666666668
3736.666666666667    3899.333333333333    4476.0    3908.333333333333    4273.666666666667    4348.0    4588.0    5879.0    5910.333333333333    7205.333333333333    8779.0    11301.0    16884.000000000004    33779.33333333333    52837.0    56121.33333333333    49176.33333333333    23891.333333333336
