14056    26244    38833    58155    68932    44148    29827    20960    14737    16428    7393    6119    4110    4655    4881    3154    4333    2402
13223    25880    39104    65188    61478    43046    24323    25608    9841    14150    9263    8943    5387    6277    4717    6220    7345    4252
17001    24574    46252    41831    54591    44077    32764    24021    12179    9900    9425    4588    6970    4429    4790    5080    3938    7591
4952    4320    5242    7311    8365    4647    4492    7122    8886    9388    10119    13839    31286    38208    47337    56946    49376    36785
4619    5124    3602    6962    3024    5611    5201    7369    7535    10158    8028    9519    23613    30961    41439    49263    35204    36904
4184    3930    3854    4960    4737    5183    5888    8062    9682    7816    15309    10426    25570    36318    38756    43428    45172    40865
4330    2683    2578    2793    2574    4140    3432    6005    6149    6478    13977    14946    23629    37223    43594    49597    35752    33952
3514    5922    4514    4931    4333    4214    3848    6486    10862    6897    16288    17976    32550    36618    41297    42409    45692    41374
3951    2202    3237    6067    5956    4180    8285    6258    8165    14153    22600    25028    24624    23357    36929    34114    39663    34203
27765    28444    29104    23032    28907    26878    23150    19940    32168    24634    13876    6433    10435    7087    3636    5895    5607    4000
26807    16464    32795    28204    34340    13960    24652    25247    28667    21393    16825    11345    5036    9171    6500    4854    5091    5955
15914    16814    23397    48800    36805    24039    16511    9788    18069    19921    16441    16265    9574    6861    5956    6156    8128    3285
4727    5568    4780    5329    9445    13223    7322    16178    12030    13287    15420    11031    12643    11531    36513    50189    31152    20686
2724    4870    11192    23708    17257    24731    21768    13942    12540    20483    17129    15046    15402    16426    18163    13956    12597    12308
13340    18506    20222    18713    19822    12010    17185    14286    19605    8196    14462    11449    10756    14515    14639    17220    16126    14052
10184    14725    14473    15502    14083    12330    15319    6180    13423    10811    11366    15680    11972    8921    7455    12916    9574    13287
22742    19437    15226    14427    15062    31689    16570    21293    24114    14098    15751    13813    12967    12920    13039    13520    26150    10822
4060    7125    4370    7350    4055    9173    9164    9108    12603    21960    31900    28649    22071    33104    30406    26751    22766    26770
30775    39235    34610    31365    33438    28134    36072    34551    34376    12589    6211    9040    4085    6246    6826    6338    4809    8599
24987    34355    33324    30374    33385    42853    40014    27699    20640    11020    4453    3877    6048    5441    6454    2600    3139    4303
10422    13664    30841    61696    65857    32844    12440    12175    18381    14826    10029    7345    9621    3256    5193    6414    6124    5877
13727    29663    35125    44236    35346    47509    39529    32417    14517    9324    5889    9551    3911    7631    7088    3715    12783    5298
21260    33140    44417    41191    44289    32523    39673    19762    12485    6530    9864    5408    5532    9527    3988    5059    5342    5797
2184    3168    2249    9844    4413    5661    6907    4815    4937    10513    10262    10342    22802    32851    48043    51571    44555    42948
2976    5522    3462    6268    4798    9200    4276    6942    8320    4046    13545    13987    17257    28551    50533    60891    51780    34037
14043    26979    36820    50276    44498    43210    18940    17139    9663    6653    5725    8890    5787    6591    7909    4640    5776    6756
12725    32838    35506    55836    49900    32742    25205    20651    14431    9721    8632    5545    5720    2670    2313    5904    5436    5316
13740    12563    21648    60861    69850    41795    18751    11577    16156    12310    7052    5091    4529    5075    5087    4600    6620    5615
13815    19575    40160    56301    61125    37654    14666    11910    11786    7413    7994    6786    6826    4421    7298    3530    6593    2575
8704    13926    33251    49727    47294    30614    25417    12310    15863    12372    6806    3995    8914    7855    12459    12558    11008    8922
2753    3100    5322    3341    3681    5058    5146    7795    5977    9194    11662    11246    21121    49503    57316    57715    48630    23819
