12008    13360    33645    37529    27528    13409
8892    9861    24532    39312    37496    14400
8334    7840    19319    20414    34318    19481
6999    7803    16756    33274    26636    18998
9002    11370    15003    18789    28606    20671
12163    11421    18169    21043    31022    12382
9647    11009    12060    23912    26034    12750
10091    14813    22859    27614    20630    14267
12557    8233    16505    19471    27265    12002
11320    9356    14063    19267    21028    16454
10501    13147    15852    28526    16819    12776
8228    10969    22856    25474    22178    18047
8831    13208    18992    26535    20790    11376
11681    13868    16942    28913    29905    14947
11107    11611    18700    23991    22653    17121
9448    12841    14761    19765    24635    15272
9650    8474    13869    24806    17523    16592
8966    11758    13817    23217    20830    11817
10603    14046    16784    26838    23582    21209
8832    10785    18349    23345    25234    17012
9533    9550    16652    22745    26479    13451
11008    9775    18831    32691    26210    17013
9666    11461    18467    32399    26146    22214
9619    9599    15954    21751    26876    16876
8631    10614    10117    21725    21212    16758
11723    10286    15038    21865    18538    17318
