6935    15431    25634    26847    16039    7749    5363    6684    3845    5089    3488    2803    2924    2227    3214    3207
11205    21127    14733    19706    11543    16983    6379    6293    3613    2642    3654    4398    2327    2593    3281    4016
3920    4951    4393    2169    2419    4046    4469    5649    3955    5390    10680    11834    13026    10710    11569    10526
2662    3258    4116    2405    4030    4154    3359    3700    3180    4356    13142    11824    13399    9125    10727    17029
2575    3696    2018    2436    3430    3057    4431    3886    6702    5675    9500    13449    11053    9081    10579    11873
3653    4480    3551    2118    2422    4288    5394    3434    5057    7167    17370    9530    10227    10777    7872    8860
4216    3845    2573    3558    3185    3343    2940    3100    4441    6147    7270    12019    8518    6887    10094    13276
11344    13789    8979    8318    9354    7298    8249    8919    5370    4796    4287    3362    3284    6086    3547    3292
1950    3917    3092    3643    2874    4851    4717    4638    7502    5788    7305    7790    11237    7526    8350    10853
4072    3869    3714    2400    3908    4719    2848    5897    8854    7663    7665    10119    7607    4808    6458    6887
2258    3089    2775    2854    4743    3928    5449    5860    8360    11299    7589    5518    4722    9049    10286    9842
2385    2500    2889    3253    5971    6251    8476    10530    12138    9553    7828    5196    4238    7109    8818    10617
3587    5483    3762    4407    5757    9597    6886    7491    6465    7142    5639    5144    6054    8525    5983    7810
3023    2927    8627    9419    14717    6688    7541    5426    6957    6178    4894    5087    7140    9682    7959    9991
3571    6482    7293    6143    7491    8916    6260    7760    6207    8408    5998    6622    6129    5307    7734    4862
5516    10864    6394    7938    7028    4934    5682    3236    6015    6108    2961    7146    5456    5632    6155    5657
9094    3826    4984    4404    8091    5156    8667    4477    4804    5310    5277    6503    5316    4585    5489    4931
8381    7753    4451    5930    6907    5112    10151    5797    5083    3867    5275    4314    2782    5036    5888    3678
9065    7253    8989    6903    8954    9545    5896    9118    7227    5608    6962    6065    8484    4350    4746    3897
4956    8691    7183    7228    8397    6523    6838    4475    6423    4889    8020    7274    7471    4914    5491    4784
6668    7717    8906    7322    6449    8121    10024    6830    6997    5279    7015    2830    5209    2370    3379    3294
10734    8929    8976    12677    4977    8759    8557    8457    8901    8356    6754    2924    4374    4003    3593    4557
8221    11634    9313    10891    10808    6391    8420    14562    5406    9626    6079    3190    3370    5488    3831    3123
2667    2354    5134    4416    2958    2394    3292    5918    6011    8209    10578    8148    11419    10714    9043    7420
2687    2542    3610    3461    2462    1846    3016    4657    7307    3815    8332    8881    11870    6442    7491    10638
2702    2483    2491    2619    3177    4279    4185    4926    3240    3985    10650    11973    10053    7766    9928    10311
