18089.666666666668    30439.666666666668    56656.333333333336    56318.666666666664    38340.333333333336    16748.666666666668
21568.333333333336    36567.666666666664    58196.0    63185.0    33725.00000000001    20530.000000000004
23190.666666666664    39885.333333333336    67323.66666666667    59263.66666666667    34846.66666666667    17738.333333333332
17189.333333333336    25838.666666666668    59572.00000000001    66541.33333333333    40354.666666666664    18164.666666666664
20486.0    31421.000000000004    66333.0    61937.66666666667    32783.33333333333    20085.000000000004
20703.333333333332    43029.99999999999    70341.0    67075.00000000001    37974.666666666664    17274.333333333332
20922.333333333336    44049.33333333335    67760.66666666667    59151.33333333334    29585.0    17326.666666666668
18604.999999999996    42335.0    68051.0    64254.333333333336    33526.33333333333    18732.333333333332
22737.0    42154.66666666667    62941.66666666665    53021.0    32848.333333333336    17672.333333333336
19253.0    32475.666666666664    49863.0    59946.99999999999    30964.333333333332    19888.666666666668
21104.666666666668    38527.66666666667    53904.66666666667    48111.99999999999    31069.333333333332    17860.666666666668
18478.333333333332    30717.0    56729.666666666664    53538.00000000001    32572.666666666668    17396.333333333332
18667.333333333336    31880.000000000004    50578.66666666666    48931.33333333333    34899.0    17590.666666666664
18286.333333333332    29172.666666666668    55956.33333333333    55742.666666666664    29598.666666666668    14752.000000000002
18375.999999999996    28529.000000000004    50084.333333333336    52360.666666666664    26695.666666666668    18340.0
15360.666666666666    31304.33333333333    37385.333333333336    40662.99999999999    24811.000000000004    16109.66666666667
19392.0    34985.99999999999    60104.33333333333    58798.66666666666    29724.33333333334    17781.333333333336
18181.333333333332    34186.33333333334    58307.66666666666    50792.333333333336    32071.666666666668    18884.0
18758.333333333336    31629.666666666668    54169.33333333333    59154.333333333336    31739.333333333332    17387.666666666664
16800.666666666668    27942.000000000004    48793.666666666664    56445.33333333333    40042.333333333336    18480.333333333332
17940.333333333336    24863.0    55165.33333333333    59229.666666666664    38311.333333333336    14711.333333333332
16824.333333333336    30569.000000000004    61454.0    60509.66666666667    37301.66666666667    19669.999999999996
17079.333333333332    30853.666666666664    55798.666666666664    65465.666666666664    36287.0    20594.666666666664
19614.0    28195.333333333336    56447.333333333336    58320.33333333334    34518.66666666667    19952.666666666664
17056.0    30932.666666666668    63351.333333333336    62942.33333333334    37789.0    16310.333333333334
16581.666666666668    33778.0    61777.0    68285.33333333334    37999.333333333336    20018.0
16343.666666666666    29772.333333333332    55521.333333333336    63962.333333333336    33274.666666666664    19419.333333333332
19274.333333333336    32810.666666666664    58054.333333333336    61966.99999999999    45384.66666666667    20154.0
17380.0    32464.333333333332    63883.333333333336    63892.0    37311.333333333336    17602.333333333336
16646.333333333336    34957.666666666664    59377.0    59357.33333333333    32179.000000000004    16812.333333333332
15941.333333333336    31536.0    56159.99999999999    56226.00000000001    36936.33333333333    18851.666666666668
