7407    9677    20196    40826    28318    19150
13951    9727    24524    35752    33222    15490
12324    12946    19625    35408    34405    18762
7989    11234    21522    40328    30694    21007
11050    15540    17803    31960    31077    23990
10333    13876    17629    33601    31281    13160
11867    10505    24268    36897    35575    17402
9929    10963    15367    34992    21480    19191
10210    9659    21786    33856    28474    15639
11652    12705    21320    22963    27657    13202
7781    13990    26214    26664    17720    14189
8748    7369    24560    30121    25851    15288
7892    11181    18433    32209    22317    17779
13671    11182    23679    30782    31382    13438
8341    11796    16287    33046    22066    13032
7372    9848    15128    21636    21122    12936
7547    10872    21197    23494    15398    11776
11043    13983    11189    22623    12845    12671
11542    11510    16242    23627    28132    17714
10609    9862    23248    28645    21822    13777
9828    11869    19456    34004    21781    16896
10102    9686    16884    22584    32030    20679
9231    10032    18613    27603    23063    16502
9424    18110    21215    31298    20906    16916
10909    11149    21954    30753    23357    12615
8785    10941    19167    26787    27532    13015
