5519    3024    3094    3312    3286    2509    4260    3594    6318    3456    4383    7559    18244    25476    20452    11088
1957    2589    2863    3321    2685    4064    3207    3990    5479    9192    6518    8850    18025    22985    25647    11294
3957    2471    3861    2590    6170    2864    5243    3842    5612    9258    14644    13950    13989    14793    16913    13313
3461    2587    5360    3079    4493    4551    3439    3732    7151    9940    12866    11585    13524    15764    16612    14630
3908    2445    2410    3398    4883    6294    3670    2313    6885    12751    12634    12234    14349    13242    14025    15979
4339    2745    3145    2999    2320    3860    3174    4619    6879    13237    13772    11407    9735    13992    12362    11295
2609    3440    3037    3241    4635    3548    4881    4664    6562    14768    16679    14554    11896    13001    10235    18764
3177    3227    3603    3962    2952    3813    6317    5527    9454    11637    13396    8201    7365    6835    13842    8614
2609    3166    2792    2531    2732    4333    9718    5486    10381    12853    10560    13281    9120    9873    9806    10383
9351    7621    9509    13981    7128    7212    7979    5038    11213    10229    5053    4144    2310    2743    3081    2907
10442    6810    6857    9714    4639    7976    7497    10875    13554    5650    5565    4987    2797    2687    3461    3047
7644    12132    8359    7272    5113    9237    6086    7025    9767    10911    8136    7647    3080    4325    2671    2532
4428    8664    6571    7163    5559    3879    8511    8346    10338    10111    8669    11501    4670    4393    4146    2862
5353    8800    9478    7095    7425    9550    5519    9710    4167    4655    5889    9371    12148    7251    8288    9435
6386    7019    6761    7195    5067    4881    5615    6934    8139    9171    5698    8462    5968    6536    6601    4135
6629    6376    4786    5019    5423    5241    4917    6700    6107    3916    7490    5635    6035    3367    5568    4833
6571    7999    7276    6950    7318    6980    4324    4506    3969    5790    6215    4351    4758    4047    4170    5060
4410    6455    5426    3504    4644    6273    7197    6496    7092    4559    6874    3875    4561    5296    3705    3987
5763    11097    6838    6122    10854    7003    5135    8431    7835    6733    5044    4130    4660    8175    3834    7113
3204    3784    7162    9760    5915    8830    7940    5437    8996    6651    6487    7248    7705    6774    5229    6841
5723    7352    9604    7503    8653    9533    8823    10096    10863    9216    6553    5699    4307    3107    4276    2526
3312    4713    3913    2825    4747    4565    4661    7499    13493    12229    10411    9387    5709    7695    7869    8937
2528    3239    4142    2596    4364    3059    4901    6062    8902    9522    8981    10660    7593    7718    10207    10570
11430    9292    8033    10347    11548    13336    12784    9239    5087    3301    3361    2719    5042    3368    6087    2895
11932    10841    10765    11365    13291    9106    7807    8073    3893    2743    4421    2331    2920    4939    3249    3061
14318    10695    9291    12726    9122    14932    5985    5915    3376    2809    2879    2920    3665    2935    2581    2078
