16850.0    42463.33333333333    67469.66666666667    61162.33333333333
18469.333333333332    41980.666666666664    65905.00000000001    61446.0
14933.333333333334    27351.0    58839.99999999999    59853.0
15945.333333333336    32621.0    50670.333333333336    60423.666666666664
18111.999999999996    34187.333333333336    56917.33333333333    55155.00000000001
20355.666666666668    43090.666666666664    69095.33333333334    57582.66666666667
19833.000000000004    34722.0    63162.0    58360.66666666666
17442.333333333332    42814.666666666664    75589.33333333333    59005.33333333334
16420.666666666668    39315.66666666667    60509.66666666667    57896.99999999999
17900.0    44941.00000000001    56470.666666666664    52265.333333333336
18269.0    35647.66666666667    54939.66666666666    52104.00000000001
20183.66666666667    34247.66666666667    50828.33333333333    45086.666666666664
16349.666666666668    31534.33333333333    52744.66666666667    43677.0
14024.666666666668    24817.000000000004    46031.333333333336    49888.666666666664
16771.666666666668    27942.0    51899.33333333333    46074.333333333336
17329.0    28536.666666666668    38320.666666666664    41086.99999999999
16146.666666666668    26252.333333333332    38098.333333333336    37905.0
14682.33333333333    21597.66666666667    35009.333333333336    32453.999999999996
16359.999999999998    30305.33333333333    59292.99999999999    52829.99999999999
18416.000000000004    42659.0    59759.33333333333    55929.66666666666
16164.666666666666    43575.66666666666    62435.33333333334    56595.66666666667
18937.0    41567.99999999999    59659.99999999999    54476.0
20633.333333333336    42380.00000000001    61738.66666666666    54723.000000000015
18818.666666666664    48952.33333333333    60784.99999999999    62015.333333333336
17301.333333333332    43646.0    68996.0    58125.66666666667
20078.666666666664    42477.0    64295.999999999985    55138.66666666666
14023.666666666666    28768.0    58672.666666666664    54154.0
18259.999999999996    43273.0    64429.00000000001    58041.66666666665
19347.000000000004    37924.0    62837.666666666664    61544.666666666664
19048.33333333333    45300.99999999999    63937.666666666664    61608.999999999985
22576.666666666668    48075.33333333333    63397.00000000001    56326.999999999985
