12063.333333333332    22561.0    32995.666666666664    33254.33333333333    25839.0    15475.666666666668    7120.666666666666    6389.333333333334    5194.333333333333    4933.0    4026.333333333333    3297.333333333333    5041.666666666667    2793.3333333333335    3027.6666666666665    3932.666666666667
8801.333333333334    23715.333333333336    35380.666666666664    35522.66666666667    26615.333333333336    13622.999999999998    7165.333333333333    8596.0    4763.666666666667    4083.333333333333    4577.0    2830.3333333333335    2509.6666666666665    3431.333333333333    3301.3333333333335    2884.6666666666665
6238.333333333333    10514.333333333334    12979.0    13602.666666666668    8606.666666666668    6778.333333333333    3435.6666666666665    2715.0    4377.666666666666    3730.666666666667    5507.333333333334    9898.333333333332    12670.0    18150.0    23467.666666666668    18305.666666666668
4078.6666666666665    2806.3333333333335    2606.0    2415.6666666666665    2626.0    2777.666666666667    2905.0    4024.3333333333335    3520.6666666666665    6250.666666666667    6075.666666666666    9268.333333333334    20159.333333333332    26132.0    33772.333333333336    30241.666666666664
10113.666666666666    10665.666666666668    16612.0    15259.333333333332    13308.333333333332    8891.0    5473.666666666666    6128.666666666667    6168.0    4715.333333333334    4851.666666666667    5868.000000000001    9624.666666666666    16317.666666666668    18677.666666666664    11696.333333333334
14417.666666666668    22818.333333333332    29593.666666666664    31968.0    24098.666666666664    17081.0    11202.666666666666    7597.333333333334    6009.333333333333    5319.333333333333    3996.333333333333    4028.666666666666    3923.333333333333    3793.3333333333335    2474.333333333333    1802.3333333333335
14900.0    23101.666666666664    27102.0    25181.666666666664    21130.333333333336    16424.333333333332    11890.333333333334    7428.0    5382.666666666666    4865.666666666666    4661.333333333333    3688.3333333333335    2304.0    3352.3333333333335    1945.3333333333335    2719.6666666666665
19634.0    21177.666666666668    28988.333333333336    25012.333333333336    25416.666666666664    23148.666666666668    11694.333333333332    10191.0    4063.0    5950.666666666667    3323.333333333333    3250.3333333333335    3778.333333333333    2564.0    4047.333333333333    2611.666666666667
12468.333333333334    13595.0    16485.0    19968.666666666664    17031.0    12941.0    12502.333333333332    8052.0    4476.0    4609.0    8412.333333333334    8526.0    8716.333333333334    7343.0    8453.0    10564.0
14488.666666666668    19427.0    20465.333333333336    18585.666666666668    19619.0    12997.666666666666    15922.0    14259.0    7807.333333333332    7094.666666666667    4988.0    4028.9999999999995    3785.333333333333    2201.3333333333335    2928.0    2979.0000000000005
12900.333333333332    15583.0    20935.0    20422.666666666664    16908.666666666668    13031.333333333334    14219.0    11825.666666666668    7997.666666666666    6005.0    4886.333333333333    4717.0    2684.0    4669.0    2120.333333333333    2055.3333333333335
9500.333333333334    13512.0    21019.666666666664    19460.0    12050.666666666666    9327.333333333332    10301.666666666666    11437.0    12988.666666666664    8784.666666666666    4714.666666666667    4426.0    3529.333333333333    4085.333333333334    2880.6666666666665    2328.3333333333335
9300.0    12504.333333333334    16212.0    13758.333333333332    11907.0    7747.666666666666    9278.333333333334    8724.0    11084.333333333334    11390.0    8219.666666666668    8336.666666666668    6011.666666666667    3895.3333333333335    2521.333333333333    3415.0
2541.6666666666665    1670.9999999999998    2780.6666666666665    4046.0    7646.0    9937.0    11175.666666666666    7905.000000000001    11465.666666666668    7059.666666666668    8881.666666666666    8499.666666666666    9832.0    14643.0    14763.0    11913.999999999998
4566.0    11631.0    11697.0    15072.333333333332    12895.333333333332    12000.333333333332    8563.0    7057.333333333333    7891.0    10209.333333333332    8163.0    5918.666666666666    7207.666666666666    6940.666666666666    6155.0    6719.666666666666
6669.333333333334    7869.333333333334    7632.666666666668    7509.333333333333    7720.666666666667    8625.333333333334    4870.666666666667    5061.0    6971.333333333334    6217.666666666667    4690.333333333333    7352.0    5183.666666666666    11972.999999999998    13821.333333333334    13105.666666666668
8155.333333333332    5493.666666666667    6189.333333333333    4484.333333333334    6854.666666666667    6031.333333333333    7022.666666666667    6916.0    5226.333333333333    4530.666666666666    5294.666666666667    6784.000000000001    9439.666666666666    11530.666666666668    10599.333333333334    13849.666666666668
8063.666666666667    10344.666666666668    8647.666666666668    11465.0    7710.666666666666    6972.666666666667    5018.0    6041.0    6746.0    5312.666666666666    4514.333333333333    5363.333333333333    3810.0    5888.333333333333    3885.6666666666665    3959.6666666666665
11330.0    15317.0    19546.333333333336    19055.666666666668    15341.333333333332    10128.666666666668    10563.666666666668    13637.333333333332    11600.333333333332    8515.333333333334    5726.0    4705.0    3809.0    4169.333333333333    2830.0    2513.3333333333335
13222.666666666666    18697.333333333332    22007.0    27734.666666666664    17378.666666666668    16924.333333333336    15577.666666666666    8449.333333333332    8702.0    4840.333333333334    4474.0    3006.3333333333335    4314.0    4267.666666666666    4301.0    2867.0
18334.666666666668    20450.666666666668    22041.333333333336    22951.666666666668    22279.666666666664    20710.333333333332    15897.666666666664    9743.666666666666    6056.666666666667    3449.6666666666665    3023.666666666667    3347.6666666666665    2334.6666666666665    3044.3333333333335    2231.0    2874.0
13266.333333333334    19940.0    27049.0    29296.0    22845.333333333336    16366.333333333332    12431.666666666668    6160.666666666667    5720.666666666666    3139.6666666666665    4011.6666666666665    4275.666666666666    3457.0000000000005    2541.3333333333335    1954.0000000000002    2185.6666666666665
18210.666666666668    25514.666666666664    29994.0    24684.333333333336    19479.666666666664    18383.0    10193.0    6456.333333333333    4402.333333333333    3392.3333333333335    3717.666666666667    3619.3333333333335    2880.3333333333335    3114.0    3114.3333333333335    2319.0
17293.666666666668    30037.333333333336    32182.333333333336    27179.333333333336    22958.333333333332    17063.0    8784.333333333332    6177.333333333334    4453.0    4265.333333333333    4049.3333333333335    5102.666666666667    3682.666666666667    2363.333333333333    2327.6666666666665    2651.6666666666665
15519.0    26303.0    33802.0    27155.333333333336    25666.0    15202.333333333332    8138.333333333333    7290.333333333333    6622.333333333333    4148.0    3898.666666666667    2573.0    3427.333333333333    1663.6666666666667    3353.666666666667    3306.0
14761.666666666666    23446.666666666668    35289.333333333336    30927.666666666664    20265.0    12081.666666666666    9416.0    7474.333333333334    7466.333333333333    3473.0    2921.6666666666665    2335.6666666666665    3936.333333333333    2742.3333333333335    2571.0    2881.6666666666665
2079.0    3179.0    3381.0000000000005    2053.0    2856.6666666666665    1923.6666666666667    3279.333333333334    3234.3333333333335    3935.0    5081.0    4611.666666666666    12589.333333333334    18369.333333333332    31765.0    31806.666666666668    25474.333333333336
11355.333333333334    25459.666666666664    36670.0    31859.666666666664    22789.333333333336    14303.333333333332    8983.0    4383.0    3767.0    4452.333333333334    3891.666666666667    3866.666666666667    3179.3333333333335    2339.0    3753.6666666666665    2950.6666666666665
16718.666666666664    21932.333333333336    35493.333333333336    28938.666666666664    19526.333333333336    14797.333333333332    7974.666666666666    7741.666666666666    5894.666666666667    4683.666666666667    3906.3333333333335    2212.3333333333335    2862.666666666667    3142.666666666667    2625.6666666666665    3202.333333333333
12902.0    24264.666666666668    33470.0    37058.66666666667    21727.666666666668    11502.666666666666    8506.333333333332    7403.666666666667    6085.666666666667    5712.666666666666    4221.0    2873.333333333333    4097.666666666667    2566.3333333333335    4169.666666666667    3334.0
9328.0    24568.0    38073.0    37783.66666666667    22782.333333333332    11188.333333333334    8002.0    8864.333333333334    5009.000000000001    4177.0    3764.3333333333335    2964.0    3943.6666666666665    3484.333333333333    3158.333333333333    3285.6666666666665
