16663    34908    43716    35975
12744    26112    21371    32973
11355    18368    27591    22925
15727    34646    30439    27093
22180    29370    34666    26209
17155    30896    43213    24925
17519    25092    37037    28761
11938    29953    26270    30768
11175    21566    22629    20398
13518    20532    33958    22351
14376    20100    35597    26260
9761    23542    31659    18374
13573    23282    26770    21359
12225    17770    21152    20462
15354    14385    21276    20102
10838    23956    23578    17651
10001    11211    22319    18218
9442    10352    10999    13217
16501    31507    25740    20203
11282    24013    32849    26771
11195    16404    22311    21000
8765    18060    27910    26307
14042    27029    29573    22213
20207    29361    37632    21124
10650    16703    26344    21207
16078    30047    38048    24731
