12032    23103    26737    26387    14139    5473    1875    1946    6437    2373    2353    3015    1734    3658
1965    2486    1895    1481    6564    2072    4863    3216    9036    5173    9991    10168    14193    20097
3597    2631    2279    1707    4139    4929    3701    2514    6465    8659    12274    10871    10432    6041
16137    11391    14628    11058    8623    13142    7773    5096    5139    1772    4105    2509    3449    3083
11763    7047    13746    14495    11278    11259    12223    4702    9417    4068    2204    4022    3584    2617
6444    16486    9429    10015    11171    10690    10770    7684    7859    6679    6492    5209    3761    3500
17535    9142    7833    8310    12874    12710    11712    7134    3032    4592    5558    2480    3142    2355
8985    8038    8896    7634    15120    13546    12655    7439    4514    2384    2688    1668    4016    1346
2468    2189    2364    3157    2358    3873    5882    4402    6574    13437    7002    9626    6370    6066
9564    7174    9628    12044    7088    3666    5119    12470    5229    6864    5392    1785    1841    2495
12552    6823    5947    6115    6019    11314    5899    12927    8355    6366    4068    3710    2013    4225
4594    6330    8087    3804    4602    5193    6616    8794    6369    5329    5731    9613    4392    3882
8053    4658    10914    3644    4272    5990    6322    6866    4211    7811    5496    8311    3929    4507
2005    5031    3154    5981    7586    6593    5441    5353    6407    3993    7567    3620    3604    5274
4725    3417    3957    7722    7298    7038    3433    2714    4203    4429    4412    4251    6093    7425
8305    5482    3697    6203    12436    6448    4069    3353    3504    4654    5414    3847    5642    2969
4478    7657    4959    7339    4675    2901    4647    5545    3372    3987    2787    4165    2854    2383
3030    3159    4428    1970    2557    3692    3439    1600    2086    3192    4304    4005    3145    3403
5292    4580    7379    6879    10221    6698    6228    11705    6354    7760    7823    6700    2770    3562
2878    3747    2412    5020    3799    1998    4153    5002    7246    12107    11831    9704    12506    12512
1779    1403    1424    3282    4137    4239    8043    6416    7724    6566    7867    5321    7346    5363
2043    3947    1630    2137    2980    4879    4261    7796    8180    11142    7815    11366    6689    6177
6979    5335    11995    9437    10503    10331    9887    10067    5011    3277    3873    3224    1587    1351
9510    13121    9216    9362    11456    9875    12880    8214    4850    3002    4391    2832    5908    3707
2105    2549    1781    2766    3391    4933    2187    3350    6134    10306    6530    10102    8868    9902
18169    9841    15192    13856    15979    9084    7303    4491    3526    3069    2369    2155    2157    1713
