7406.666666666666    10721.0    21038.999999999996    32092.33333333333    25308.0    16577.333333333332    11225.333333333332    6369.666666666667    8158.999999999999    7364.333333333333    4962.666666666667    4662.333333333333    8429.0    10845.333333333334    17233.999999999996    15936.0    13707.333333333332    9208.666666666666
4168.0    3709.0    3856.0    3257.6666666666665    3307.6666666666665    4296.666666666667    4544.666666666666    6038.0    5386.0    6222.333333333333    7888.666666666666    12327.666666666666    13763.333333333332    26973.999999999996    36689.666666666664    34928.333333333336    28814.666666666668    18387.333333333332
3820.3333333333335    3277.3333333333335    3075.3333333333335    4581.333333333333    4024.9999999999995    5307.333333333333    5031.000000000001    3710.9999999999995    6635.333333333334    7530.333333333333    8970.666666666668    9778.333333333334    13846.333333333334    22103.666666666668    34415.0    44163.66666666667    29242.666666666668    25115.333333333332
10580.333333333334    24402.666666666668    27258.666666666668    37408.333333333336    38130.0    28619.333333333332    15628.666666666666    11093.0    10911.0    6417.666666666667    6811.333333333334    4896.666666666667    5674.0    4670.0    3356.0    4040.666666666667    4271.0    3919.3333333333335
3850.0    4163.0    4286.666666666667    4482.666666666667    4404.0    3824.6666666666665    5904.333333333333    5279.333333333333    6512.333333333333    5330.0    6458.666666666667    8748.333333333334    18897.666666666668    24463.666666666664    33913.66666666667    35458.66666666667    27965.0    20137.666666666664
4220.0    3701.0000000000005    2320.0    2816.0    4176.666666666666    4222.333333333333    5138.333333333333    6406.333333333334    7372.666666666667    5627.666666666666    8293.333333333332    6712.666666666666    18792.666666666664    20900.0    32065.0    34655.333333333336    30751.000000000004    24022.999999999996
2592.0    3551.666666666667    4158.666666666666    4060.9999999999995    4822.333333333334    4343.333333333333    4010.333333333333    5482.0    5866.666666666667    7991.333333333334    6420.666666666666    10994.666666666666    14789.333333333334    30974.666666666664    33241.66666666667    34672.33333333333    29580.0    22178.333333333332
16778.0    23387.0    26067.0    26683.666666666664    28802.0    19684.0    23552.666666666668    13649.666666666666    8109.333333333334    7535.666666666667    7784.000000000001    4904.0    4856.333333333334    3846.6666666666665    3703.333333333333    3529.3333333333335    3454.6666666666665    3988.6666666666665
3889.666666666667    3085.666666666667    4324.0    4379.0    3763.3333333333335    3414.333333333333    4616.666666666666    6352.0    6683.666666666666    8531.0    9716.333333333334    15713.0    20590.0    25845.666666666668    28875.666666666668    22201.666666666668    23719.666666666664    20296.666666666664
3490.6666666666665    4307.666666666666    4468.666666666666    3917.0    3506.0    5631.0    6404.666666666666    5270.333333333334    5059.333333333333    6056.666666666666    13337.333333333334    17110.333333333332    17686.333333333332    19121.333333333336    25932.0    27532.333333333332    22520.0    19364.333333333332
7637.333333333333    7009.333333333333    8378.666666666668    8171.666666666667    10004.0    9678.333333333336    9254.333333333334    9678.0    14549.333333333334    11507.333333333334    12056.666666666666    13552.0    12222.0    18969.0    19878.666666666668    17650.333333333336    15796.333333333334    12383.666666666666
3224.6666666666665    4046.0    4732.333333333334    5474.333333333333    6076.333333333334    4633.0    5102.333333333333    8421.0    10675.333333333334    16823.0    15373.666666666668    16018.666666666666    10839.333333333332    15264.0    22223.666666666664    22237.666666666668    18328.333333333336    10981.666666666666
5257.0    4123.0    4651.666666666666    4509.0    2654.6666666666665    4880.666666666667    6595.0    12255.666666666666    14281.666666666666    12784.0    12245.0    11530.333333333336    14758.999999999998    13911.666666666668    16309.666666666668    17201.333333333336    17620.0    10149.333333333332
4111.666666666667    4692.000000000001    5229.333333333333    4134.666666666667    6436.999999999999    11512.666666666666    13930.666666666668    12657.666666666668    8695.333333333332    9890.0    9350.666666666666    10545.666666666668    15215.666666666666    14467.666666666666    17798.333333333332    21013.333333333332    14960.666666666668    9430.333333333334
4273.333333333334    4742.666666666667    7465.333333333332    12037.666666666664    11109.333333333334    11992.333333333332    12384.333333333332    9098.333333333334    8450.0    9690.333333333334    8212.666666666668    10223.333333333332    11054.0    9587.333333333332    19098.0    20865.333333333336    14236.666666666666    11413.0
8928.333333333332    10867.666666666666    12247.666666666666    9726.333333333334    10236.666666666666    8987.333333333334    9910.333333333334    8076.666666666666    10387.666666666668    9351.666666666666    8374.333333333334    11711.0    9095.999999999998    11921.666666666668    16546.666666666664    17672.0    13184.333333333332    8786.333333333334
8067.0    6289.000000000001    5587.000000000001    7355.666666666666    9446.666666666666    7655.333333333332    6318.333333333333    7532.666666666667    7293.0    8708.666666666668    7241.333333333334    8482.666666666666    5968.000000000001    12495.666666666666    9659.666666666666    16036.0    14278.666666666668    9327.666666666668
9132.0    8588.0    15992.666666666666    16866.333333333336    16789.666666666668    12125.333333333334    9452.666666666666    11357.666666666668    11841.333333333332    10924.0    13545.333333333334    9113.0    9808.666666666664    8991.666666666668    9015.666666666666    8247.333333333332    7824.333333333334    9058.333333333332
15274.333333333334    12143.333333333332    10540.333333333334    15344.666666666666    10314.666666666666    11636.0    15304.0    18017.666666666668    11856.0    12794.0    12559.0    12633.0    8501.333333333334    14218.333333333334    14408.333333333332    13252.666666666666    10300.666666666666    7603.0
21553.666666666668    17926.333333333332    23045.666666666664    23395.333333333336    29744.000000000004    23951.999999999996    19395.666666666668    14772.666666666666    12158.666666666668    9127.0    6031.000000000001    6798.666666666666    4705.666666666666    6080.666666666666    3575.666666666667    3055.666666666667    3405.0    5277.333333333333
17298.666666666664    25064.666666666664    21800.333333333332    29644.0    26886.0    23322.666666666668    22737.666666666664    15669.999999999998    10920.333333333334    7502.000000000001    6364.333333333333    4312.666666666666    5767.666666666666    3812.666666666666    4147.666666666666    3741.333333333333    3039.666666666667    3729.0000000000005
17231.0    23867.0    28664.666666666668    33175.666666666664    31238.0    28255.0    19392.333333333332    15402.999999999998    9030.333333333334    7346.333333333333    6001.333333333333    5960.666666666667    4609.666666666667    5574.999999999999    3049.6666666666665    4321.666666666667    6221.999999999999    4736.333333333333
16046.0    23163.666666666664    32755.666666666668    35289.0    28244.0    25097.000000000004    18620.0    13087.666666666668    10716.0    7175.333333333333    6357.999999999999    4160.333333333334    4899.0    5411.333333333333    4537.666666666666    3963.0    3527.3333333333335    4409.666666666667
13466.666666666668    26790.000000000004    25239.999999999996    37747.33333333333    31524.0    27180.000000000004    21190.0    15097.0    10310.666666666666    7796.333333333333    6815.0    5689.0    6260.333333333334    4491.333333333334    4216.333333333334    3853.666666666667    3022.666666666667    2947.666666666666
8368.666666666666    15143.333333333334    20829.000000000004    27842.666666666668    28881.333333333336    20614.333333333332    11971.333333333334    9469.666666666668    7586.333333333333    8525.333333333332    7283.666666666666    7335.666666666667    10686.0    13381.000000000002    13033.0    16503.333333333336    14210.666666666666    11064.0
9499.666666666666    12734.0    18734.0    27045.333333333336    26003.333333333332    22203.333333333332    13267.0    9329.333333333332    9176.666666666666    8462.333333333332    6923.666666666666    5115.666666666667    7587.0    11248.333333333332    17868.666666666668    19376.666666666668    13561.333333333334    10447.666666666666
9182.333333333332    17075.333333333332    32714.333333333332    36873.666666666664    32390.666666666668    27272.999999999996    16275.666666666666    9450.666666666668    8385.666666666668    8662.333333333334    7584.333333333333    5367.666666666666    6048.666666666666    4560.666666666666    4856.666666666667    4138.333333333334    4013.9999999999995    3899.0
12824.0    23857.666666666664    34776.333333333336    40698.333333333336    41098.666666666664    22931.333333333332    13566.666666666668    11614.333333333332    9056.0    7052.999999999999    4041.333333333333    4616.333333333334    4216.333333333333    4283.666666666667    3922.666666666667    3112.3333333333335    3139.3333333333335    3701.0
3112.6666666666665    5274.0    9914.000000000002    12315.0    13176.333333333334    8159.999999999999    5743.666666666666    4414.0    7651.666666666667    9429.333333333332    8108.999999999999    6807.333333333334    12539.333333333334    24795.0    38300.0    37373.333333333336    26764.666666666668    16174.333333333332
4801.333333333333    3589.6666666666665    5276.333333333333    4519.333333333333    4353.666666666666    3468.333333333333    4489.0    4454.666666666667    3883.0    6457.333333333333    8276.0    6563.0    13745.666666666666    26761.666666666668    41762.0    46163.333333333336    32692.333333333332    16983.0
4826.333333333333    3150.6666666666665    4676.999999999999    4303.333333333333    4193.0    3150.666666666667    5437.0    5281.333333333333    4544.666666666666    6850.666666666666    6751.000000000001    10786.666666666668    12656.0    25601.333333333332    42410.33333333333    49585.666666666664    36872.333333333336    22876.0
