19341    24957    48105    85551    69197    34569
14458    28209    64173    56521    44592    20056
18089    30881    44317    63539    33565    21654
16436    26170    36381    46042    43556    17791
15267    21140    30885    60764    41979    21179
19271    19606    38658    53825    30752    19123
17049    20433    41516    38083    27765    16756
17494    19326    23808    46021    35546    13204
13184    19107    23759    34630    28325    21127
10513    11049    22943    27896    21306    19006
19682    27474    52905    46449    45367    19678
25456    27426    49644    61859    40776    27922
23239    25670    39989    54211    43675    19965
13656    21547    51592    50034    31934    21281
16262    22594    41626    73757    59785    29215
17429    24321    50618    53464    42850    23338
16324    28471    42485    60645    40737    15702
17733    33457    52176    70168    42085    16332
20426    36537    51668    73567    49974    18849
18807    24231    59659    56252    35904    27000
19897    36910    65811    63430    26012    16555
