5280    5276    15517    6527    12184    10620    22790    18255    12931    20012    17572    24639    29376    34506    25869    20366
18796    25593    22391    16456    16035    20056    22235    23326    18157    11280    6770    8312    4366    6003    4071    4162
11484    15794    19856    16728    18938    20670    19413    21268    17950    12213    8564    8399    5473    4156    5938    5201
14252    12276    10434    13257    14116    15896    13761    15337    16571    15827    11617    8491    7413    3178    7728    6222
12419    11634    8153    14624    12988    15112    18091    12154    15688    14890    12822    9047    9471    10495    6179    7447
10937    11389    7962    8214    13976    10783    16181    12708    12852    13700    11911    14080    14364    10225    7600    4353
7423    12731    10054    15356    8485    12532    10047    9744    8463    8827    6966    12151    13652    9551    9463    6157
7490    8504    9556    11438    7016    9663    9156    7362    10896    8096    10069    10104    10689    14755    10997    9608
7858    7660    9196    10853    8350    7297    9228    6113    8406    10762    6874    10975    9478    11185    7475    8422
6896    4677    7825    6690    7994    9443    7996    6085    7160    5893    5755    4544    7540    5893    8641    9681
8570    11225    15023    11056    12200    15147    21641    15393    15485    14374    10539    14034    8651    11162    13014    14041
8442    5130    9986    11362    13474    13939    25021    18461    17952    19591    12301    17830    17394    17260    9797    15143
16496    16853    14878    18641    15081    12271    19189    15762    13678    15049    9195    8787    8837    11678    6115    4239
12327    20791    17558    14952    13770    13417    14888    16557    17280    12408    9250    6286    8388    4888    2330    4954
6024    6141    5031    6869    9903    11006    8469    16773    31985    18007    20880    19736    18442    23182    22227    18564
27784    13921    24490    11835    24261    21716    19412    17220    10754    7230    5069    5111    8290    5631    5384    3912
22190    17460    20094    24191    21795    21072    18883    11657    7593    6263    9284    4839    5451    4624    5157    3811
31389    23511    20317    24100    29409    20749    24679    17186    8100    5499    4551    4804    6512    3594    3923    3628
34469    27624    22517    18343    34532    26351    23750    18108    6853    6922    4277    6040    5796    6379    5471    3589
32607    24890    32071    31788    20280    15545    13871    8929    6522    7088    8222    5165    3964    3984    3098    3829
25370    40556    33714    22110    28000    14987    11060    9127    6723    7752    7549    3678    8216    3761    3649    2363
