19045.0    35311.66666666667    57897.333333333336    66145.33333333333    36533.666666666664    18206.666666666664
18417.333333333332    33404.666666666664    65020.66666666666    67430.66666666667    32064.666666666664    18776.33333333333
19577.666666666668    36882.33333333333    62411.33333333333    64336.99999999999    29561.666666666664    20294.333333333336
16949.0    36411.333333333336    68300.33333333331    67031.33333333333    33890.99999999999    19441.333333333332
20275.666666666668    42339.66666666667    63297.0    50931.33333333333    36368.333333333336    17119.333333333332
21463.0    43914.666666666664    70343.0    59807.33333333333    29004.333333333336    20196.333333333332
22194.66666666666    39751.333333333336    61583.33333333334    67462.00000000001    30904.0    16859.0
16308.0    27673.0    63214.66666666666    66962.33333333333    45659.0    22110.666666666668
19656.66666666667    39030.666666666664    57786.666666666664    63368.333333333336    35048.66666666666    17985.0
18378.666666666668    32980.333333333336    58860.66666666667    56755.333333333336    31754.000000000007    20797.666666666668
17426.333333333336    23991.000000000004    48843.33333333333    64805.00000000001    38383.33333333333    19836.666666666664
17171.333333333332    27831.666666666668    55287.333333333336    53695.333333333336    33483.0    23356.33333333333
18493.0    27772.666666666668    47972.666666666664    58227.66666666667    28945.333333333332    20565.333333333336
17607.666666666664    30155.333333333332    50099.66666666667    57290.0    34075.0    17049.666666666664
17378.0    22161.333333333336    44856.333333333336    41768.33333333334    27545.0    17964.999999999996
14989.33333333333    22655.666666666664    39813.0    49487.000000000015    25259.333333333332    15407.0
16202.666666666666    21728.0    39136.666666666664    39843.0    21811.333333333332    14794.999999999998
14750.333333333334    22665.33333333333    38790.66666666667    30904.666666666668    21052.0    15312.666666666666
19113.666666666664    33662.333333333336    51673.66666666666    54568.66666666665    28849.666666666664    19355.333333333332
20435.33333333334    36955.33333333333    62465.666666666664    57264.33333333334    29986.000000000004    19687.333333333336
18732.0    35651.33333333333    59088.99999999999    63912.333333333336    37508.333333333336    20290.000000000004
18440.333333333336    37085.333333333336    65479.99999999999    60172.00000000001    30512.0    18616.333333333332
18533.666666666664    31560.0    64635.99999999999    67481.66666666666    43010.66666666667    14387.000000000002
16321.666666666666    30114.333333333332    58482.666666666664    67707.33333333334    45330.0    20517.999999999996
16229.333333333336    28492.000000000004    62362.333333333336    67411.33333333334    41545.66666666666    21626.666666666664
16440.333333333336    32346.666666666668    64534.66666666666    63289.666666666664    43195.0    17522.0
15714.0    34238.66666666667    57237.0    68029.0    44047.333333333336    20652.666666666664
16993.333333333332    29926.666666666668    64039.666666666664    59291.0    37608.666666666664    18897.666666666664
15110.66666666667    33668.333333333336    56768.0    72766.33333333333    37669.66666666667    19113.666666666668
19048.0    35466.333333333336    63744.666666666664    66101.0    42403.0    22158.333333333336
20034.333333333336    34591.333333333336    70372.0    59666.666666666664    36420.0    17988.333333333332
