4937.666666666667    9760.666666666666    15303.999999999998    15696.333333333334    13891.999999999998    11633.666666666666    6515.0    7404.333333333333    7372.0    5756.000000000001    7516.333333333333    9932.0    13455.666666666668    21175.666666666668    26835.000000000004    29865.33333333333    15851.333333333334    10236.666666666666
11684.333333333334    24241.333333333332    35874.66666666667    37692.0    36410.0    19637.666666666664    12340.0    10143.333333333334    8160.0    7414.333333333334    4501.0    3916.0    4128.666666666667    4223.0    3264.6666666666665    3963.333333333333    4166.333333333333    3353.6666666666665
14530.0    23406.0    35399.333333333336    37135.333333333336    31306.666666666668    20868.333333333332    14494.666666666668    8139.666666666667    5320.000000000001    7387.0    5265.0    4479.666666666667    4337.333333333333    4253.666666666667    4266.333333333333    3864.9999999999995    4684.666666666666    3925.666666666667
14856.666666666668    27655.666666666664    36960.0    32754.000000000004    29905.666666666664    26376.333333333336    15087.0    9660.333333333334    7518.0    5580.333333333333    6135.666666666667    4775.000000000001    4277.0    5238.333333333333    3826.3333333333335    3773.3333333333335    3332.0    4312.666666666667
13295.333333333334    26724.666666666664    30528.333333333336    34676.66666666667    29473.333333333332    19321.666666666668    14741.999999999998    8803.666666666666    9470.333333333334    7468.0    4241.0    5680.333333333334    4584.333333333333    4861.0    4513.0    3874.0    3092.3333333333335    4981.333333333333
21871.000000000004    24801.333333333332    32420.000000000004    30285.000000000004    31147.0    22519.666666666668    16879.0    10944.333333333332    8286.333333333334    7147.0    6447.333333333334    5284.0    4983.333333333333    3793.666666666666    4498.0    4315.333333333334    4342.333333333333    4763.999999999999
16385.333333333336    23721.999999999996    28753.0    33281.0    30948.666666666668    21353.666666666664    18870.666666666664    11184.0    8681.0    8048.666666666667    5327.666666666667    5200.333333333334    5460.666666666667    4808.333333333333    4154.0    3288.0    5012.666666666666    4274.666666666666
7922.666666666666    9971.333333333332    8809.666666666666    7604.666666666667    7706.666666666667    8899.333333333334    7008.333333333334    7468.000000000001    5809.333333333333    7469.666666666667    10612.333333333334    17496.333333333336    19490.333333333332    22433.666666666664    23274.333333333336    27635.0    23963.333333333332    18352.666666666664
24675.666666666668    24651.666666666668    25297.666666666668    28400.0    25158.333333333332    22417.666666666668    15330.333333333332    12613.666666666666    11290.666666666668    6917.666666666666    6009.0    4863.666666666667    5817.666666666666    4055.9999999999995    4521.666666666666    4122.333333333333    3669.333333333333    3063.0
20352.333333333336    24320.666666666668    23057.666666666664    22111.333333333332    21649.0    19672.333333333332    18175.666666666664    18105.666666666668    10395.666666666666    8139.0    4144.333333333334    5838.666666666667    3522.6666666666665    4199.333333333334    3690.6666666666665    3885.333333333333    4005.0    4261.333333333333
2941.3333333333335    4994.666666666667    3525.666666666667    4046.0    3019.3333333333335    5187.999999999999    5063.000000000001    6821.333333333333    8673.666666666668    12995.666666666664    14964.333333333332    19330.333333333332    15057.333333333334    20669.333333333336    25418.666666666668    23975.000000000004    19366.666666666668    17235.333333333332
3922.3333333333335    3798.6666666666665    4507.0    4000.3333333333335    4994.333333333333    6607.0    5993.333333333333    6663.0    14198.333333333334    19213.333333333336    15508.0    13085.666666666666    12677.666666666668    18296.0    23064.0    20398.0    20117.666666666668    13780.333333333334
3780.666666666667    3444.6666666666665    4517.333333333333    5755.666666666666    5610.666666666667    5902.666666666667    8398.333333333334    13860.333333333334    15218.333333333332    13722.666666666668    11086.333333333332    12822.999999999998    14117.000000000002    16112.666666666666    20215.666666666668    18400.999999999996    17548.666666666668    11460.999999999998
5351.333333333333    6067.666666666666    4817.333333333333    6901.666666666667    8028.666666666666    12267.333333333334    14529.666666666668    13337.333333333332    10276.333333333332    14010.0    11834.666666666664    12608.0    11218.333333333334    14065.0    16728.333333333332    18926.666666666668    13832.0    11477.0
9532.0    8068.0    10003.0    11010.333333333334    8871.666666666668    9044.333333333332    8805.0    9859.333333333332    9046.666666666666    9925.0    7669.999999999999    8290.333333333334    10153.666666666666    11178.333333333332    14472.666666666666    12948.666666666666    7456.666666666667    5338.333333333333
10615.000000000002    9555.666666666666    13894.0    14109.999999999998    14911.333333333334    10106.0    6856.666666666666    8897.666666666668    11116.0    7601.000000000001    6931.0    5748.666666666667    7218.666666666667    7069.333333333333    8193.666666666668    7329.0    9938.333333333334    7519.333333333334
9959.0    10467.333333333332    12372.666666666666    15656.333333333332    12860.666666666668    6955.666666666666    7252.0    8530.333333333334    7802.666666666667    5974.000000000001    5178.0    7598.333333333334    5356.333333333334    7770.333333333334    7240.999999999999    6357.999999999999    7363.333333333333    8820.666666666666
10556.0    6927.999999999999    15343.666666666666    15465.333333333332    13202.333333333334    9005.999999999998    7103.0    6381.666666666666    7020.000000000001    6102.666666666667    5888.666666666666    6263.666666666667    5784.666666666666    5548.0    6332.666666666667    5186.0    6377.0    4986.333333333333
12991.666666666666    19407.333333333336    21186.333333333332    24751.333333333332    19345.0    15392.333333333334    13868.666666666664    14067.666666666666    15071.333333333334    9468.0    8983.0    5485.333333333333    7117.333333333332    3983.9999999999995    5016.666666666666    2762.0    4785.666666666667    3539.6666666666665
22394.666666666668    18808.33333333333    24534.333333333332    22689.000000000004    21773.666666666668    19571.333333333332    20825.999999999996    16852.333333333332    10325.0    10018.0    7236.0    4633.666666666667    5994.0    5111.333333333334    3743.333333333333    4165.333333333333    3117.6666666666665    5000.0
8171.333333333334    11719.999999999998    17702.333333333332    17306.0    13102.333333333334    11962.666666666668    9967.999999999998    9940.666666666668    8376.666666666666    5503.666666666667    8283.333333333332    15241.333333333334    15886.333333333334    16690.666666666668    17358.666666666668    14364.666666666668    19274.333333333336    14329.999999999998
20563.666666666664    24923.0    32063.33333333333    28418.666666666668    24938.0    21088.000000000004    16396.666666666668    11581.000000000002    8086.666666666667    6115.666666666667    5957.333333333333    4477.666666666667    4664.0    5795.333333333333    4095.333333333333    3909.3333333333335    3930.333333333334    3302.0
5472.0    7844.333333333332    16938.333333333332    13753.333333333332    11530.666666666668    7276.666666666666    5630.333333333333    6706.999999999999    6308.666666666666    5623.333333333334    7694.666666666667    13295.333333333332    19834.666666666668    22679.0    23307.666666666668    26274.333333333332    20401.666666666664    19037.000000000004
4342.0    5002.333333333334    4117.666666666666    3767.666666666667    3258.6666666666665    4620.333333333334    3974.0000000000005    4940.666666666667    7349.999999999999    6320.333333333334    8539.333333333334    13562.333333333334    19669.0    31726.0    36307.666666666664    33403.0    27646.666666666664    19926.333333333332
3081.6666666666665    3721.6666666666665    3976.0    4760.666666666667    3729.0    4115.333333333333    5159.0    4687.333333333334    5430.333333333334    7192.666666666666    7878.333333333334    12296.333333333332    23202.666666666664    33561.666666666664    33983.66666666667    35534.666666666664    28682.000000000004    16674.333333333332
2693.6666666666665    3556.0    3802.333333333333    2876.0    3756.3333333333335    4655.666666666667    3054.6666666666665    4659.0    6407.666666666667    6525.999999999999    9974.333333333334    9612.0    17949.666666666664    32907.333333333336    42877.0    36517.0    28645.333333333332    16858.333333333332
3847.0    3641.333333333333    3761.9999999999995    3824.0000000000005    3599.3333333333335    4008.6666666666665    4574.0    4966.0    5474.666666666667    7625.999999999999    9587.333333333334    11069.333333333334    19001.000000000004    34423.66666666667    34568.666666666664    42733.0    25990.0    17222.666666666664
3213.333333333333    5218.999999999999    5054.333333333333    4951.333333333334    3974.0    4404.666666666667    5393.666666666667    5161.666666666667    5428.666666666666    7560.666666666666    8941.333333333332    10001.666666666668    18954.333333333336    26041.333333333332    37690.66666666667    36985.666666666664    25738.333333333332    12042.333333333334
2768.0    4436.666666666666    3784.0    4124.0    3080.0000000000005    3715.0000000000005    3605.666666666667    6140.666666666666    7104.666666666667    5366.666666666667    8746.0    9512.0    17824.666666666668    31313.666666666664    42213.0    40825.0    28022.0    12515.000000000002
5267.333333333334    4622.333333333333    5501.333333333333    3949.6666666666665    5071.0    4268.0    5365.0    6133.666666666667    5375.333333333333    6493.666666666666    7373.333333333334    11644.666666666668    18213.0    29854.000000000004    41819.33333333333    44520.33333333333    29174.0    14275.333333333332
9197.333333333334    19552.0    26226.0    32322.666666666664    22086.666666666664    15097.666666666666    7831.333333333333    5456.0    8044.333333333333    6429.666666666667    5376.666666666666    5505.666666666667    8737.666666666668    14375.666666666666    19709.333333333336    16833.0    10254.0    6036.999999999999
