11925    22413    31016    25228
12613    23494    29132    37700
14971    22738    31271    22984
8975    14197    29569    14623
11796    12035    19280    24548
12070    28297    26284    32993
12410    25481    28960    18926
10398    13870    17386    27825
8853    15446    31156    28750
10332    15847    19196    16643
9232    13975    22426    16438
11772    20067    22757    21365
12492    17493    25551    25481
9076    18813    27422    25166
10503    17315    21458    14026
10471    16457    20946    21215
13640    14408    13494    19585
8759    11294    22063    12610
12347    15231    26129    17267
7984    21531    29737    23886
8485    16989    19917    21821
12582    23322    29699    28264
8793    21266    27131    20805
8927    16890    34892    22493
12807    21093    28461    19147
7136    15525    25092    29541
