10040    18741    15558    16618    6860    4770    5252    2351    1445    1950    1776    1674    1744    1803
13777    12607    12291    15023    13960    11423    5342    2590    3375    2453    2617    1841    3147    2493
12969    14636    10802    12336    7575    9333    3415    5809    1626    3472    3358    1523    2664    2446
1971    1946    1941    2621    2416    4109    1789    1766    6109    10561    6672    10339    8529    6595
1743    4437    1488    1489    2893    2130    1820    2810    3086    2508    12177    13124    7410    10544
14508    10531    9200    12734    8888    9282    9167    4411    3331    3453    3160    4244    3996    2739
7566    12907    10733    6479    7311    8387    7875    10256    2549    2321    3818    2318    1959    1298
1654    1265    1322    2254    1619    3501    1780    4285    10058    8061    9440    6645    11722    5873
5915    12565    7487    6688    7182    8683    7223    7630    6785    3857    1838    2407    2238    3707
1483    1997    2016    1876    2899    1726    3107    4394    6966    7362    7721    6831    8834    4806
1434    2038    2741    3672    3903    4569    6171    4087    6860    7099    4456    4130    6064    4847
1554    1857    2695    3284    7046    7076    7470    10732    4708    3667    6339    4954    7793    6786
5348    5769    6731    5432    7492    5909    6545    4180    5076    5162    8110    5627    5280    4356
6517    6781    5885    4278    3150    7647    4748    3513    5606    3969    5194    8218    8102    6869
5725    5622    4634    4333    4355    4178    5095    3951    2454    3583    3557    5944    3512    6359
6270    7587    7230    4999    5485    3290    6287    3771    3836    4303    4424    3109    5005    3493
4091    7077    4359    5320    4108    5574    4412    2487    4690    2672    3114    3240    6813    3170
4485    5700    4389    5892    2846    2645    4245    3808    3988    2689    3114    2461    2867    5597
4563    2113    3293    1994    3163    6289    4046    6345    8146    6247    5962    4955    6027    7831
7083    7458    6969    6286    6374    6595    6301    9489    6143    5892    4964    4286    3239    2059
3256    2082    2102    1162    2029    5406    6423    9136    4893    5713    4791    6807    6357    7055
7924    4547    7983    10012    10543    6556    6971    7244    10704    6032    4060    4606    4224    2461
7880    10023    3572    6095    6582    6382    12127    5359    6092    2759    2425    2567    2938    3194
12727    6589    11065    5424    11078    7300    8001    5760    3161    2524    2132    2123    2151    3167
1703    2053    1776    2493    1871    4326    6632    5131    6061    13638    10364    12831    7594    5035
9158    4233    10301    8120    11203    9397    5750    3915    2142    2461    2025    3479    3422    1688
