20803    21609    19183    22754    14201    23297    20743    12102    19691    25729    20563    26243    16373    17585    17638    24790
22578    19646    19402    21822    22767    23932    23818    22781    20980    25213    27586    25031    22406    20852    13412    18539
12272    15775    14190    17453    14013    18863    24566    28648    33925    30485    22646    18100    13722    11168    18817    15311
15275    18105    18056    15097    16966    18928    24802    26550    32846    23907    22928    18851    15255    13080    18101    20442
14051    15558    12887    11618    19006    23398    27630    24561    31379    19073    26474    25452    17784    16374    10956    15959
15693    14505    15688    9164    17784    24164    20799    25759    18289    18878    17331    18401    16359    21963    11696    15531
15925    18503    20661    16606    28622    19316    17430    16312    15095    13933    17756    19933    12796    18046    18283    16272
15683    21132    20120    17106    12551    16013    17481    12087    14764    14826    6110    19274    9136    13053    16142    12239
12726    19765    10347    12844    10981    17062    12335    12059    9989    7818    7392    9647    20941    7333    9361    13072
6652    8591    6954    6743    5503    4248    6367    8722    6937    11507    7051    3841    3319    7704    6413    6220
5591    4120    5819    4363    5408    6418    4872    7170    5048    5912    6251    6476    4197    5230    4341    4609
7767    5235    5924    6194    4964    4511    6776    4757    2904    3272    7530    6919    4065    7438    5160    4185
18812    19370    22132    15034    16379    23136    15280    15390    12591    17885    20089    8737    10924    12447    17204    10879
11135    14375    11729    19400    23520    22288    16808    12653    16065    14478    17075    21219    20702    23394    21839    15056
9642    9654    16507    16122    11698    24452    23926    20710    22521    23179    23449    19640    19057    16366    22668    13651
14383    13989    15918    18370    13828    18983    21553    36094    22687    27132    26856    16264    18217    19008    17647    12744
10719    13439    9862    14207    15267    12589    18510    25588    27517    29041    28926    18042    18358    13013    10921    14684
14101    15582    16748    15501    17461    23063    27804    18834    28279    35097    28624    17358    16609    14087    16792    13369
20567    17800    19559    16986    24856    18610    14048    25511    26016    22975    16836    21295    19175    16233    17223    20310
21347    24318    21623    16960    18914    23914    21131    21011    16578    19629    29186    28968    22846    22200    14657    19821
24606    21207    26674    19678    19651    18983    29128    21176    14731    14772    24698    20502    14911    20920    17501    17303
