20208    46990    84589    94509    48688    28320
23441    44550    88371    98531    69041    26831
18639    32282    82886    87219    56535    32393
26721    34157    72199    92203    56009    37900
21977    43289    74946    92260    57599    22089
23892    34987    56699    81970    53049    31407
17983    34605    71095    87589    48212    26005
23285    33403    51918    57294    45291    26526
14066    24281    46992    44114    42497    21722
12374    19440    19539    23512    18967    12940
15190    14743    17477    13433    12365    12617
13076    12611    18207    14558    12785    16364
19799    18871    53320    78513    54231    31555
18246    28031    59825    83281    63470    28883
26113    30122    58638    92958    52908    32503
23813    39062    73333    89192    60274    27999
19806    29236    68134    83526    53191    26790
18108    31883    71581    102237    62970    32530
30707    35982    78377    91582    54563    26789
22104    30669    82766    101903    64102    41559
23136    29191    73940    88886    72449    38839
