15437.66666666667    20785.0    52779.33333333333    77436.66666666667    76367.66666666666    48334.66666666667
21121.333333333332    25847.666666666664    70988.0    83332.99999999999    81664.33333333334    42085.333333333336
16871.0    27673.66666666667    63509.33333333333    90800.99999999999    79940.33333333331    45492.666666666664
16870.333333333332    27777.333333333332    59331.666666666664    86219.66666666667    73261.0    44955.99999999999
20000.666666666664    36765.00000000001    62052.33333333333    88586.00000000001    77598.00000000001    40053.66666666666
16967.000000000004    32255.0    62990.0    95598.66666666667    83065.0    48035.666666666664
21834.333333333332    27055.333333333332    55251.666666666664    76456.33333333334    69868.33333333333    43096.33333333333
16974.0    24918.999999999996    51782.0    80341.66666666667    75974.99999999999    42112.0
21806.333333333336    31914.666666666675    63910.33333333332    83199.0    71969.33333333333    42483.333333333336
22362.666666666668    24087.666666666668    57059.66666666666    86176.33333333333    78913.66666666667    40682.99999999999
17935.0    28489.000000000007    55729.66666666666    83347.33333333333    69324.33333333334    35923.99999999999
16916.666666666668    28432.66666666666    44176.333333333336    65046.33333333333    60331.33333333333    36741.33333333333
22052.666666666664    26737.999999999996    47714.66666666667    69401.99999999999    63454.666666666664    38650.666666666664
19564.333333333336    26981.999999999996    46606.333333333336    67499.0    59572.66666666667    36979.333333333336
15932.333333333336    19871.999999999996    44560.333333333336    75587.66666666666    62964.333333333336    35473.99999999999
17063.666666666664    20157.333333333332    37372.0    64575.66666666666    51782.0    34572.333333333336
17331.666666666668    19468.333333333336    38553.666666666664    55404.666666666664    45533.00000000001    31108.666666666664
21733.000000000004    21502.333333333332    53646.666666666664    83395.0    70958.66666666666    44054.333333333336
16178.000000000002    17575.0    52005.66666666667    71606.33333333333    70309.0    48010.33333333333
20304.333333333332    26437.333333333332    53985.0    71272.66666666667    70855.00000000001    42163.333333333336
20055.000000000004    25779.33333333333    59726.66666666668    81041.66666666666    76453.66666666667    40376.333333333336
20920.666666666664    29308.666666666664    67741.33333333334    86853.33333333333    77639.33333333331    42662.33333333334
19309.999999999996    28319.33333333333    60488.66666666665    92319.66666666666    74808.99999999999    47136.0
15289.33333333333    21099.000000000004    52233.0    76326.66666666666    83927.66666666666    42533.333333333336
14601.333333333332    22072.333333333332    45882.33333333333    80394.0    79691.0    44123.0
16321.333333333334    20828.333333333332    53972.99999999999    78541.0    73627.33333333333    42022.0
19172.333333333336    26820.666666666664    54240.333333333336    79581.99999999999    81706.66666666666    44865.33333333333
16381.333333333334    18552.0    43092.333333333336    76190.0    84255.33333333333    48571.0
18839.0    24228.0    53111.33333333333    79822.33333333334    72244.33333333334    44578.00000000001
19156.333333333336    29700.66666666667    70063.00000000001    77452.33333333334    81797.66666666667    47528.33333333333
21235.33333333333    29118.999999999993    61512.99999999999    90171.66666666666    77149.66666666667    37397.33333333333
