3570.0    4510.333333333333    3486.666666666667    3696.6666666666665    4472.0    3864.3333333333335    5459.0    5208.333333333333    5498.333333333333    5194.333333333333    9002.666666666668    10740.0    15529.333333333332    35326.0    50356.33333333333    53738.0    43406.333333333336    28082.333333333336
15635.333333333334    27280.0    46308.66666666667    54180.0    50180.33333333333    35955.33333333333    20129.666666666668    11809.333333333334    8471.666666666668    9347.333333333334    9235.666666666666    5865.333333333334    6879.333333333333    5024.666666666667    3790.6666666666665    5098.0    5150.666666666667    4697.666666666666
16406.333333333332    24936.000000000004    42183.66666666667    52640.66666666667    51004.0    40699.0    27659.666666666664    12764.333333333334    7665.666666666667    6980.666666666668    6198.333333333334    6330.666666666666    5182.0    5763.0    4033.0    3576.666666666667    4138.666666666666    6125.666666666667
15406.666666666664    24356.333333333332    30547.666666666668    37213.333333333336    36052.333333333336    27524.666666666668    21453.666666666668    12066.666666666666    9175.333333333334    6618.333333333334    7783.999999999999    7316.999999999999    6687.0    10029.666666666668    17557.000000000004    16639.666666666668    13782.333333333334    8204.333333333332
15860.000000000002    27800.0    41304.0    51462.66666666667    47110.666666666664    32210.0    25023.333333333332    16745.0    10813.333333333334    10154.666666666668    9546.666666666666    7044.333333333333    6004.333333333333    6393.666666666667    5244.0    4482.0    4169.333333333334    3687.6666666666665
22127.666666666668    32908.666666666664    38774.666666666664    47567.00000000001    41288.0    33821.333333333336    27263.666666666668    22574.999999999996    11966.666666666666    7421.0    10173.666666666666    6177.0    8883.666666666666    6691.666666666667    5964.0    7069.0    4688.666666666666    3550.0
10020.666666666666    11399.666666666666    16512.666666666664    21993.999999999996    20575.333333333336    12531.333333333334    10861.666666666666    9501.333333333332    10233.0    7795.0    8464.333333333334    12322.333333333332    20862.333333333336    26222.0    26297.333333333332    21623.0    24371.333333333332    21974.999999999996
12538.333333333334    13749.0    12962.0    14754.333333333334    12628.666666666668    14022.333333333332    18158.666666666668    11881.666666666666    12796.333333333332    8606.666666666666    12745.0    11812.000000000002    18136.666666666664    24956.0    25842.0    23405.333333333332    22724.666666666664    20383.999999999996
21749.333333333332    21829.333333333332    28195.666666666664    22908.0    22956.0    24201.666666666668    24353.999999999996    21283.0    13397.333333333334    9953.0    10980.666666666666    12141.666666666668    13755.0    20332.666666666668    12998.0    11459.333333333334    10396.333333333332    12392.0
27965.666666666664    32715.33333333334    25255.333333333336    30623.666666666664    30796.666666666668    25921.333333333332    27450.0    25072.333333333332    23454.666666666664    12699.666666666668    10711.0    8620.666666666666    4810.333333333334    5523.666666666667    3819.3333333333335    4799.333333333334    4303.333333333333    4740.666666666667
25293.0    23708.0    25304.666666666668    25878.0    26231.666666666664    21568.0    21571.666666666664    23269.333333333332    21683.666666666668    22776.999999999996    15394.333333333332    7509.333333333333    5180.0    4851.666666666666    4671.333333333334    5312.000000000001    6293.666666666667    4252.0
14052.0    12078.0    16884.0    15770.333333333334    18101.333333333336    15948.666666666668    14029.333333333334    19134.0    19025.333333333336    18178.666666666668    18153.0    12418.666666666666    12429.666666666666    9861.333333333334    9244.0    6645.0    9834.333333333332    9857.0
8158.0    10762.333333333334    14677.333333333334    19308.333333333332    15527.333333333334    13566.666666666666    15578.0    15633.0    17430.0    15902.666666666668    19773.333333333332    15491.666666666668    16424.333333333332    18886.666666666668    13279.333333333334    12387.0    12604.666666666666    12622.0
17845.0    14367.999999999998    19690.333333333336    20460.666666666664    15750.0    17947.333333333332    12781.666666666666    16414.666666666668    16121.333333333332    13328.0    13075.333333333334    12315.666666666668    11867.666666666666    15774.333333333332    15148.999999999998    9375.0    10270.0    4669.666666666667
16052.666666666666    17833.666666666664    17269.666666666664    20571.666666666668    19047.666666666668    15864.666666666666    12115.333333333334    11730.333333333334    10091.333333333334    11583.666666666666    12310.666666666666    13662.0    10844.333333333334    13945.666666666668    10356.666666666666    12074.666666666666    16690.0    12346.0
12102.333333333332    9923.333333333332    11296.333333333334    11645.0    8280.333333333332    10606.0    13634.666666666666    10716.666666666666    12344.333333333332    10907.333333333332    13534.666666666668    10280.333333333334    11775.0    12230.666666666666    17612.333333333332    18843.0    16160.0    13630.666666666666
12821.999999999998    13591.0    16407.333333333332    19598.0    16511.0    14482.999999999998    12469.0    9849.666666666666    7786.666666666667    8379.333333333334    8512.0    8736.666666666668    10343.000000000002    9109.666666666666    8588.333333333334    9201.0    9975.0    11037.333333333332
12195.0    11519.666666666666    14005.0    10597.333333333334    11231.000000000002    10727.333333333332    13490.666666666668    14186.0    17488.000000000004    15219.666666666668    20076.333333333332    20891.333333333332    20233.333333333336    20358.0    20886.333333333336    22808.000000000004    20659.0    18718.0
4587.333333333334    4787.0    4590.0    5125.666666666667    5183.0    5321.999999999999    4860.333333333334    7123.666666666668    8232.666666666668    10469.333333333334    18730.0    23783.333333333332    29118.666666666668    27208.000000000004    29881.666666666668    30144.333333333336    27117.666666666668    29419.66666666667
4908.666666666666    6433.666666666667    6811.333333333333    6798.666666666667    7096.999999999999    6627.666666666666    9903.0    9683.333333333334    7584.333333333333    11337.666666666668    11363.666666666668    20351.999999999996    22833.666666666668    33294.666666666664    29884.66666666667    32736.666666666664    31062.999999999996    26304.0
20296.333333333332    27471.666666666668    31685.666666666668    31359.999999999996    32718.33333333334    32627.666666666664    22487.666666666668    16268.333333333332    10786.333333333334    9127.333333333334    8803.0    6702.0    8774.666666666666    8471.666666666668    9436.666666666666    8809.666666666666    8624.0    8981.666666666668
22351.000000000004    35317.0    41573.66666666667    43348.333333333336    37141.666666666664    33749.33333333333    25388.0    19694.999999999996    13635.666666666666    7700.666666666667    6941.999999999999    7481.666666666667    4685.666666666667    5523.333333333333    6857.666666666666    3583.0    5132.666666666667    5019.333333333334
13961.0    21756.333333333332    31432.333333333332    32119.666666666668    32215.0    31042.666666666668    21829.0    14559.333333333332    9939.666666666668    7035.666666666666    7694.333333333334    7865.333333333333    13695.0    16833.0    17410.666666666664    15660.666666666666    13947.333333333334    13385.666666666668
4026.6666666666665    3504.6666666666665    4545.0    4226.666666666666    4267.666666666667    5058.000000000001    5911.666666666667    5278.666666666666    6777.666666666667    7749.666666666667    7499.333333333333    10396.000000000002    23605.000000000004    32071.33333333333    44654.0    45788.666666666664    44785.66666666667    31262.666666666668
3507.0000000000005    3608.333333333333    3185.9999999999995    4025.333333333333    4783.666666666666    5288.666666666667    4770.666666666667    7601.0    4964.0    7672.0    9681.0    11055.0    25025.666666666668    31161.0    48864.99999999999    45760.333333333336    39437.666666666664    26371.666666666664
3239.0    4603.0    4515.666666666667    4464.666666666667    5248.0    4758.333333333333    5172.333333333333    5294.0    6178.0    8525.666666666666    7252.333333333333    10845.666666666666    17014.666666666668    30518.0    48841.99999999999    46801.0    44254.0    27786.666666666668
10020.666666666666    16567.666666666668    27915.333333333332    29418.666666666664    32518.666666666668    24827.333333333332    13332.666666666664    7760.0    9716.333333333332    9700.666666666666    7114.666666666666    7445.0    10905.666666666666    17317.333333333336    21590.333333333332    22791.0    21981.0    15464.333333333334
4173.0    4236.333333333333    3904.666666666667    5437.333333333333    3210.3333333333335    4720.666666666667    5562.666666666667    5764.0    7498.000000000001    7837.000000000001    9679.0    11045.333333333332    17410.999999999996    29627.333333333336    51512.666666666664    51192.666666666664    38401.333333333336    25828.666666666664
6910.0    13896.666666666666    15250.666666666666    20723.666666666668    19942.666666666668    14599.333333333332    8733.0    6638.999999999999    6997.666666666666    6729.000000000001    7397.0    10788.333333333332    11913.333333333332    24278.0    35051.0    35788.666666666664    27863.666666666668    19321.333333333336
13129.666666666666    30330.0    41353.666666666664    60755.333333333336    53887.666666666664    29222.666666666668    20380.666666666668    12177.333333333332    8091.666666666666    7774.333333333333    9349.0    7755.333333333334    5309.0    5187.333333333333    4357.666666666667    4910.000000000001    5404.0    6323.0
12524.333333333334    21205.666666666664    48892.0    51883.0    55522.33333333333    37699.666666666664    19008.333333333332    8016.333333333332    8989.333333333334    8662.666666666668    8576.333333333334    7893.0    7002.0    4343.0    4252.0    4393.333333333334    3559.0000000000005    4163.666666666666
