17693    26474    39447    42203
13286    27794    43613    34047
15703    30196    45294    32198
15460    26376    45370    34176
16487    25514    41568    27983
19357    29546    42982    26533
10783    28504    36352    25628
9723    17291    24312    21370
9455    17841    29137    24912
11207    22927    28852    20846
11163    27112    40931    28616
16205    27041    33052    24682
14822    18676    27586    30969
14845    16293    25546    17855
7160    15610    35300    26810
11177    16895    18278    17990
10125    15518    13000    25933
12946    17809    18735    23524
15453    22812    25023    20404
11877    18972    34234    17468
13658    23194    30766    25197
13570    23406    32879    24417
12242    13130    20150    20590
8221    22977    30483    22069
11386    35364    34043    28489
9259    16876    23869    29310
