9964    26697    33577    16679    12229    5316    2456    3513    2369    3318    2342    3584    1573    2200
15171    19323    12803    9352    17645    10696    8417    6286    3214    3035    2249    3076    4428    3045
17579    14958    16948    20346    17661    9246    6500    5271    2718    3746    1635    2865    2698    1220
12357    17406    16944    17132    16440    10579    9082    2639    3337    2739    4638    4233    1924    1932
16720    17504    8754    10694    11199    13336    9101    6836    4224    2675    3485    3131    1934    1959
14775    11171    12894    15732    16308    11519    7054    5705    4718    3962    4751    4146    2994    2689
13633    10032    10112    7215    9715    12664    8926    12852    2724    2297    2860    1800    2113    4324
4645    3605    2354    2966    1704    2545    2231    4206    4494    8405    11931    6876    10394    6340
2995    2102    1365    4641    1773    1891    4512    5158    7189    14302    11421    10191    6688    7117
1610    1226    2761    3577    2660    2817    6098    8568    9420    9358    9276    10717    7828    7916
7170    7379    7522    8716    6188    7146    6858    11484    12867    9931    9116    5123    5683    2639
9945    10316    7998    6484    5004    4466    7794    5374    13239    7578    8658    6048    4769    3307
7851    5566    7401    3973    7697    5136    4516    4792    8905    7059    7345    9447    6650    5715
6125    3450    3998    6231    8477    3522    3552    5916    4453    5563    3524    6708    6849    6171
6811    3243    9457    3844    9105    3843    5503    8094    6932    4270    9135    4099    3217    7327
6065    5910    5448    6433    4766    4725    3272    4527    3342    4056    5373    5221    2843    2359
5107    8409    4499    3235    5920    6530    4917    4194    2884    2622    5595    3344    3975    3345
8183    4658    4861    3658    4500    6828    5424    5430    6986    5429    3499    3894    5390    4274
6233    5518    7589    5261    6646    6295    4126    5547    10585    6221    4852    6425    5049    3345
4325    4635    4347    4215    3034    5617    8470    4674    8819    6199    9715    6481    4416    7604
8038    8954    3677    5086    6001    8313    7453    9642    7456    5809    6893    8044    4922    2527
6882    10170    7832    6692    7408    8483    8331    8045    8848    8293    3511    2233    4001    3543
2209    2870    2375    2928    2516    2223    4037    4076    5003    10420    6499    9663    6185    5108
2141    1792    3047    3159    4113    2332    3428    2183    5363    8593    12052    9605    13220    12722
13124    13142    12543    13558    12930    12327    7737    4983    4215    2459    3346    3112    3846    1960
1385    2755    1529    2082    2619    1666    3268    5055    6260    10192    10188    11926    10420    9969
