25261.66666666667    22506.0    26161.000000000004    45542.33333333333    67095.33333333333    61506.66666666667    33861.66666666667    22256.33333333333
26623.666666666668    22657.666666666668    22688.000000000004    47354.99999999999    66351.0    63541.666666666686    37739.666666666664    18509.333333333332
21132.33333333333    22182.66666666666    21212.666666666668    41830.33333333333    68899.0    59788.66666666668    32235.33333333333    21421.333333333336
23349.0    23629.66666666667    23338.666666666664    42004.66666666666    67072.33333333333    63130.666666666664    30708.000000000004    17994.333333333336
20996.000000000004    23937.000000000004    21825.000000000004    40634.99999999999    68614.0    56429.666666666664    30129.666666666664    19446.666666666664
19238.333333333336    25319.666666666668    18824.333333333336    39576.00000000001    58542.666666666664    65000.66666666668    34762.333333333336    17577.0
23656.0    19309.666666666664    18998.999999999996    34111.666666666664    55906.666666666664    63213.0    39355.66666666667    17900.0
16933.666666666668    21476.999999999996    19049.0    28865.333333333332    57826.0    59603.333333333336    42020.0    16714.333333333332
22683.666666666668    20721.0    20148.666666666664    32458.000000000004    57790.666666666664    59428.99999999999    34984.0    22848.0
22256.999999999996    21312.999999999996    19632.666666666664    32921.333333333336    51099.0    53203.66666666667    37551.0    18233.0
26314.66666666667    24846.333333333332    23633.999999999996    37141.66666666668    61599.99999999999    57484.666666666664    32352.0    19866.33333333333
20696.66666666667    22090.0    20463.66666666667    36444.333333333336    54202.00000000001    52069.66666666666    29185.666666666664    19183.333333333332
21783.000000000004    22236.000000000004    24438.33333333333    38727.00000000001    53638.66666666668    53400.0    27035.666666666668    17980.333333333336
20458.0    21156.333333333336    18260.333333333332    28946.000000000004    47305.00000000001    62050.0    27286.333333333332    18445.666666666668
19969.666666666668    18440.666666666664    21719.333333333332    27429.33333333333    54170.99999999999    50894.333333333336    29538.000000000004    20132.666666666664
21418.0    20096.666666666664    18452.333333333332    28258.333333333332    47023.33333333333    54702.0    28910.333333333332    18285.666666666668
19646.666666666668    19489.66666666666    17236.666666666668    28807.666666666668    44613.333333333336    44598.00000000001    25663.0    16286.000000000002
19419.0    22977.999999999996    22802.666666666668    29556.33333333333    54566.0    57467.333333333336    36634.66666666667    20038.000000000004
22642.666666666664    21751.666666666668    20504.000000000004    31903.666666666668    55245.0    62654.666666666664    39347.333333333336    22141.0
20582.666666666664    21469.666666666668    18605.0    27370.666666666668    58073.99999999999    63814.333333333336    36385.0    21462.0
20307.333333333332    20119.666666666668    20154.000000000004    30898.33333333334    56480.0    66655.0    41441.00000000001    22443.999999999996
22171.666666666668    22909.0    18362.999999999996    33795.666666666664    55921.33333333333    63802.33333333334    38720.333333333336    21346.66666666667
18019.333333333336    19861.0    19840.666666666668    29998.66666666666    59863.333333333336    69719.33333333334    37291.0    17285.000000000004
25096.000000000004    25442.666666666664    22112.666666666664    39056.666666666664    66432.66666666667    68967.0    43469.0    19301.33333333333
22049.333333333332    24142.33333333334    21789.000000000004    44597.66666666667    69089.33333333331    72187.66666666667    37741.00000000001    21219.0
23683.666666666668    23385.999999999996    23711.33333333333    43316.66666666666    70081.66666666669    67458.66666666666    36986.0    20280.000000000004
21458.0    20412.0    21433.000000000007    34335.666666666664    58545.33333333333    61615.66666666666    39569.0    17808.0
23455.333333333332    26459.000000000007    20280.666666666668    32161.333333333336    53193.33333333334    70879.33333333333    41412.00000000001    23392.0
17722.0    22748.333333333332    18224.333333333332    32177.333333333332    58976.333333333336    70507.66666666667    44175.333333333336    23778.33333333333
24442.0    22801.0    18755.333333333332    31931.333333333332    56133.33333333333    65916.33333333333    45742.666666666664    22993.666666666664
22538.666666666668    22257.333333333332    19095.666666666664    31615.0    63159.333333333336    67734.33333333334    47140.666666666664    21414.666666666664
