9046.333333333332    12196.666666666668    18310.0    33565.66666666667    37941.33333333333    45992.0    34176.0    22512.666666666668    15087.0    12451.666666666666    8750.0    5954.666666666667    7952.333333333333    5659.666666666666    5351.333333333333    5243.666666666667    6790.666666666668    6423.0    4728.0    6058.333333333333
8199.0    14143.666666666668    20437.333333333336    27419.333333333336    38641.66666666667    36998.666666666664    33472.0    25544.666666666664    16423.0    13226.0    11136.666666666666    9494.333333333334    5586.0    6275.666666666666    6982.666666666667    5453.333333333334    7580.333333333334    6126.0    6043.333333333333    6282.333333333333
8193.666666666668    9702.0    17360.0    32564.66666666667    32620.666666666668    37895.33333333334    32726.666666666664    23118.0    17470.666666666664    10301.333333333332    8852.666666666666    9656.333333333332    6281.333333333333    5276.333333333333    7035.333333333332    6252.333333333333    6666.666666666666    5595.0    4731.666666666666    6401.666666666667
7261.0    12529.666666666666    19833.333333333336    28215.333333333332    37252.0    33008.666666666664    36477.0    23659.333333333332    13004.333333333334    10373.0    10174.333333333332    10166.666666666666    7595.333333333333    5770.666666666666    6981.0    5017.666666666666    6043.666666666666    5037.0    6687.0    6140.333333333332
8060.666666666666    12678.666666666666    18432.666666666668    31374.999999999996    28912.666666666668    31593.0    31836.0    28154.666666666664    16860.666666666668    12423.666666666666    7914.666666666668    8299.0    5716.666666666667    5596.0    6388.666666666666    5253.666666666667    6307.333333333333    4980.666666666667    6517.666666666667    4711.0
8148.666666666666    13906.333333333334    20583.0    23347.333333333332    30075.333333333336    29052.333333333332    30945.666666666664    27350.333333333332    18988.0    13113.333333333332    7528.333333333333    8122.333333333333    7498.666666666666    6496.333333333333    6275.333333333333    5637.666666666667    5517.666666666666    5568.0    5764.0    4922.333333333333
4628.0    3899.0    5095.333333333333    4929.666666666666    7160.333333333334    5870.666666666666    4237.0    8257.333333333334    7331.666666666666    6036.666666666666    8160.666666666667    7871.000000000001    15481.666666666668    19677.666666666664    24772.666666666664    29402.333333333332    29920.0    31650.666666666668    27910.666666666664    20158.666666666668
4246.666666666667    4259.666666666666    4628.0    4364.0    5487.666666666667    4789.0    6040.0    6591.0    7453.333333333333    8538.666666666668    6991.666666666667    9233.666666666668    13218.0    16560.666666666664    25207.333333333336    28249.666666666668    24987.0    28169.999999999996    28754.333333333336    24718.333333333336
5136.0    5391.666666666666    4345.333333333334    5287.333333333333    6024.333333333334    4642.0    5610.666666666666    6066.0    6163.666666666666    9469.666666666666    8688.333333333334    13589.666666666668    20457.666666666664    22152.333333333332    22177.333333333336    26396.666666666664    31600.666666666668    21110.333333333336    26432.333333333336    20321.0
5618.0    4234.0    4660.666666666667    5971.333333333334    5538.333333333334    6706.666666666666    5054.333333333333    7596.0    10129.333333333334    7862.666666666667    11017.333333333332    17863.0    16735.333333333332    23592.666666666668    15310.0    19202.0    23440.000000000004    22935.333333333332    22157.0    20586.666666666664
21532.666666666668    16423.333333333332    15837.666666666668    17830.333333333336    25335.0    24202.0    23343.0    15748.0    17696.666666666664    19410.333333333336    18480.0    12514.666666666668    10853.0    8373.666666666666    6034.333333333334    7629.666666666666    5529.666666666666    6666.333333333333    4659.666666666667    5139.666666666666
16064.666666666666    12501.666666666668    13452.666666666666    15607.333333333332    20919.333333333332    17944.0    20100.333333333332    14270.0    14630.333333333334    12420.333333333332    16556.0    14816.666666666668    13297.333333333334    10332.666666666666    9203.0    7431.0    6672.666666666666    7184.666666666667    5738.666666666667    5192.0
15275.000000000002    12089.333333333332    14057.666666666666    19574.333333333336    20142.333333333336    19487.333333333336    17311.333333333336    10965.0    11685.0    13936.666666666668    12279.666666666668    12466.666666666668    15426.333333333332    14849.333333333332    9871.666666666668    9423.0    8730.333333333334    7808.0    7212.666666666666    6647.333333333333
11289.666666666666    10736.666666666668    12828.333333333332    10693.333333333332    8981.333333333332    8804.666666666666    11314.0    12840.0    13613.999999999998    11206.333333333334    11749.333333333332    14161.666666666666    11545.0    13019.666666666668    13587.333333333334    16482.666666666664    18178.666666666664    15877.666666666668    10436.0    6561.333333333334
7303.333333333334    7493.333333333334    9314.333333333334    11189.0    12523.0    10956.0    12814.333333333332    12090.666666666668    10206.0    11687.333333333332    11181.333333333332    11476.0    12126.666666666668    9767.666666666668    12952.333333333334    14498.666666666666    23041.666666666668    17707.333333333332    12731.0    11235.0
6810.666666666667    10457.0    13405.666666666668    11610.0    11415.666666666666    11852.0    10505.666666666666    9766.666666666666    10677.0    12151.333333333332    11298.333333333332    9134.666666666666    10005.666666666668    11160.666666666666    9391.666666666666    16603.666666666668    19531.0    17024.333333333332    12366.0    11979.0
10663.0    10466.333333333332    11028.333333333332    9258.666666666666    11010.666666666668    11216.666666666668    9125.333333333332    8878.666666666666    12536.0    8810.666666666666    8922.0    7596.333333333334    9428.333333333332    10921.0    9550.0    11946.333333333334    18288.0    14244.0    12207.0    10243.666666666668
6340.0    4666.333333333334    4344.0    4588.0    4376.333333333334    4997.333333333334    5129.666666666666    5021.333333333333    8577.666666666668    7215.666666666666    11504.0    12603.666666666666    19988.333333333336    21368.333333333336    20877.0    26833.666666666668    26737.999999999996    25450.333333333332    21488.666666666664    21353.666666666664
5847.666666666666    4971.666666666667    4221.666666666667    4179.666666666667    4844.333333333334    5132.666666666666    6169.666666666666    6647.666666666666    8588.333333333332    8289.0    8661.333333333334    11334.666666666668    16313.333333333332    21400.333333333332    24635.0    28511.0    29739.333333333332    32706.0    21451.333333333336    22545.333333333332
5036.0    4327.666666666667    4315.0    6265.333333333333    3757.0    4932.333333333334    6613.666666666667    7955.333333333334    7035.0    7936.666666666666    8008.666666666666    10280.666666666666    16999.666666666668    22168.0    20515.0    25498.0    32924.66666666667    26778.0    23121.666666666664    23295.0
5519.666666666667    4559.666666666666    5601.0    3729.333333333333    4131.0    4705.666666666666    4735.0    6165.333333333334    8699.333333333332    6731.333333333334    8980.666666666668    8706.666666666666    9583.0    17014.0    25956.333333333332    33672.333333333336    33254.66666666667    30849.666666666664    31450.666666666664    24454.0
4011.0    5205.0    4405.666666666666    6396.0    4928.666666666666    4821.333333333333    6076.333333333334    6585.999999999999    8089.666666666667    7236.0    9077.0    8851.666666666668    12909.333333333332    19061.666666666668    26400.333333333332    32856.333333333336    33074.66666666667    27589.333333333336    29132.0    20322.0
4671.0    5821.0    4220.666666666667    5352.0    5012.0    4561.0    5640.666666666667    6482.0    5115.666666666666    5678.333333333334    8918.666666666666    8803.333333333334    8340.666666666668    14721.666666666666    23850.0    28824.666666666664    35986.333333333336    35409.0    32994.0    21475.666666666664
8578.0    11202.333333333332    18710.333333333332    30828.33333333333    43702.66666666666    40315.33333333333    37500.0    22774.666666666668    16367.333333333336    11939.666666666666    11265.666666666668    10015.666666666666    5897.333333333333    6908.0    6898.666666666667    6739.0    5820.333333333334    4695.666666666666    4766.333333333334    4952.666666666666
12162.0    11551.0    16222.0    30906.0    40237.333333333336    42160.666666666664    34740.333333333336    23570.66666666667    17782.333333333336    11800.333333333334    10024.333333333332    9823.333333333332    10647.333333333332    6368.0    5546.333333333334    5316.333333333333    5708.0    6525.0    6735.0    4989.0
9830.0    10779.666666666668    16004.666666666664    29569.0    35887.33333333333    47474.0    36485.0    25363.0    17872.0    12653.666666666668    9745.333333333334    6846.0    6159.666666666667    5900.666666666666    6620.333333333333    6092.666666666666    7771.0    4485.666666666666    7363.0    6001.333333333334
6237.333333333333    4028.333333333333    5558.666666666667    4886.0    5109.0    5703.666666666667    6680.333333333333    5342.0    6380.0    6422.666666666666    6618.666666666667    7090.0    9487.0    13381.0    18403.666666666664    33663.0    47398.33333333333    39315.0    30798.333333333332    12673.666666666668
7537.666666666666    6264.0    9004.333333333334    12103.333333333332    16967.666666666664    16759.0    14775.333333333332    10890.666666666666    8992.666666666668    11280.666666666666    8439.0    9967.666666666668    8556.333333333332    8489.666666666666    14641.333333333332    29521.666666666668    32425.0    30009.333333333336    21844.0    12763.666666666668
6572.666666666667    4372.333333333333    6050.666666666666    4724.333333333333    6013.333333333333    4791.0    5119.333333333333    6267.333333333334    7154.666666666667    7117.666666666667    5030.333333333333    8047.333333333334    7268.333333333334    10898.333333333334    22910.0    40426.333333333336    44041.666666666664    40791.0    31515.666666666668    19197.333333333332
4649.333333333334    4635.666666666667    5171.0    4178.666666666666    5900.333333333334    4611.333333333334    5267.333333333333    5974.333333333333    7809.999999999999    8483.666666666668    6331.333333333334    9225.666666666666    11189.666666666666    14400.999999999998    18051.0    35711.33333333333    52027.66666666667    42170.333333333336    26544.0    16381.999999999998
5970.0    4874.333333333333    5767.333333333333    4387.666666666667    4548.666666666667    4879.999999999999    6582.0    5390.666666666667    8590.666666666668    4744.0    7318.333333333333    9048.0    12228.0    13686.0    21633.333333333336    35268.66666666667    52607.66666666667    42630.666666666664    28090.666666666664    16709.0
