18222    16676    35388    65395    45296    29873
19422    19452    54814    48564    48711    19347
13449    26498    41868    68024    44838    24166
15699    19856    38317    44194    47473    22696
13675    26200    41493    49345    47920    24217
10796    19580    46385    43962    37069    25523
13817    14732    33901    50802    33979    19621
11048    16545    31700    36213    29055    16206
17774    22321    27491    44034    34261    28749
27223    32090    49465    61887    47100    31929
22960    24354    37475    42646    45267    26497
17421    20567    43966    50941    53994    28545
16225    23605    39063    52639    36020    20473
19481    16412    31343    65373    46364    33883
11381    14827    50889    59463    40612    18310
18482    30360    42585    54386    36364    23238
15672    22069    55312    60305    32916    21869
14631    27354    55246    83105    52019    24467
12997    24966    57005    70444    45590    24583
15090    18867    49933    62533    66515    26848
14826    17211    54663    67801    53731    27455
