2833    5383    3191    2852    5142    6662    12893    10984    17065    18601    12580    23148    25448    24113    23942    16013
16666    13375    20540    19169    23925    14875    22089    17658    11537    9355    9250    8123    6413    8912    4682    3741
17393    19926    21428    15028    14444    18630    15656    19150    18890    20202    7707    6445    7219    4332    6345    6048
5825    2748    4623    5839    8953    10650    14264    13928    15655    21706    13154    12289    18815    9524    17371    12891
7181    4907    6582    10057    11137    17014    20350    13385    18768    14472    13443    9016    15552    10218    13703    17065
5389    9010    9321    18690    17939    14406    11118    10691    10419    15841    16255    7643    8119    8467    9120    10887
12613    11797    10358    6086    8886    8327    6659    11769    12192    11197    10451    12611    12119    11678    9986    10123
10107    11991    7314    7114    6173    5719    10046    10557    10518    10886    7261    10156    6093    8483    10616    7733
10684    13976    14257    11118    11864    13859    8518    9701    9933    14328    10877    9064    10316    12337    8128    5670
11514    20101    18228    35553    26130    22830    13969    13817    8944    12176    13222    15201    10570    9658    9342    8439
8812    8662    10802    11835    9159    11401    11515    22977    16646    11482    14410    15757    12786    10370    12858    9727
10724    14060    9996    13067    13898    10504    14859    12334    22277    16053    21066    15085    11934    10077    11304    8196
13961    13657    17549    11211    15785    22191    11893    9589    13527    15626    12694    7852    7478    4110    7114    3788
4596    4515    8484    5355    9791    12601    15691    19408    16977    16914    22565    14992    14103    21673    13102    12089
19880    9124    19833    20621    15110    17680    14805    21943    13342    13646    6750    5857    3953    5866    3597    3475
25098    15816    15640    18846    23204    17649    21403    19581    7278    10267    5160    5183    6251    5737    4552    3750
18030    24391    20766    20347    28833    24266    15525    7257    12132    6223    6072    6063    7284    4874    4016    2064
25521    30363    25772    26102    30779    26680    26083    13958    9233    8428    5882    5538    9723    4923    4101    3736
27042    33818    24650    28122    20475    22615    20907    11381    9636    2926    5188    4102    4121    7096    6408    7098
4932    4269    3900    3492    3589    6228    7021    6518    7855    13008    20286    32430    33002    30636    27497    35123
2610    2889    6775    3005    6201    5491    4837    5830    10842    9120    22928    24935    37379    34012    25640    33193
