37089    36792    54581    96379    103812    65697    24893    34304
32904    33062    54384    104817    108527    81189    24556    27247
34961    28350    48446    97804    96295    54390    30097    25871
26002    28676    42429    83788    98699    78257    26108    28157
41757    27439    54275    79124    108384    68536    30083    24685
39318    33266    51521    99001    101767    71219    25388    26598
34316    28689    44346    89988    108866    66810    37672    32529
37368    31742    56775    88513    103455    73308    27623    25784
33311    27579    56979    91630    102365    59859    27230    32859
37488    29865    53591    87144    103231    76284    29215    33014
30446    23152    35455    89088    89281    53304    39099    22337
44517    32343    43958    80942    80443    66742    17439    31651
29132    24258    50125    85064    82149    63627    34174    33239
31131    34165    42426    69752    106672    55345    21364    26509
23274    24319    28311    58136    72684    42315    30658    24363
32735    30162    52666    64437    70581    56784    29646    25932
26116    27114    36369    76157    89242    68204    36373    27740
24466    21941    30020    68874    84585    62496    27617    34307
32048    25131    29513    67076    89310    79923    42648    23875
25668    28250    33822    82027    115021    73286    40095    28468
40517    26210    51941    100170    110254    65294    29370    29940
42392    28413    49503    93034    113735    68120    28369    39712
22585    28235    37715    87750    106102    75662    40972    38393
34118    33797    51079    94840    101677    65266    22810    26945
28863    26476    51055    93068    96942    73680    26346    29772
36609    31248    55604    89822    96845    57301    26878    24630
32507    29605    53836    95106    92414    71186    29569    26462
41141    28667    40745    87834    88658    57411    26286    33734
35877    34620    38970    90405    87244    62615    35327    35544
39323    26862    45372    95118    86591    70517    38559    34680
35670    40508    43735    87485    87681    67979    25244    35209
