18362    17454    47667    47147    60827    57758    51320    36397    19502    19250    11094    12107    9336    7050    6952    8258    5798    5065    4694    7509
9603    29542    50344    49838    57237    53067    45054    32019    34384    17562    11973    12451    7004    11031    6690    10401    7099    8899    4181    8307
11375    21397    34945    46325    60699    53380    48466    25468    27207    11140    12217    12755    8744    6087    6894    6392    5819    6871    3527    6506
16583    20282    43386    46649    44714    47672    38641    39521    19156    10540    16260    7802    5842    9054    6503    11436    10059    6741    7314    3961
18971    23723    37603    54254    43231    41588    45784    37636    21493    16691    10936    8754    11134    8654    7064    10134    7755    5883    14160    8835
20760    21949    29541    54211    58632    61072    42516    22746    31332    10561    10567    13948    8574    13258    4865    10146    10897    7183    6113    9207
23578    34773    41501    37394    35567    36501    39948    39893    33766    27753    13893    15591    8370    8479    6003    8641    10019    7900    6296    7350
27349    46557    36437    38078    28954    52922    35087    45365    30970    19568    11873    15716    9866    6369    5599    7480    8628    7197    4128    6425
33750    34276    30522    34457    30208    44124    39618    46278    23950    25953    13546    11270    10227    11370    8807    6525    6805    4029    5945    10152
42273    41589    34440    34006    27645    35582    29050    40143    36898    25463    25346    12572    13331    8565    6554    6415    9279    3120    8589    8972
22299    32328    32416    26607    29968    25281    22520    29577    20966    21378    30232    25195    9934    7291    7208    9888    8378    8017    6692    5987
24800    20375    23849    54016    65837    52632    22351    15532    26969    20697    11020    8293    9185    7975    7799    5247    5333    6755    4258    5112
16622    17305    21149    37425    52602    48499    27742    26393    17507    18660    15128    13687    11048    16579    13056    12090    14132    7645    8561    5938
20596    15639    16563    27238    40158    38092    28608    24689    16887    21934    15680    13335    17180    17233    14053    15852    16164    10859    6977    9627
16206    14565    12184    14669    15060    18904    12695    14866    13652    15256    13377    15868    12895    19780    16595    14875    17084    16066    18523    10940
16247    21319    14995    32404    61484    60303    28114    25408    14120    12703    13028    9007    6027    4840    8648    7774    5783    7391    6220    7128
11511    8700    9594    9571    9251    7633    7457    11029    13397    25472    36612    36310    30308    25221    23432    21108    28472    29488    19968    22781
5445    8524    5042    12824    20108    15708    8003    9870    12825    6855    10578    14736    14332    10278    23300    49648    55417    34677    21831    14305
6490    5764    4777    6627    6865    6843    7408    12934    11960    18098    13715    19595    30956    29151    28858    28734    40281    44907    28180    37381
6458    5736    5591    6975    8251    7817    5046    6957    7326    10339    10583    14755    24857    47074    41365    42568    49977    46162    36486    42314
16064    35175    48298    45571    46778    30983    46575    42703    24086    17482    14835    15554    10902    10106    12116    6971    9243    5369    6921    7964
12544    27449    50399    58509    45336    47468    40673    33205    33706    22420    16523    17103    7902    5930    5669    9495    4538    8849    9667    5893
5957    7405    5700    4286    7838    6005    8390    7571    7331    13563    12655    13109    20543    41534    42320    59140    47358    52451    41315    32943
12316    26213    36182    60485    52334    50779    44955    28656    20760    12729    10338    16001    7837    5494    6315    11070    6739    7724    6444    7161
12516    21174    41633    50390    64819    47473    48082    29583    12124    12918    14154    7165    6326    10602    6733    9085    9969    4322    8174    8960
23022    16922    36255    44095    53367    55063    52052    24626    19799    18522    13890    5403    3492    6497    7951    8018    8294    8968    5597    7104
13311    15296    26123    53252    51341    59083    42985    40647    22258    19701    13956    11150    6878    8300    11124    5403    6537    6275    7563    9502
10514    18837    35419    42732    57474    50735    37568    29742    14655    13100    20012    10684    9296    8657    8282    4823    8981    7569    5963    9433
8471    22083    33666    50831    56172    55381    44189    32319    18842    17694    15677    6747    6124    5864    6748    9982    5855    8610    7528    7819
13126    18851    33282    57843    59824    57459    49512    24306    29004    15090    12913    8506    8068    6793    6700    10608    3851    7436    4930    8920
15144    19738    35336    55789    63097    57136    26515    36294    20152    22556    12046    5422    5023    5933    8926    6952    7052    5428    7258    7714
