23215.33333333333    17413.333333333332    41271.99999999999    66638.0    64169.666666666664    32715.333333333332
20901.666666666664    17366.666666666664    39982.666666666664    59055.333333333336    59047.00000000001    36326.333333333336
17491.666666666668    13630.666666666668    30783.666666666668    58765.333333333336    58299.666666666664    37710.333333333336
20343.333333333336    17069.333333333336    26666.333333333332    51493.0    62666.33333333333    42947.666666666664
15824.333333333334    16813.666666666664    31575.333333333336    53934.00000000001    60140.333333333336    32170.666666666664
16258.0    13216.666666666666    23702.666666666668    41327.333333333336    46550.33333333333    31382.333333333332
17218.0    17192.666666666668    30558.666666666668    53655.666666666664    54466.666666666664    34892.33333333333
17616.666666666664    16047.999999999996    30732.333333333336    49548.33333333333    53887.33333333333    36586.666666666664
15641.333333333332    17736.333333333336    30184.333333333336    53912.333333333336    50688.0    33394.666666666664
21365.0    14694.0    27422.0    54811.666666666664    54883.333333333336    34727.333333333336
22682.333333333336    16316.333333333334    30595.33333333333    48154.0    55639.33333333333    32401.333333333332
18432.333333333336    17211.333333333336    25391.333333333336    54527.333333333336    53726.66666666666    31577.666666666664
21540.0    17418.333333333336    28186.333333333336    45923.99999999999    52289.666666666664    32907.666666666664
16608.666666666668    17548.333333333336    29006.66666666666    51631.666666666664    55038.0    27546.666666666664
18534.666666666664    17166.666666666668    31443.0    53061.333333333336    48999.0    28998.666666666668
17937.666666666668    19093.333333333332    31380.333333333332    47939.0    45647.666666666664    30577.666666666668
16668.666666666668    14131.0    34316.66666666667    43402.99999999999    41641.333333333336    23324.666666666668
17206.000000000004    15051.666666666668    25579.333333333332    36816.33333333333    33791.00000000001    20209.0
23084.666666666664    19004.999999999996    45460.00000000001    61841.333333333336    57059.66666666668    31260.333333333332
20753.333333333336    19681.333333333332    43723.0    69220.99999999999    60718.33333333333    25786.000000000004
21377.999999999996    24550.333333333332    41835.33333333334    67084.0    62130.66666666666    33004.666666666664
20529.333333333332    21810.999999999996    49286.99999999999    74434.00000000001    62163.0    32643.33333333333
24687.0    21636.33333333333    45237.99999999999    66869.33333333334    66583.33333333334    35810.33333333334
23168.000000000004    24070.666666666668    41315.99999999999    71584.0    64783.00000000001    34000.00000000001
18245.999999999996    17780.666666666664    33411.0    54824.333333333336    60969.0    33750.333333333336
19492.666666666664    18044.0    34287.0    62107.33333333333    69341.33333333334    40689.99999999999
17771.333333333332    16953.0    36702.33333333333    59057.66666666667    64989.333333333336    32228.333333333336
18215.333333333336    16012.999999999998    35366.0    58881.333333333336    67319.0    40426.0
24421.0    21420.000000000004    48615.33333333335    65043.333333333336    56543.66666666667    37215.33333333333
21569.333333333332    19639.666666666664    45727.33333333333    68049.33333333334    56169.0    31480.33333333334
18242.333333333332    14430.0    31922.333333333332    60468.666666666664    66396.0    41158.333333333336
