8852.0    14468.333333333332    19553.666666666668    41276.0    40162.0    31398.333333333336    20612.666666666668    14924.666666666666    8694.0    6802.333333333333    5390.0    4965.666666666667    6653.333333333333    4789.666666666666    3975.3333333333335    4650.666666666667    3991.666666666666    4263.333333333334
7888.333333333332    11394.666666666668    17912.0    26371.0    27706.333333333332    24512.333333333332    15939.333333333334    7969.0    7975.000000000001    5831.666666666666    4746.0    5637.333333333334    5381.0    9013.666666666668    13510.666666666668    17512.666666666664    12016.999999999998    11361.666666666666
3714.6666666666665    3906.0    3829.3333333333335    2732.3333333333335    3241.0    4028.0    3134.0    4105.0    3559.333333333333    5781.333333333333    8354.333333333332    6986.999999999999    11265.666666666666    15355.999999999998    29176.333333333336    40800.666666666664    37661.66666666667    29048.666666666668
3610.666666666666    3257.333333333333    3610.3333333333335    3618.666666666667    4112.666666666666    4378.333333333334    3791.666666666667    4411.0    6163.333333333333    5141.333333333333    5696.0    9575.333333333334    8949.0    20237.666666666668    28095.0    38930.99999999999    39704.666666666664    27902.0
3892.0    3347.0    3223.333333333334    2882.6666666666665    3215.0    3174.3333333333335    3644.333333333333    4020.0    3576.9999999999995    6189.666666666667    6831.333333333333    7199.666666666667    11841.0    21146.666666666668    29128.666666666664    33973.33333333333    34569.0    28603.333333333336
4354.333333333333    4825.0    4233.666666666667    6626.0    9577.333333333332    8054.666666666667    4798.000000000001    3994.333333333334    5111.666666666667    5058.333333333334    6470.333333333333    6092.0    7777.0    15628.666666666666    20473.0    19226.333333333336    21175.0    18961.666666666668
4318.0    4114.666666666667    3438.666666666667    3925.6666666666665    4195.666666666667    4097.0    4284.666666666667    4179.333333333333    5281.333333333333    6057.333333333333    5297.0    8014.666666666668    13709.666666666666    20788.333333333332    28965.666666666668    32167.333333333332    28227.0    26922.0
4022.6666666666665    3441.333333333334    3353.666666666666    3370.333333333333    3250.6666666666665    3577.333333333333    4200.0    3915.0    4936.333333333333    5029.0    7799.0    10404.0    13925.666666666666    21937.0    28660.0    31401.333333333332    26660.999999999996    24535.0
4891.333333333333    2948.6666666666665    3572.333333333333    4504.333333333333    5614.0    3772.0    2671.666666666667    5037.666666666667    4672.666666666667    5851.0    8176.666666666667    11981.666666666668    18079.666666666668    18496.666666666668    24763.666666666668    26085.333333333332    24009.333333333332    26428.333333333336
3533.0000000000005    3007.6666666666665    3358.333333333333    4171.666666666666    4364.333333333333    4329.333333333333    4529.333333333333    4055.333333333333    6281.000000000001    7311.666666666666    8053.0    16758.666666666668    19471.666666666664    16169.0    25533.000000000004    29904.666666666668    22895.333333333336    24176.333333333332
3799.0    3793.0    3331.9999999999995    4399.0    3928.0    4200.333333333334    3999.3333333333335    5849.666666666666    7472.666666666667    8878.333333333332    14336.666666666666    15260.666666666666    20762.0    18049.333333333332    22632.666666666664    23300.333333333332    22471.666666666668    19324.0
3772.9999999999995    2986.0    3658.3333333333335    3260.6666666666665    4027.6666666666665    5092.0    5526.333333333333    4610.0    10781.333333333334    13102.333333333334    16309.333333333334    17366.333333333332    19618.0    16678.999999999996    16596.333333333332    20253.0    19426.333333333336    17800.666666666668
2655.3333333333335    4390.333333333334    3172.333333333333    3855.666666666667    5256.666666666667    3706.3333333333335    5573.0    9647.0    15004.333333333332    13859.0    17492.333333333332    15206.333333333332    13508.666666666666    12913.000000000002    17468.666666666664    17638.333333333336    19244.0    17674.666666666668
4475.666666666667    5441.0    5918.333333333334    4443.0    5710.0    9187.666666666668    11298.0    11864.0    12666.0    12494.666666666666    11493.333333333332    13951.333333333334    12085.0    10573.0    14214.333333333334    18509.000000000004    19267.666666666668    13788.000000000002
5763.0    5443.0    7529.000000000001    6990.666666666666    11623.666666666668    10195.999999999998    14830.0    12398.0    12334.0    10196.666666666666    11404.666666666666    10582.0    9405.333333333332    10071.666666666666    13893.000000000002    16080.000000000002    16709.333333333332    12753.333333333332
10283.333333333332    10546.0    11332.000000000002    8266.666666666666    7798.333333333333    8879.333333333334    8472.0    10543.333333333334    8677.333333333332    9386.666666666666    8648.666666666666    10416.333333333332    8924.0    10500.666666666668    15576.666666666668    17499.333333333332    15305.666666666666    11519.333333333334
10602.666666666666    10431.333333333334    10068.666666666668    8080.666666666666    8268.666666666666    8273.666666666668    9430.333333333332    8428.0    7180.999999999999    8602.666666666666    8396.0    8485.666666666666    7090.999999999999    10233.0    14045.333333333334    11351.333333333334    13572.0    10943.333333333334
6714.666666666667    9573.666666666666    12402.666666666666    13684.333333333334    13574.333333333334    9581.333333333332    6747.333333333333    7156.666666666666    6402.333333333333    7853.333333333333    6723.333333333333    8006.666666666667    6207.666666666666    7419.333333333334    6760.666666666666    5722.0    7097.0    7026.0
18925.666666666668    17771.333333333332    18566.0    24107.666666666668    27125.0    17518.333333333332    18542.333333333332    15099.666666666666    17349.0    13771.333333333334    11809.333333333334    6330.666666666666    8149.333333333333    4556.666666666667    5838.666666666666    4390.333333333334    3852.666666666667    4006.9999999999995
18128.333333333332    22979.666666666668    20997.666666666668    21765.666666666664    22906.666666666668    24009.333333333332    20575.666666666668    18466.0    18133.0    13093.333333333334    7213.333333333333    5964.333333333333    5332.0    4928.999999999999    2917.9999999999995    4373.666666666667    4348.333333333334    3749.0
15090.999999999998    22544.999999999996    22206.000000000004    26624.333333333332    30908.000000000004    23983.666666666668    23512.0    16973.333333333332    14522.0    10283.666666666666    8762.0    4572.666666666667    4761.0    4848.333333333333    5189.333333333333    4609.333333333333    5649.333333333334    4942.0
15184.999999999998    17839.333333333336    24286.0    31930.666666666668    33112.0    30685.333333333332    26757.666666666664    17896.666666666664    11008.000000000002    12223.666666666666    4615.0    7551.0    5211.0    4851.333333333334    5036.666666666666    4501.666666666666    5019.0    3157.666666666667
10612.0    15304.0    26394.666666666668    36342.33333333333    31360.666666666668    32665.0    24654.333333333332    20131.333333333336    9459.666666666668    8799.0    7802.666666666666    6066.666666666667    5316.666666666667    4371.333333333333    5713.999999999999    4712.0    5332.333333333334    5785.666666666666
13705.333333333334    18587.666666666668    27047.666666666668    36121.00000000001    35847.666666666664    30106.333333333336    22308.333333333332    16124.666666666666    9552.0    7760.0    6271.333333333334    6802.666666666666    5305.999999999999    3955.0    5157.333333333334    5509.333333333333    5175.0    3584.333333333334
5094.0    4260.666666666667    3414.0    4200.0    3687.0    3756.6666666666665    4410.666666666666    3712.666666666667    5549.0    5326.666666666667    7169.333333333334    8361.666666666666    11684.000000000002    21715.666666666664    30588.666666666668    36559.66666666667    32247.0    27244.0
3840.6666666666665    4380.0    3161.6666666666665    2581.666666666667    4028.0    4309.333333333334    3699.666666666666    4535.0    5690.999999999999    7363.333333333334    7947.999999999999    10495.333333333332    11598.333333333334    25509.666666666668    38091.666666666664    38783.33333333333    37032.33333333333    30913.333333333332
3574.3333333333335    3297.333333333333    3291.666666666667    4320.666666666666    3428.0    3358.3333333333335    4990.333333333333    5026.0    4175.0    4998.333333333333    6884.333333333333    8987.333333333334    10519.666666666668    17266.0    25617.333333333336    45539.0    39721.0    32707.333333333332
3875.9999999999995    4679.666666666666    3401.666666666667    3451.0    4555.333333333334    4812.666666666666    4827.0    5942.333333333334    4975.333333333334    5625.999999999999    8023.666666666667    8658.666666666666    9284.0    17794.333333333336    34961.333333333336    41748.0    43411.33333333333    26192.333333333332
9616.666666666668    12937.0    21132.0    39981.33333333333    45632.0    29238.999999999996    22206.000000000004    12018.999999999998    10886.0    9281.666666666666    7755.666666666667    5315.000000000001    5113.0    4623.333333333333    3960.0    4145.0    4978.0    4438.0
12392.666666666666    10847.333333333334    19286.666666666668    38512.666666666664    42092.333333333336    31784.333333333332    17990.333333333336    13851.333333333334    9768.0    6411.0    7221.0    5896.666666666667    3893.0    4373.333333333334    5280.666666666667    3614.666666666667    4867.0    4552.0
6378.666666666668    3080.6666666666665    3773.0    3438.6666666666665    4383.0    2230.3333333333335    4044.3333333333335    4971.666666666667    6195.333333333333    6077.333333333333    7947.666666666666    7920.333333333333    10649.333333333332    14808.66666666667    35449.666666666664    44223.33333333333    38210.666666666664    28834.999999999996
