5834    4812    10888    7687    6483    6762    6796    14257    13440    18754    33568    35331    25729    34334    25444    20079    8972    13227    12269    10691    19114    25822    33101    35265    37488    29333    21814    12626    9171    4062    8657    5662    7310    7401    8204    3282
4831    4918    5538    4058    7313    7270    4075    6894    13187    19151    23479    24027    44411    33484    23448    20187    12730    9920    11681    13504    16076    23368    33016    24879    32311    32443    24875    15428    8325    9044    4499    4493    5981    10641    3564    2606
5040    5239    6454    5592    5824    8615    6702    8901    14850    24092    27206    22423    32949    34904    16275    17714    13697    12203    13481    8466    25095    25795    28012    33217    31402    18718    21033    11746    5517    7552    6242    6471    4906    6152    5674    9176
5574    5841    7140    5915    9316    8570    5431    11982    17940    25738    27438    32210    38487    25991    27244    19032    9421    10064    11333    17071    25091    25852    28818    28187    29860    19900    25099    13558    8597    4745    3369    6174    6634    4213    4741    5007
4039    3173    5722    7630    4393    5245    5251    7937    10561    21297    22598    25461    31662    25447    25901    19802    13147    11334    8930    14696    20124    22338    26642    27864    27441    18171    18289    16902    9633    8320    4998    6045    5686    3308    5200    6052
6373    4166    5814    6514    9051    9007    9279    11878    19654    27371    25624    21208    26855    21188    18818    24394    18788    9202    12688    12827    25538    25896    22105    30239    20790    20826    27203    13003    17166    7270    4403    7516    4696    5212    9426    4532
3432    5442    7446    3583    5062    7437    9784    14667    21278    22004    29376    21198    23415    21426    24215    27388    11251    19471    12528    18739    16556    31391    26034    21892    16371    30362    24451    17696    15715    11305    6965    3490    6880    5440    5329    3702
3988    4651    11644    8554    7954    12473    17038    19235    25041    25852    16532    13491    19059    15681    19630    20029    18928    24895    24933    23612    27519    22977    19370    23055    20494    12881    12281    19247    15964    19440    11412    10013    6630    2870    5303    4901
5242    10310    3914    8495    14102    15141    17304    22784    15497    15178    17501    13886    22729    21329    19639    20581    24860    28445    30632    32600    20821    16181    19226    21744    18052    15580    19366    16409    13438    19485    15605    13712    8804    5682    7116    3690
6852    11282    15372    20154    8358    13978    12944    11152    13989    16620    12880    13324    13741    21860    16703    23809    22127    13557    22242    20427    27748    26859    24731    16249    18425    16078    14040    17726    13397    14249    9459    14576    10904    20151    12281    8228
17206    11921    11250    11160    10728    12766    21606    19963    17784    17333    17213    18959    21957    15213    15013    9824    14447    18000    18556    21273    13469    15272    16943    15321    13298    16696    14244    16257    15311    15535    20957    13516    13842    7789    12968    9024
8683    13379    8373    10167    6347    6100    8002    11290    4864    7720    8709    10314    11431    8370    4329    7679    9282    9456    7867    6254    8683    8934    8696    8517    6308    7729    8139    10144    7182    7454    9377    11645    9397    5040    5441    6631
13064    15224    10620    11101    14414    18162    22164    19066    13196    15971    13772    17592    18020    15833    16449    14673    16985    18140    16888    16799    16496    18071    12690    14670    11162    17315    12522    10121    17111    14892    16900    20300    12957    13324    7776    6316
9464    10186    9504    18170    18645    17980    11490    10164    5526    16402    10349    22730    17774    17160    20214    19442    16729    21319    15666    18068    24743    25787    20710    15333    12774    11432    12675    12811    13399    13603    14954    15808    12434    11443    11422    5149
7217    6352    16368    10255    15793    15307    20314    17958    16803    13683    15344    15039    17173    19553    20323    22930    31122    25322    39870    15359    26531    17797    16876    12785    15302    13179    15987    13113    13307    15340    13096    13244    13394    6763    7789    7469
6194    5817    5058    7495    12497    13391    12602    20592    17574    18862    14226    14878    26088    16910    21253    22309    39014    27261    21677    23881    15399    14744    17121    15996    10334    12895    10552    16349    15867    12926    15923    8958    7399    7894    10371    3832
6557    5828    3604    6332    6356    8283    15709    16703    25324    16019    18878    14123    16950    16808    23710    23824    17286    20990    26397    22061    28679    19276    27614    11987    15338    15186    21253    19191    17647    14736    7872    4825    7164    3328    5920    7088
3100    3646    6393    7107    6805    12804    11118    12748    25014    16047    29520    22097    26910    17731    23932    27067    20258    16540    18502    19421    23799    21467    21943    21689    15914    16754    31687    18983    14394    9186    5456    9950    5792    4254    4401    5982
2434    5363    8024    7643    5614    7206    9150    15339    15191    21829    34146    28631    21066    32433    23824    33811    23936    15169    10111    19606    23041    22917    26659    22165    17936    20714    20252    19605    9004    5666    7170    2473    7055    6821    4320    4206
3384    3592    5865    6922    8266    4386    7009    5551    14144    30133    22437    22705    21418    25752    28484    24329    27035    13074    9986    14909    15275    26041    25318    32413    20358    22830    30248    16355    11500    6285    9448    3297    5516    5397    7082    4381
5289    6694    5314    5180    12503    5207    6932    9721    13246    21231    30795    29350    27271    24385    19808    14987    14116    10651    7261    14269    14765    28164    27643    36422    39850    30543    23404    9516    8749    10253    7592    7673    6198    8701    9109    5188
