44019    102104    145826    135436    97028    59256
45406    96817    126061    135177    99089    43105
59009    95973    142945    119331    76691    43386
55434    77966    156516    149423    83981    38263
39183    78118    119281    143691    79852    41114
36091    85721    148167    140856    88600    47085
33280    100513    167540    129615    82212    39561
43999    88071    148180    128562    96037    62728
44844    107638    161069    139364    91200    50965
46539    95210    146303    160354    87130    40936
49116    97062    145288    140875    72242    48031
32274    50122    54056    69231    55991    36259
42535    97146    129893    141306    83702    46174
52045    82633    128224    159342    74910    44305
50718    97904    146189    141955    90684    56607
50020    80255    138282    129836    92838    52908
51159    85589    141873    119067    86039    55119
44951    99648    152695    131152    75595    54370
42319    86040    143932    138861    97754    51624
46087    92876    144465    125053    83505    49139
50800    98947    143886    137887    75494    50966
