10583    22788    40338    29375
11107    22581    28104    25694
9607    22016    30427    25033
12753    21314    25443    22977
12229    19505    28508    24102
9617    10584    14581    15815
11930    18195    26462    20469
13142    17086    27751    17844
8648    16812    26887    27091
8906    18637    25784    21255
11006    19258    22615    23618
11356    23309    22274    16387
9905    17206    21536    20777
8736    18687    27890    32544
9251    16101    25316    17978
8397    15741    14626    23563
6792    11633    17025    15515
9599    18289    18234    19295
8865    7258    13260    11786
6804    15554    17502    15806
8425    14574    22338    22868
7792    14953    17714    15500
8705    9333    26006    21127
13140    14932    23414    21308
10621    20305    33686    28233
9850    15533    27168    22007
