9963    16336    23073    15243    8577    4881    4217    2908    3311    2713    5903    1686    2135    2138
9927    12108    8660    12652    13592    6481    6446    3329    1545    2411    1912    1777    4216    2430
13956    6688    8685    9450    13102    6592    5821    5877    4755    2590    2714    1502    2533    2818
9912    6742    6297    9168    15934    7509    4100    4703    4032    4625    2677    1617    3106    2065
8069    13444    8124    11859    7051    11885    6490    3643    1906    1653    1961    4654    2109    1496
1679    4317    1391    1997    1412    3611    4978    1563    2821    5281    7533    5330    3830    4854
8809    10174    6301    8681    5614    7771    4562    9694    3366    2764    1737    2122    3455    2006
5434    11810    6875    6026    9693    7975    6717    4300    3904    2693    3739    3026    2285    1346
7151    11362    4757    8029    6165    9191    9738    7171    5742    3790    2057    1615    1401    1269
7733    3567    6289    5732    3991    4739    4058    10475    9852    7209    3211    1797    4126    1803
6924    5076    6860    10117    6383    5765    3744    5665    4746    6583    6578    4138    2168    1750
4607    6392    7307    3271    5155    6128    2405    5425    6984    6139    8049    4533    4950    1981
1506    4241    3466    7705    5582    3402    7686    5361    4898    4590    4148    5430    5637    5772
3109    6067    4593    4239    7282    5476    11629    7222    8000    9605    7311    6552    2022    4750
6690    4552    4997    3313    5311    5503    6202    4704    4099    3304    3807    5538    3878    6748
4708    4850    6913    6005    3907    3813    4354    3882    2594    2360    5633    4948    4900    3460
3348    3242    2233    5586    4466    5328    5052    2973    1746    3751    3328    2158    4275    3479
2460    1685    3511    3460    3749    5971    6731    5164    6012    6751    8477    3208    5836    2402
1560    2964    3233    3504    3687    2989    1477    2767    3875    1198    3029    3298    3925    3663
2089    2237    2261    7187    2793    2164    6046    3007    5211    5146    5125    4641    2675    5084
1398    3938    3016    2116    4539    7222    5502    6697    5055    6813    7564    5101    5762    3482
1826    1495    1296    2071    1670    1934    2934    6253    7384    7828    5091    6988    4085    5104
1643    2114    1559    1935    3772    3578    3039    1717    10202    8398    8316    6274    5792    6832
5989    6215    5940    4855    6086    9450    6543    6551    4629    2510    2556    4915    3639    2916
11523    12454    7519    10444    9784    13373    10182    5096    2157    2136    2012    1755    2525    1885
8716    11126    5161    8732    12288    4017    7879    3777    2879    2283    2652    1800    1912    1336
