11620.666666666668    24103.0    40581.33333333333    42920.333333333336    31551.666666666664    19066.666666666668    11696.999999999998    10639.666666666668    7672.333333333333    8464.0    5113.333333333334    3748.666666666667    4570.333333333333    5108.0    3440.3333333333335    3496.9999999999995    3739.333333333333    3663.0
3849.0    3773.6666666666665    3960.0    3482.0    4525.0    4643.333333333333    4126.666666666666    4114.666666666667    6757.666666666666    6935.666666666666    6985.333333333333    9474.666666666666    17158.333333333332    29234.333333333332    37539.333333333336    38967.00000000001    27191.333333333332    15566.333333333336
2715.6666666666665    3719.0    4550.666666666667    4923.666666666666    3899.0    4895.333333333333    4371.333333333334    6585.333333333334    4762.0    8065.333333333334    7833.000000000001    10642.666666666668    24389.333333333332    33806.333333333336    40602.333333333336    38367.0    25638.666666666664    15601.666666666668
3424.333333333333    4101.666666666666    5021.0    3543.666666666667    4340.333333333333    3594.6666666666665    4143.666666666666    4880.999999999999    5138.333333333334    8094.333333333334    9266.000000000002    10528.666666666666    24411.0    34138.99999999999    36409.0    36534.666666666664    26893.333333333336    15036.333333333336
3255.0000000000005    3712.0000000000005    4043.3333333333335    3449.6666666666665    5247.0    5243.333333333333    4180.0    5401.666666666666    6079.333333333333    6120.0    8931.666666666666    12239.0    19560.0    38891.666666666664    33851.666666666664    36213.333333333336    27823.333333333336    15596.666666666666
2952.333333333334    5150.0    4096.666666666666    4983.333333333334    2949.666666666667    3943.666666666667    4905.0    4674.666666666667    5453.0    7705.666666666668    8748.666666666666    15000.0    21886.999999999996    26667.333333333332    29808.333333333332    28504.333333333332    31818.333333333332    18234.666666666664
4258.0    3990.0000000000005    3975.6666666666665    3825.0    4335.666666666667    3832.6666666666665    3616.3333333333335    5584.000000000001    4237.0    6797.0    7400.999999999999    15402.666666666664    27140.000000000004    29111.0    40406.33333333333    25808.0    26523.0    19063.666666666664
2930.3333333333335    4062.3333333333335    3060.0    3992.666666666667    3927.0    3473.3333333333335    4308.333333333334    5953.000000000001    5692.666666666666    6319.333333333334    9954.0    16200.666666666666    25170.0    28336.999999999996    26319.666666666668    23835.333333333332    27086.666666666668    20973.666666666668
21763.333333333336    24558.333333333332    29683.666666666668    24376.666666666668    24950.333333333332    18495.000000000004    17877.666666666668    13643.333333333332    7820.666666666666    6210.0    6405.666666666667    4428.666666666666    3791.0    5519.333333333334    4379.333333333333    4050.0000000000005    4572.666666666667    4127.0
20321.0    20560.333333333336    21614.333333333336    21177.666666666668    24863.333333333336    22003.666666666668    18392.0    12064.666666666666    9010.0    6779.333333333334    6057.333333333333    5025.333333333334    4298.666666666667    3739.333333333333    3949.0    3489.666666666667    4384.333333333333    5319.666666666667
18877.333333333332    20024.333333333332    19613.0    22821.0    20449.0    17825.333333333332    19058.666666666664    16598.666666666668    14314.0    9115.333333333334    7851.333333333332    4822.0    6526.333333333333    4885.333333333334    3506.666666666667    4990.0    5027.333333333334    4125.333333333333
7362.333333333333    4975.0    13909.333333333334    14031.333333333332    11300.0    7886.666666666667    7263.0    9577.0    11293.0    15931.666666666666    14744.999999999998    9654.666666666668    10399.0    10949.666666666668    13525.0    9250.0    14021.333333333332    8779.0
4712.666666666667    3848.0000000000005    3910.6666666666665    5462.333333333334    4338.333333333334    5858.333333333333    9410.333333333334    12610.666666666666    14880.999999999998    13069.333333333334    11281.333333333332    12185.0    15042.666666666668    17499.666666666668    18808.666666666668    16507.666666666668    14763.333333333332    13950.0
2706.9999999999995    3613.0    4064.3333333333335    5301.0    9782.333333333334    11107.000000000002    11884.0    11320.333333333332    12185.666666666666    9453.0    13485.333333333332    12127.666666666668    14882.0    17141.0    19004.0    17267.0    15426.0    12670.666666666666
5764.0    5931.666666666667    9606.333333333334    7669.666666666666    13975.333333333332    11873.666666666666    9189.0    11619.333333333334    10747.333333333332    8830.0    9738.0    10628.0    11560.333333333334    12663.333333333334    17406.333333333336    17105.666666666668    10802.0    8187.999999999999
8313.666666666666    10632.333333333332    8936.666666666668    8148.666666666666    9370.666666666668    8229.666666666668    9517.0    9543.666666666668    8746.0    9861.333333333334    7481.333333333334    6189.666666666667    8552.333333333332    13097.666666666668    15857.999999999998    17017.666666666668    10769.333333333332    10155.0
11433.0    10298.333333333334    16071.666666666668    19436.333333333336    11689.333333333332    8957.0    8592.666666666668    6348.666666666666    7624.333333333333    6801.999999999999    7588.666666666667    6280.666666666666    6197.666666666667    6961.0    8819.0    7827.000000000001    8061.666666666667    6907.0
8476.666666666666    10978.333333333332    16050.000000000002    16114.666666666666    12831.666666666666    9233.0    7253.333333333333    7168.333333333333    6590.666666666667    5962.666666666667    4925.333333333333    8433.333333333334    6578.666666666666    5101.666666666666    7077.000000000001    5138.333333333333    5557.333333333333    8170.999999999999
16214.666666666668    17611.333333333336    21858.666666666668    22614.0    19306.666666666668    16648.333333333336    14263.666666666666    16951.333333333332    13582.0    9987.666666666666    6661.0    6373.333333333333    5550.666666666667    5670.0    4750.666666666667    3821.666666666667    4464.666666666666    3748.0
21186.0    19401.0    21353.666666666668    27328.333333333332    21579.666666666668    22398.000000000004    18407.0    14739.999999999998    11209.0    8568.333333333334    6097.666666666667    5424.0    5577.999999999999    4415.666666666667    4656.0    4121.333333333334    3669.3333333333335    2661.9999999999995
20019.333333333332    26771.666666666668    27390.666666666668    27552.000000000004    22974.000000000004    27606.333333333332    19863.333333333332    14660.333333333334    8997.666666666666    5983.666666666667    5046.666666666667    6461.666666666667    3817.0    5632.666666666667    5351.666666666666    3629.333333333333    4309.0    4634.333333333333
20820.666666666668    23254.333333333332    29562.0    23320.333333333332    32700.333333333332    25180.0    17183.333333333332    13659.666666666666    7945.333333333334    5522.666666666667    6348.0    5162.333333333333    5636.0    5557.666666666666    5233.666666666667    4334.0    4704.666666666667    3527.0
2948.0000000000005    3677.333333333333    3151.0000000000005    3653.0    3353.666666666667    2869.3333333333335    2703.6666666666665    2803.333333333333    3200.6666666666665    2709.3333333333335    3685.666666666667    2530.0    3314.333333333333    2859.6666666666665    3489.333333333333    3462.6666666666665    3819.3333333333326    2902.666666666667
2737.6666666666665    2611.0    2649.9999999999995    2931.666666666667    2547.0    2980.0    2555.3333333333335    2888.0000000000005    2757.6666666666665    2596.0000000000005    2684.6666666666665    2535.6666666666665    3014.333333333333    3998.3333333333335    2735.0    2994.0    3317.6666666666665    3481.666666666667
2584.3333333333335    2456.6666666666665    2558.0    2720.666666666667    4316.0    3232.0    2575.3333333333335    2795.6666666666665    3378.666666666667    3162.3333333333335    2617.666666666667    3193.0000000000005    3175.0    3984.9999999999995    3023.666666666667    3246.6666666666665    3065.666666666667    3458.333333333333
3099.6666666666665    3405.333333333333    2910.6666666666665    2500.6666666666665    2712.3333333333335    2511.333333333333    2829.0    2331.6666666666665    3078.333333333333    4027.0000000000005    2778.0    2372.6666666666665    2811.0    3182.666666666667    4078.333333333333    3367.0    3923.666666666667    3379.333333333333
2535.3333333333335    2423.0    2743.6666666666665    2460.3333333333335    2563.333333333333    3217.666666666667    4229.0    3884.6666666666665    3345.0    2381.333333333333    2831.3333333333335    3054.0    3086.3333333333335    3030.0    3743.0000000000005    3583.3333333333335    3043.6666666666665    3241.0
3164.666666666667    3981.0000000000005    2903.333333333333    2740.6666666666665    2501.3333333333335    3350.9999999999995    2037.6666666666667    2314.3333333333335    3614.666666666666    2786.6666666666665    2864.3333333333335    3047.3333333333335    3182.3333333333335    2695.6666666666665    3145.6666666666665    3145.666666666667    2749.9999999999995    3041.6666666666665
3397.0    3054.6666666666665    3650.9999999999995    4139.0    2697.0    3053.3333333333335    2749.6666666666665    2878.666666666667    2641.6666666666665    2206.0    3183.0000000000005    3379.333333333334    4235.0    3649.0    3447.0    3164.666666666667    3205.9999999999995    3370.6666666666665
2273.3333333333335    2217.333333333333    2493.3333333333335    3171.0    3386.6666666666665    2420.0    3192.333333333333    3637.3333333333335    3539.3333333333335    3379.6666666666665    3668.0    3054.3333333333335    2604.333333333333    3644.3333333333335    3825.3333333333335    3649.9999999999995    3183.0    2870.666666666667
2776.6666666666665    2595.666666666667    2129.0    2871.666666666667    2733.9999999999995    2407.3333333333335    2781.9999999999995    2811.9999999999995    2702.0    2922.0    3219.6666666666665    3681.0    3475.3333333333335    3014.3333333333335    2855.666666666667    2576.0    3745.6666666666665    2714.333333333333
