22187.66666666667    20542.000000000004    43914.99999999999    66779.33333333331    57572.333333333336    30031.333333333332
17429.333333333332    21259.000000000004    44018.333333333336    64236.0    59445.00000000001    30600.0
21901.333333333336    22281.0    40077.33333333333    73117.0    65918.00000000001    32205.666666666668
21335.999999999996    22783.000000000004    42729.333333333336    70602.33333333333    59591.33333333333    37526.99999999999
19594.999999999996    20242.333333333332    46041.0    69288.0    55561.66666666668    34797.666666666664
22448.333333333332    21731.000000000004    39849.0    61715.66666666667    59749.00000000001    33366.0
21708.0    17639.000000000004    36822.333333333336    67334.33333333333    58269.666666666664    36404.33333333333
18728.666666666668    19202.333333333332    37418.333333333336    63299.333333333336    60136.0    35472.0
19211.666666666664    21951.000000000004    35501.666666666664    61706.99999999999    60989.666666666664    38997.333333333336
24926.666666666668    16033.333333333334    31062.666666666668    60329.0    61200.0    35769.66666666667
16993.333333333332    18384.0    31713.333333333332    52327.66666666667    49578.0    30697.333333333336
19955.66666666667    21041.666666666668    32815.0    53051.66666666667    50727.0    30362.33333333333
23115.333333333332    17543.333333333332    28604.999999999996    57642.333333333336    54394.66666666667    31448.0
18033.666666666664    16710.0    33701.333333333336    52659.0    48235.0    33050.0
19261.999999999996    19486.33333333333    37781.33333333333    53053.00000000001    47404.66666666667    27058.0
16404.666666666664    19325.66666666667    32273.666666666668    48740.66666666667    51058.0    24121.666666666668
16815.000000000004    15281.0    29110.666666666664    38552.333333333336    35370.66666666667    24360.666666666668
14115.0    13629.000000000002    21544.666666666668    34041.0    26841.333333333336    20611.666666666664
19835.666666666668    22242.333333333332    46602.666666666664    53369.66666666667    49518.00000000001    27926.333333333343
21411.0    19415.66666666666    39765.66666666667    65130.333333333336    57216.33333333333    31514.999999999996
18386.333333333332    18150.333333333336    33895.666666666664    57172.33333333332    66625.66666666667    31724.66666666667
19525.333333333332    18753.666666666664    34703.666666666664    66089.66666666667    57720.33333333333    39107.00000000001
20145.0    19326.666666666664    37611.0    66175.33333333333    56949.333333333336    30413.999999999996
19997.333333333336    20385.666666666664    33375.0    68446.0    64190.66666666667    33335.666666666664
15144.666666666664    15938.0    34124.333333333336    63595.666666666664    69957.33333333334    38274.333333333336
20853.999999999996    19276.666666666668    38159.33333333333    67708.33333333333    68455.0    39688.666666666664
23431.333333333332    18400.0    38216.333333333336    63683.0    66763.0    36433.99999999999
21398.333333333336    15837.666666666666    35977.333333333336    66264.33333333333    60184.0    40515.66666666667
19168.666666666664    17245.333333333332    35542.0    65206.00000000001    59382.00000000001    33239.66666666667
18792.0    20098.666666666664    37167.0    69822.33333333336    68859.33333333333    33601.66666666667
20757.333333333336    19976.333333333336    46965.33333333333    68522.33333333334    60267.33333333333    28109.0
