10435.333333333334    19944.0    35651.0    42241.333333333336    37897.333333333336    20271.333333333332    13740.666666666666    10206.666666666664    9439.666666666668    7538.000000000001    4818.666666666666    7313.0    3273.666666666666    3417.0    3641.3333333333335    3482.3333333333335    3636.3333333333335    4080.0
13749.666666666666    20599.333333333332    33745.66666666667    39859.666666666664    31765.333333333336    22976.0    9927.0    10248.333333333332    10546.0    7575.333333333334    6210.666666666666    4577.0    3680.6666666666665    3495.3333333333335    5667.0    4042.333333333333    3753.333333333333    4569.0
11242.0    24266.666666666668    33237.66666666667    41906.33333333333    35777.333333333336    28499.333333333332    15781.666666666668    11283.666666666666    8678.333333333332    10443.666666666668    5317.333333333333    4613.0    4802.333333333333    4206.333333333334    3327.0    4991.333333333333    4424.666666666667    2701.666666666667
7122.0    8587.333333333334    11130.333333333334    19824.666666666668    15558.333333333334    9151.666666666666    8599.666666666666    8415.666666666666    7377.666666666666    6715.333333333334    7052.0    11287.666666666666    16756.0    18834.666666666664    30517.333333333332    25145.999999999996    27355.333333333332    15137.333333333334
13111.000000000002    25308.333333333332    29216.0    33543.666666666664    30729.0    28824.666666666668    19219.666666666668    10658.0    9322.666666666668    7612.333333333333    8404.0    5128.0    4903.0    4662.666666666667    3424.666666666667    5111.333333333333    3484.666666666667    2862.0
15959.333333333334    21264.333333333332    31920.666666666664    31722.333333333336    34063.333333333336    25764.666666666668    16974.333333333332    9762.666666666666    6817.666666666666    5494.333333333333    6311.333333333333    4896.0    3582.0    4003.666666666667    6449.0    4816.333333333334    4639.666666666667    4417.333333333334
11138.333333333334    18196.0    19714.333333333336    24798.0    24231.333333333332    17803.666666666664    12296.333333333334    8843.0    6930.333333333333    5968.333333333333    7277.333333333334    8530.333333333334    12257.0    12828.0    11548.666666666666    12412.666666666666    14492.000000000002    8912.0
3848.0    3982.0    4465.333333333334    3456.3333333333335    4293.333333333333    6054.333333333333    3886.0    5204.666666666666    5403.999999999999    6478.333333333334    9779.666666666668    12484.333333333332    21143.999999999996    27322.666666666664    30302.666666666664    36208.0    25890.333333333332    24052.666666666664
3485.666666666667    3569.3333333333335    4267.0    6120.333333333334    4455.666666666666    5605.0    5379.333333333333    7465.0    10778.0    9845.333333333332    13690.666666666668    16769.666666666664    19264.333333333336    25600.000000000004    25959.0    27934.333333333332    24781.0    23388.666666666668
3284.333333333334    3484.333333333333    3412.666666666667    3392.6666666666665    5341.333333333333    4692.333333333333    5122.333333333333    5076.333333333333    5857.666666666667    10406.999999999998    12309.333333333332    19399.0    21762.0    22271.333333333332    25311.0    26866.000000000004    29039.666666666668    22292.0
3827.6666666666665    3527.0000000000005    4399.333333333334    3502.666666666667    3622.6666666666665    3935.333333333333    6158.999999999999    4889.333333333333    6730.0    12692.666666666666    16606.333333333336    14883.666666666668    13954.0    17700.333333333336    23684.666666666668    24320.666666666668    17467.0    17791.333333333332
3436.666666666667    3899.666666666667    3886.0    4024.0000000000005    6003.666666666667    5035.0    5996.0    6389.666666666666    12796.333333333334    14730.0    16302.0    13681.0    12311.0    15473.333333333334    25313.666666666664    26251.666666666664    19513.333333333332    12910.333333333334
4250.0    5007.0    4473.333333333334    4836.666666666667    6239.666666666667    6614.0    10032.666666666666    12790.666666666668    13019.666666666666    13646.666666666668    13191.333333333332    14530.999999999998    9466.0    16696.333333333332    22376.000000000004    18840.666666666668    19271.666666666668    17465.333333333332
3641.0000000000005    4617.666666666667    5393.000000000001    4480.333333333333    8164.0    11025.666666666666    10570.0    12853.333333333332    10122.0    9181.666666666668    11130.333333333332    13114.000000000002    11799.000000000002    15935.333333333332    20822.666666666664    20874.999999999996    17326.000000000004    11338.0
4483.333333333334    5630.999999999999    8038.333333333333    11057.0    11171.0    11263.333333333332    11775.999999999998    8817.0    10288.000000000002    13407.333333333334    12980.666666666666    8935.0    11161.666666666666    15014.0    16155.999999999998    20134.333333333336    14084.333333333334    9647.0
8261.333333333334    7780.666666666666    10811.666666666666    8411.666666666668    12371.666666666664    9523.666666666666    9111.666666666666    10557.0    10531.666666666666    8409.333333333332    10131.333333333334    9226.0    9770.666666666668    10631.0    19427.333333333336    14992.666666666666    13633.0    8342.0
7736.666666666667    6283.666666666667    8867.666666666668    6168.666666666666    7242.0    6453.666666666666    6945.999999999999    6132.999999999999    8025.333333333333    8144.333333333333    8629.666666666666    6431.666666666667    7844.333333333334    10494.666666666668    16368.666666666666    16925.0    11679.333333333334    9116.0
6208.0    6610.666666666667    12182.0    11018.666666666668    11353.666666666666    9127.666666666668    6682.666666666667    5100.0    6538.666666666667    6213.666666666667    6087.333333333334    6644.666666666667    4700.0    6460.0    6160.333333333333    6064.000000000001    5435.0    8195.666666666666
18349.333333333332    18082.666666666668    17767.0    22564.333333333332    22885.333333333332    17306.333333333332    14726.666666666666    16912.666666666668    15173.666666666666    11122.000000000002    10630.0    6331.666666666667    6615.0    4275.333333333334    5088.0    4148.0    4229.333333333333    3287.333333333333
11718.666666666666    16844.000000000004    15510.666666666666    13812.333333333334    14279.666666666666    16762.666666666668    18046.333333333336    16403.0    13373.666666666668    9169.666666666668    8905.0    10675.666666666666    9280.333333333334    11498.333333333334    13547.333333333334    16248.000000000002    10572.333333333334    7806.333333333333
3287.3333333333335    3029.0    3890.0000000000005    3510.666666666667    3656.666666666667    4231.0    5234.666666666667    6726.666666666667    5335.333333333334    8041.666666666668    12053.333333333334    15201.666666666666    18535.333333333332    25957.0    32524.000000000004    25018.333333333332    24714.666666666668    25007.666666666664
4393.666666666666    7499.0    12162.333333333334    11985.666666666668    9564.0    6564.333333333333    6047.666666666667    7357.333333333333    5948.333333333333    6474.666666666666    6780.000000000001    12998.666666666666    21880.666666666664    24649.666666666664    23083.333333333336    23838.000000000004    23698.333333333332    20974.0
7497.0    9567.333333333334    13530.333333333334    16941.666666666668    12534.333333333334    10687.666666666666    6788.333333333334    9323.0    9137.0    8081.666666666667    7418.666666666667    9873.666666666666    16231.333333333332    16636.666666666668    17699.333333333332    22797.666666666664    20853.0    15022.666666666666
2889.6666666666665    3534.333333333333    3988.666666666667    3341.666666666667    3627.0    5436.333333333334    5432.666666666666    5089.333333333333    5187.333333333334    8466.333333333334    9949.333333333334    10544.666666666666    20536.333333333336    31535.333333333336    32764.666666666668    33076.66666666667    33729.333333333336    20600.666666666664
3690.3333333333335    3897.0    6263.666666666667    3762.0000000000005    4249.0    4981.333333333333    3492.666666666667    3790.6666666666665    5700.666666666666    7564.000000000001    5578.0    10434.666666666666    19424.0    29381.0    34654.33333333333    35172.0    32931.0    22068.0
3745.3333333333335    4356.666666666667    4093.0    4096.0    3898.6666666666665    4788.0    4849.666666666667    4799.333333333333    6579.333333333333    6718.666666666667    7814.666666666666    10688.666666666666    18695.333333333332    32541.000000000004    41146.0    40716.0    35291.333333333336    19324.333333333332
2958.0    3682.0    4813.0    3294.0    4788.333333333333    5992.333333333333    4109.0    3865.333333333333    5559.666666666666    5633.000000000001    6744.333333333334    13486.333333333332    19008.666666666668    34016.66666666667    40874.0    42578.00000000001    26806.666666666664    18718.333333333336
2721.6666666666665    3814.6666666666665    4004.3333333333335    3812.6666666666665    5800.333333333333    4368.666666666666    5214.0    5418.333333333333    6147.333333333334    5629.666666666667    5521.666666666666    8197.666666666666    16175.666666666666    33396.333333333336    38872.666666666664    39629.0    35419.333333333336    16033.333333333334
3720.666666666667    4151.333333333334    3479.6666666666665    4511.666666666667    4205.666666666667    4450.666666666666    3662.666666666667    4271.333333333333    4830.666666666666    6360.333333333333    7511.666666666667    7581.999999999999    12574.000000000002    27036.666666666668    38751.666666666664    44126.0    31344.666666666664    17212.333333333332
8306.666666666668    15304.0    27525.333333333336    29952.0    22728.666666666664    15043.333333333334    8051.666666666668    6951.666666666667    8696.666666666666    7612.000000000001    6421.666666666667    5589.333333333333    9634.666666666666    14735.33333333333    18290.666666666664    18460.0    14592.666666666666    10444.666666666666
9417.333333333334    17927.0    34941.666666666664    44145.0    41994.0    22726.333333333332    12151.0    11167.666666666666    9506.666666666666    5687.666666666666    5283.0    4771.333333333333    3620.0    3742.9999999999995    5027.666666666666    4514.333333333333    4442.0    3532.0
