29461.666666666668    68154.66666666666    126127.33333333333    125247.33333333334    75080.0    34225.0
33527.666666666664    70599.00000000001    120100.33333333333    125012.33333333331    72615.66666666666    34481.0
35725.33333333334    62614.00000000001    109905.0    117129.66666666666    69709.0    27662.0
32213.0    67064.33333333333    114855.0    118158.0    74223.33333333333    35926.99999999999
27995.333333333332    65724.66666666666    108844.00000000001    107427.33333333334    66299.66666666666    31365.333333333332
27826.333333333336    60635.333333333336    108375.33333333333    115180.66666666667    65158.66666666666    32327.0
27680.333333333332    52690.0    99537.99999999999    97090.33333333334    59015.66666666666    30426.333333333332
29186.333333333332    44341.666666666664    83745.33333333334    77340.99999999999    53482.66666666668    24683.333333333336
19897.000000000004    35539.33333333333    61931.33333333333    57002.00000000001    33609.0    20426.333333333332
26418.999999999996    58121.0    102230.0    114100.33333333333    61006.0    27053.333333333332
33647.33333333333    62395.33333333333    116038.33333333334    107481.99999999999    59022.33333333333    34330.33333333333
36050.666666666664    59495.33333333333    104425.0    115703.66666666669    61250.0    30711.666666666664
33406.333333333336    64963.666666666664    122680.0    119032.33333333333    60882.33333333334    29043.666666666664
31069.333333333336    67908.0    117574.33333333333    117721.66666666664    63924.33333333332    28611.333333333332
27463.666666666664    65709.0    119575.00000000001    121229.33333333333    67005.33333333333    33884.333333333336
34433.0    62901.0    108577.33333333334    115231.00000000001    74457.00000000001    34108.0
33054.66666666667    67364.66666666667    140078.66666666663    123824.00000000001    73099.33333333334    30743.000000000004
30627.333333333332    60687.0    127590.66666666664    126781.33333333334    63842.0    34019.0
30846.666666666668    68616.33333333333    127321.0    123381.33333333334    67825.66666666666    34938.666666666664
34424.333333333336    63506.66666666667    120645.66666666666    126086.66666666666    70944.66666666666    32019.333333333332
33337.66666666666    69174.66666666667    130794.0    130109.66666666669    70340.0    32572.999999999996
