21241.333333333332    24655.666666666664    23205.666666666668    32317.66666666667    35041.66666666667    25471.666666666664    22428.0    25829.66666666667    23030.666666666668    17107.0    17500.0    19780.333333333332    24123.666666666668    23601.666666666664    26145.333333333332    33912.0    36336.99999999999    26566.999999999996
18666.666666666668    25861.666666666664    19549.666666666664    31287.666666666668    33947.333333333336    33154.33333333333    22324.333333333332    23570.666666666664    21208.666666666668    14587.333333333334    21043.333333333336    24045.333333333332    22629.666666666664    22443.666666666668    32860.666666666664    38473.0    28518.666666666668    22163.333333333332
19876.999999999996    16917.0    21218.0    28352.666666666668    32612.666666666664    25477.333333333336    21319.333333333332    20220.0    18842.666666666668    24071.333333333336    23321.666666666668    23941.666666666664    16792.666666666668    20419.999999999996    26565.999999999996    32178.999999999996    29446.666666666668    21169.333333333336
16208.333333333334    13598.333333333332    20330.666666666664    27992.333333333336    30308.333333333336    29515.333333333336    18963.666666666664    18556.666666666668    23018.333333333336    33378.333333333336    30093.333333333336    27293.66666666667    23016.333333333332    18638.333333333332    23619.666666666664    32519.333333333332    33806.333333333336    21583.333333333332
13174.666666666666    12321.333333333334    14103.0    28748.0    28426.666666666668    24953.333333333332    20660.666666666664    21813.666666666668    24187.666666666668    26540.666666666668    23748.333333333332    24565.666666666664    19753.666666666668    19883.0    23967.333333333336    28676.0    29652.0    22480.666666666668
16011.666666666666    13303.333333333334    21459.666666666668    29836.666666666664    26544.666666666668    32271.0    24553.0    19303.0    21548.0    18202.666666666668    22923.0    20325.333333333336    19546.666666666668    24252.0    24828.0    31502.333333333336    29116.333333333336    13975.999999999998
12708.999999999998    15471.666666666666    20325.66666666667    29465.999999999996    28726.333333333332    22350.0    17797.0    18266.0    15135.666666666666    16420.666666666668    14788.666666666668    18543.0    17478.666666666668    18956.666666666668    20104.333333333332    31377.666666666668    29911.666666666668    18612.0
15280.666666666668    15493.333333333332    20686.333333333332    24652.0    24856.333333333336    22859.666666666664    16719.0    15960.0    17148.0    13228.666666666666    10449.0    11515.666666666666    11233.000000000002    11483.333333333334    18641.999999999996    22502.666666666668    22522.666666666668    17548.0
10162.333333333332    7996.333333333333    10116.333333333334    19351.0    23338.333333333332    17938.333333333332    13949.666666666666    7874.333333333333    7197.333333333333    8454.666666666668    7303.666666666667    7443.0    7396.999999999999    6606.999999999999    16245.333333333334    22706.999999999996    22393.333333333332    11930.0
14517.666666666666    12315.333333333334    25039.666666666668    29216.33333333333    36714.00000000001    26401.0    19089.333333333336    20607.000000000004    16253.333333333334    18184.666666666668    15124.666666666664    18179.666666666668    16894.666666666664    17015.0    22873.666666666668    33636.0    25421.666666666668    21446.0
15686.666666666666    11959.333333333336    16075.333333333332    24364.0    27496.666666666668    24482.000000000004    23633.666666666668    28754.333333333332    21867.999999999996    27669.000000000004    21780.666666666668    23679.666666666668    20266.333333333332    28672.333333333336    28777.0    28287.666666666668    23127.333333333336    16335.666666666668
12659.000000000002    14354.666666666668    21115.000000000004    26077.666666666664    27782.0    23671.000000000004    18586.0    22564.333333333336    29906.333333333332    27754.333333333336    24628.333333333336    23219.000000000004    21012.0    18173.0    22211.0    29526.333333333332    25451.666666666668    18944.666666666668
19338.666666666668    15430.666666666666    21827.666666666668    35405.666666666664    32120.333333333336    25662.999999999996    17399.333333333336    17858.666666666664    21220.66666666667    28780.0    28048.666666666668    26170.666666666664    18183.333333333332    16857.999999999996    23646.666666666668    27802.0    30983.333333333336    23271.0
20148.666666666664    16641.0    23657.333333333332    31155.666666666668    29434.666666666664    25186.333333333332    22048.333333333332    20783.333333333332    23544.333333333336    23744.666666666668    18444.0    18217.0    18193.0    18430.666666666668    30473.333333333332    29603.333333333336    32510.666666666668    24592.666666666668
24096.666666666664    18236.666666666668    23639.333333333336    31962.666666666668    33403.66666666667    27407.0    22620.333333333336    23883.0    19897.000000000004    18436.0    17352.666666666664    17869.666666666668    22717.666666666664    21572.666666666668    27826.0    28880.000000000004    32627.333333333332    22438.333333333332
16721.333333333336    23141.666666666664    21810.333333333336    32560.333333333336    33212.0    22206.666666666668    19035.333333333336    27577.666666666664    17073.666666666668    14210.333333333334    16484.0    22699.666666666664    22671.666666666664    19074.0    26892.666666666668    35490.33333333333    31728.333333333332    27117.333333333336
19800.33333333333    21062.333333333336    29164.666666666668    30070.0    33075.0    30622.000000000004    27171.666666666664    27846.666666666668    20146.666666666668    14434.333333333334    15089.0    19133.0    23439.666666666668    25336.666666666668    29210.0    36783.33333333333    34137.333333333336    31641.666666666668
16788.0    23991.333333333332    26117.666666666664    33324.666666666664    37235.666666666664    33471.33333333333    26356.333333333336    22790.666666666668    15168.0    10845.666666666666    15552.666666666668    14291.666666666666    17933.333333333332    24853.0    30545.333333333336    30784.666666666668    36638.333333333336    26859.0
16518.0    20625.999999999996    28092.666666666668    32038.0    37002.66666666667    32771.0    23662.333333333336    20319.999999999996    16481.0    13500.333333333336    12433.0    12869.333333333334    22037.333333333336    30030.0    33279.333333333336    37738.666666666664    34266.333333333336    29263.666666666668
13187.666666666666    19456.333333333336    32573.333333333332    35166.33333333333    38613.33333333333    30798.666666666668    27258.333333333332    14698.666666666666    15791.0    10492.666666666666    12486.666666666666    11178.333333333334    21419.0    26992.666666666664    35557.333333333336    37524.33333333333    33742.333333333336    30690.333333333332
11566.0    21393.0    31392.333333333332    31434.666666666668    34377.333333333336    37041.0    29689.0    25849.0    16457.666666666668    11779.999999999998    10698.666666666668    12008.666666666666    19749.666666666664    22829.33333333333    37678.00000000001    39085.33333333333    38646.33333333333    34653.00000000001
