24696.000000000004    19662.999999999996    44171.0    65371.66666666665    69490.66666666667    35897.99999999999
21424.0    22577.0    42380.99999999999    65498.0    59349.33333333333    30965.0
22045.000000000007    20573.333333333336    41208.33333333334    60434.66666666666    61635.00000000001    35402.0
21916.000000000007    19228.0    37861.00000000001    65263.00000000001    60243.00000000001    35960.66666666667
27370.666666666668    21159.66666666666    42636.33333333333    63756.66666666666    68609.0    34066.66666666667
21543.33333333333    20049.333333333332    39044.33333333333    60093.666666666664    64884.666666666664    34468.333333333336
24027.999999999993    18454.66666666667    32354.666666666664    63212.0    67251.33333333333    39736.666666666664
18700.333333333336    17468.333333333336    24825.666666666668    53576.33333333333    64505.66666666666    38298.99999999999
16996.0    16417.333333333332    26045.000000000004    49097.666666666664    53985.66666666667    35021.0
19097.666666666668    20399.0    28828.333333333336    44734.666666666664    53455.0    31030.333333333336
19124.666666666668    15402.666666666668    25580.333333333332    44716.33333333333    58092.0    35560.333333333336
21397.333333333332    17532.0    27683.0    52682.666666666664    42382.00000000001    28965.666666666664
19322.33333333333    15748.999999999998    25311.666666666664    45863.0    51478.00000000001    33733.333333333336
20643.333333333332    19001.0    29734.33333333333    45393.99999999999    49618.66666666667    29508.000000000004
18568.333333333332    18897.333333333332    28201.333333333332    45042.666666666664    48156.666666666664    29232.000000000004
19812.333333333336    15993.000000000002    26024.666666666668    40208.666666666664    43115.666666666664    31506.333333333332
19400.666666666668    15337.666666666664    26995.333333333336    45894.666666666664    48531.666666666664    28789.333333333332
19786.333333333332    17892.333333333332    28445.666666666668    51917.666666666664    58403.66666666667    33869.0
18408.666666666668    17488.333333333336    27580.66666666667    54870.0    57969.666666666664    37391.333333333336
21269.666666666668    15844.666666666666    25281.0    55401.333333333336    54069.0    39544.0
20717.999999999996    17222.0    30055.666666666668    50320.33333333333    53737.333333333336    41036.66666666667
19575.0    19188.333333333332    28836.999999999996    52189.0    61201.0    37623.0
18295.333333333336    20086.333333333336    26336.333333333332    56157.666666666664    58081.33333333333    35539.0
19872.0    18958.666666666664    30912.999999999996    56091.666666666664    61209.0    41338.33333333333
20162.333333333332    16407.0    27520.333333333332    58542.333333333336    61158.33333333333    39295.0
21118.0    17034.0    23883.0    55959.99999999999    58357.66666666667    38952.666666666664
18655.666666666668    16189.333333333334    26429.333333333332    59259.99999999999    61746.00000000001    35555.33333333333
20057.333333333332    14708.999999999998    30620.666666666664    56090.666666666664    61799.0    40990.0
19705.666666666668    21831.0    36323.0    59479.666666666664    59760.666666666664    34120.333333333336
20757.666666666664    20737.666666666668    40280.66666666666    65735.66666666666    51842.99999999999    29324.333333333336
19672.666666666668    18248.333333333336    36612.66666666667    66007.66666666666    57539.0    33917.666666666664
