7580.333333333334    12048.333333333334    28391.333333333336    39319.666666666664    45798.333333333336    29190.333333333332    22786.0    14717.333333333334    11215.666666666666    7924.666666666666    6857.0    5673.333333333333    5374.666666666667    4626.333333333333    6023.000000000001    3942.333333333334    3468.0    4353.666666666666
9627.333333333332    11287.666666666668    28329.0    28722.333333333336    39852.666666666664    30108.0    20722.666666666664    14829.333333333334    9378.333333333334    8941.333333333332    7072.0    5497.000000000001    5403.0    3505.666666666667    4799.0    5568.0    3588.3333333333335    4962.666666666667
11037.0    16469.333333333332    21732.333333333332    29182.000000000004    38628.0    30334.666666666668    22278.0    13301.333333333336    9358.333333333334    8640.0    6077.999999999999    5455.666666666666    6328.000000000001    4170.666666666666    5133.333333333334    5374.333333333333    3276.3333333333335    4521.0
9948.666666666666    18548.666666666668    27574.666666666668    31115.666666666668    34782.66666666667    26965.333333333332    21162.666666666664    14235.666666666666    8931.333333333334    7328.666666666666    6663.0    5475.666666666667    4383.0    6392.0    4862.0    4647.666666666667    3764.333333333333    3690.0000000000005
11472.666666666666    16848.333333333332    26819.333333333336    35390.0    37087.666666666664    33137.33333333333    21760.999999999996    13989.0    11941.666666666666    8818.666666666668    6909.0    4934.333333333332    5610.666666666666    3997.333333333333    4669.333333333334    4122.0    3955.0    6135.666666666666
11059.333333333334    17446.666666666668    24667.0    25487.333333333332    33434.666666666664    28431.666666666668    24509.666666666668    16622.0    9933.0    9137.333333333334    6667.666666666667    7062.333333333334    3752.6666666666665    5518.333333333333    4344.666666666667    4005.0    3496.0000000000005    4508.333333333333
9110.666666666666    13852.666666666666    16831.0    24064.333333333332    25941.0    19163.666666666664    17301.333333333332    13220.000000000002    11047.333333333334    7466.000000000001    7785.999999999999    7379.666666666667    9374.0    11354.666666666666    15208.333333333332    11632.666666666668    12670.333333333332    11633.666666666668
3766.666666666667    4073.0    3998.666666666667    3867.666666666667    4582.0    4443.0    3328.6666666666665    5290.0    4994.333333333334    5429.666666666666    7590.0    14755.0    20398.666666666664    23906.333333333332    25330.0    28346.333333333332    25987.666666666668    27287.666666666668
4391.666666666667    3599.0    2762.0    3911.6666666666665    5578.333333333334    3639.3333333333335    3975.666666666666    5982.666666666667    5855.333333333333    5770.333333333333    8932.0    18153.0    18223.666666666664    18875.333333333336    20987.333333333336    21273.0    25002.333333333336    20650.0
3295.333333333334    3452.3333333333335    4722.333333333334    3136.6666666666665    3487.3333333333335    5278.333333333333    4450.666666666666    5894.666666666666    5537.999999999999    9586.333333333334    14568.333333333332    19687.333333333332    19708.666666666664    15643.333333333332    18894.333333333336    21346.666666666668    20801.333333333332    18053.0
3650.3333333333335    3797.3333333333335    4377.333333333333    4183.333333333333    3081.9999999999995    4515.0    4815.666666666667    6428.666666666667    7748.0    11097.333333333332    18692.0    17694.0    14996.999999999998    11183.666666666666    20747.333333333332    22967.666666666664    20582.666666666668    17917.0
3377.333333333333    3622.3333333333335    2999.6666666666665    4584.0    3769.9999999999995    5391.333333333334    7627.333333333334    8298.666666666668    13516.666666666666    14628.999999999998    14796.333333333334    12533.000000000002    9562.333333333332    12105.666666666668    15916.666666666668    22955.000000000004    17958.0    16999.333333333336
3358.333333333334    4564.333333333333    4808.333333333333    5211.333333333333    6429.333333333333    5772.333333333333    13679.333333333334    13173.333333333334    11521.666666666666    9417.666666666668    12055.333333333334    10027.333333333334    10052.333333333334    11818.333333333332    19774.333333333332    19132.666666666668    19211.0    11450.0
4314.0    3845.0    4856.0    8976.333333333334    11530.333333333334    10890.0    11254.333333333334    8197.666666666668    11449.999999999998    10570.666666666666    11197.666666666668    11297.333333333332    11435.333333333334    9762.666666666666    16142.0    16890.0    19837.666666666664    11452.333333333334
5170.666666666667    6802.333333333334    11437.333333333332    10064.666666666668    9142.333333333332    10247.666666666668    9370.0    9928.333333333334    9622.333333333334    7752.999999999999    8715.333333333332    6860.666666666666    10415.666666666668    12694.333333333334    13327.333333333334    17779.333333333336    16464.333333333332    12302.666666666666
8533.333333333334    7767.333333333333    9252.333333333334    8433.333333333334    9970.333333333334    9238.333333333334    8703.0    8659.0    9166.333333333334    8131.666666666668    7625.0    7963.666666666667    10957.666666666666    8869.666666666668    11714.666666666666    17048.666666666664    11734.333333333334    12892.0
9471.333333333334    9760.666666666668    12770.666666666666    16000.000000000002    15293.666666666668    16109.0    10937.666666666668    9160.0    12501.333333333334    13259.666666666666    7977.0    7148.333333333333    7455.000000000001    7671.666666666668    7753.666666666667    7209.333333333334    7655.333333333334    6815.0
4371.333333333334    3542.3333333333335    4869.666666666666    4853.666666666667    4614.333333333334    4338.0    5092.333333333333    7378.333333333333    5014.333333333333    11352.000000000002    13728.000000000002    18922.666666666664    15080.666666666666    17765.666666666664    25834.333333333332    21044.666666666664    26221.0    16291.33333333333
2992.333333333333    4625.0    4296.333333333334    3621.666666666667    4217.0    3501.0    4597.666666666667    4099.666666666666    5130.0    4023.0    6702.333333333332    13418.666666666666    21442.666666666664    22252.666666666668    24246.666666666668    26953.666666666668    31174.333333333336    26414.0
3313.3333333333335    2862.666666666667    3997.6666666666665    3337.6666666666665    3890.3333333333335    3516.333333333333    4831.333333333333    4524.0    4089.0    6533.333333333333    9524.333333333332    11613.0    18133.333333333332    23049.666666666668    28001.666666666664    26645.666666666668    28508.333333333336    25037.999999999996
3309.0    3336.333333333333    4235.666666666667    3329.6666666666665    3453.6666666666665    4660.333333333334    3825.6666666666665    6430.333333333332    5165.0    7027.0    6716.333333333333    11726.0    15704.666666666668    26095.0    25310.333333333336    28270.000000000004    28631.999999999996    25863.0
3550.3333333333335    3946.3333333333335    4225.333333333334    3054.333333333333    4138.333333333333    3253.0    5125.666666666667    5165.0    5646.0    5402.0    4448.333333333334    8719.333333333334    16766.0    26418.666666666668    27676.333333333332    31473.333333333332    34143.333333333336    25461.666666666668
2736.0    3511.3333333333335    4294.333333333333    3248.0    3759.666666666667    4365.0    4760.333333333333    5001.0    6442.666666666667    6229.666666666666    6975.333333333333    8783.666666666668    11558.666666666668    23395.0    27051.333333333336    36049.0    34153.333333333336    22181.666666666668
2858.3333333333335    3449.3333333333335    3510.333333333333    2916.666666666667    3618.0    4712.000000000001    4653.333333333334    4402.333333333334    5461.666666666667    6809.333333333333    6656.999999999999    11406.666666666666    13488.0    21401.333333333332    32838.0    39840.00000000001    33993.0    26367.333333333332
3255.3333333333335    3791.9999999999995    4423.333333333333    4697.333333333334    3420.0000000000005    4911.666666666666    4125.333333333333    4473.666666666667    7013.333333333333    6440.0    6316.333333333333    7426.666666666667    11269.333333333332    21831.333333333332    30676.333333333332    40080.666666666664    30150.333333333332    28782.333333333336
4872.333333333333    4335.666666666666    4018.6666666666665    3234.666666666667    3345.0    3596.6666666666665    5114.666666666667    4105.333333333333    6303.333333333333    5982.666666666666    6429.999999999999    8185.666666666668    15126.333333333334    17212.0    29300.0    36136.66666666667    34767.666666666664    23238.0
3079.0    3867.0    4873.0    3618.0    2611.9999999999995    3987.0    3630.666666666667    5518.000000000001    5291.666666666667    5383.666666666666    5008.333333333333    6371.999999999999    9376.0    17337.333333333332    29284.666666666668    41547.66666666667    34634.333333333336    32415.333333333336
4038.3333333333335    4357.0    3304.3333333333335    4199.333333333333    3612.0    2927.6666666666665    3463.3333333333335    5643.333333333333    5809.333333333334    5519.666666666667    6147.333333333334    7231.333333333333    10526.333333333334    19219.333333333332    34103.0    41089.66666666667    37903.0    25172.333333333336
8381.666666666666    10583.333333333334    21933.333333333336    35265.0    39858.00000000001    33683.0    16067.000000000002    11901.666666666666    8217.666666666666    6276.666666666666    5062.666666666667    6006.666666666667    4641.0    3977.0    4749.333333333334    4546.333333333334    4908.000000000001    5162.0
6919.999999999999    11364.333333333334    18466.0    36994.333333333336    33484.0    31660.666666666664    19830.666666666668    10212.666666666666    10407.666666666666    6570.000000000001    7153.666666666667    6026.666666666667    6342.0    3535.3333333333335    3804.9999999999995    5046.333333333334    5351.333333333333    5508.333333333333
9040.666666666666    11942.0    24932.0    33154.666666666664    38006.666666666664    31433.333333333332    18600.333333333332    11213.666666666666    9074.666666666668    11194.999999999998    5032.333333333333    4131.0    3635.0    4645.666666666667    3618.333333333333    5105.666666666667    3545.0    3692.0000000000005
