76636    147918    145834    107074
78488    123729    162159    92533
78800    158265    144033    99179
89079    135957    167634    113370
94664    144224    158264    123431
88348    156393    176118    109068
93436    140655    176988    93534
91065    172173    172578    129359
90778    156645    187738    115671
95572    141831    188152    106902
75011    126690    96862    82893
92106    150267    170942    116772
92148    177841    193111    132525
83056    132640    169802    127160
87749    160479    170328    108482
83080    145659    160251    107967
92216    165136    173149    108206
70630    166326    180405    109789
76536    147473    165105    117192
97255    153786    178692    120199
70982    132378    174311    103098
