3856    4445    3560    3098    5654    3936    6744    10453    6694    25262    34659    39005    44748    24413    19835    8182    8021    7586    11788    7349    11670    14118    37214    41479    35257    18810    9546    5264    5059    1553    6801    3302    5320    2781
7208    4458    1957    5029    5736    4029    8065    7151    8163    22934    27211    22264    41200    21145    30061    19218    13060    6792    8201    7876    10595    19141    32744    26940    21094    27396    19455    7316    4309    5724    3103    2855    2194    2285
1496    2921    1650    3140    4308    7929    6206    10116    10892    19406    32277    22893    23598    35675    25541    20541    12177    10739    8913    8009    14884    27288    25082    26131    30896    30008    22475    10272    6674    4898    1854    5241    2998    3149
5835    3343    5310    2214    3588    3472    6999    10073    18822    26111    23136    20947    29321    31406    24264    26407    12131    6673    10206    13491    23999    24834    20738    29054    30221    23549    20929    6736    12011    9094    4944    3219    5225    7738
2383    4894    1802    2604    5152    4306    3645    10635    22062    28555    33193    28637    24632    28363    28897    16593    18880    4820    9425    14501    18661    28242    26997    22292    24706    27626    20698    16074    12571    6115    8662    6359    5241    2360
4240    5125    2054    4207    7205    7177    7784    17678    24875    24583    22310    18600    18037    28501    26462    23533    20470    11501    9157    13397    25504    24133    31861    17706    22491    25934    23115    16834    12692    11753    8522    4684    5954    1848
2581    1643    4553    3578    4239    4289    4044    14825    15577    20617    16273    16524    19170    14987    17801    35216    20710    17824    26013    22869    18890    27263    25391    26948    12495    18521    19667    23312    15374    14506    6623    3475    4696    4119
3816    3688    4536    4046    10330    16199    17316    16698    21523    21520    15789    10074    16392    17153    15659    24272    29337    29182    35556    31015    25521    18339    19612    18307    20972    13419    21347    20355    20017    19052    13183    4299    3614    3037
7888    4314    8644    14743    22733    17769    13397    11182    9924    13125    11368    10766    20603    14955    21284    31380    28470    30207    30874    20272    22795    15496    15685    15220    12548    17702    15248    11997    12979    15841    20471    14185    9689    7078
9590    13679    15658    17574    11402    17115    13556    14109    13255    11096    20013    20284    20878    26107    16034    25341    17020    15316    17952    22724    15889    18740    23353    14190    16144    19488    11303    15954    10547    9395    10841    10623    7301    9986
10038    11805    13700    9675    11158    12382    7360    12356    6730    9184    12339    17462    14278    21493    10004    11100    11174    9428    12654    11916    10488    15353    11947    10837    13004    13375    9066    11581    5828    7667    8042    9703    10364    7965
7339    7366    12449    20151    9186    14896    16658    10405    17848    10687    17947    15782    19304    21039    18620    21436    22876    29146    22157    22630    17160    21069    19082    11977    12186    10001    13508    14102    14376    12715    13153    10439    11355    11042
3747    4254    4821    8366    10297    19302    22323    11659    18569    23517    18332    13227    21629    14074    15098    22729    32315    35398    37665    26387    28555    18080    16732    8558    18190    15603    14361    18898    23981    21612    20880    10318    8750    7398
3676    2656    4833    7632    4684    10437    13250    17126    24058    23324    16243    14728    18772    15239    19256    18305    29162    23655    25692    33360    13907    14446    15007    15907    14291    20342    21789    19920    21290    8355    9126    3921    5545    2724
2920    4673    5599    6782    3747    5545    7155    16241    23164    20183    26037    22797    23107    14649    26838    31623    12512    17272    18348    13439    21712    21653    21174    19852    18789    28981    30927    19203    19544    6035    5906    5207    2037    3387
3883    3190    4476    4045    2821    6728    4648    16112    23327    22933    26956    17919    17061    28161    20637    20154    14012    11476    7493    15815    21491    32714    27794    18969    23893    32292    23580    15395    10391    6460    3734    2513    3767    2117
3478    4340    3524    3116    5076    4796    8790    7983    21663    18961    32210    26574    19749    31934    24873    21334    14606    11051    6879    14644    24717    27435    30709    30736    36498    38147    22287    9289    11757    4236    5266    2515    5864    3670
1906    3119    2518    4684    3280    7080    4770    9129    13143    27545    29164    28607    25913    40724    24166    12610    13902    4446    9121    8467    23792    27236    31458    39291    38709    31337    24000    12637    5275    3992    4416    3005    4799    2909
4194    2402    4051    3915    3930    5792    7254    6520    15163    17673    29409    37307    36816    30165    23874    17299    11390    6740    6336    18734    18291    25290    27404    22495    34306    29966    17410    14686    4522    4733    5837    4348    3353    4701
2821    3327    4733    3721    8104    3298    9222    3121    10459    21984    30502    36500    34853    39079    34061    15416    4916    4679    4737    8876    20135    29166    40538    49894    40333    27006    15535    13105    9562    3261    3708    5498    3572    4210
2685    3467    2634    4421    5997    4642    3720    7184    5608    22460    26219    38041    41041    39732    20906    16408    4270    8930    6136    9185    14532    19322    35363    34958    34651    22585    16802    8691    4645    3749    2388    3762    2722    2913
