29400.333333333325    64931.0    90984.33333333336    82786.0    45109.666666666664    24160.000000000004
32739.333333333332    68126.33333333333    88904.66666666667    77040.6666666667    44960.333333333336    22018.666666666664
28813.333333333336    66640.0    86094.0    80799.66666666666    46999.66666666667    21801.66666666666
19923.333333333332    46186.333333333336    69411.33333333334    81544.66666666667    48967.0    22575.33333333333
15384.33333333333    44087.333333333336    77226.33333333334    83992.66666666666    50827.666666666664    26256.333333333332
22019.33333333333    46469.666666666664    72145.66666666666    73187.66666666667    47591.0    24989.666666666668
22988.999999999996    47671.66666666667    77646.66666666667    78450.66666666667    47622.666666666664    24459.333333333336
19501.333333333332    41558.666666666664    71487.0    70269.66666666667    44076.66666666667    20434.666666666664
23925.333333333332    44065.33333333333    74393.33333333333    75441.0    54526.666666666664    22803.666666666668
26118.0    53310.66666666667    75557.0    82118.0    48310.33333333333    24630.999999999996
25965.666666666664    54635.33333333332    71105.0    73769.00000000003    42607.66666666667    23815.666666666668
20949.333333333336    45037.0    69828.0    67244.33333333333    45290.333333333336    23018.999999999996
23142.66666666667    45146.333333333336    67676.66666666666    64157.66666666666    44295.33333333332    22919.666666666664
20140.333333333336    49480.33333333333    67852.66666666666    68041.0    40703.99999999999    22787.66666666666
22330.000000000004    53712.00000000001    73328.0    59630.000000000015    42668.33333333333    22212.0
24940.666666666668    47732.0    67111.33333333334    60623.0    35773.0    18124.333333333332
20949.666666666664    35511.33333333333    46892.33333333333    47544.0    33242.66666666667    18972.666666666664
20313.333333333332    43124.66666666667    67714.33333333333    63508.666666666664    36092.66666666667    18212.333333333336
19916.333333333336    39444.0    72900.66666666666    70981.0    40028.666666666664    22719.000000000004
18657.333333333336    42668.666666666664    76070.66666666667    74674.0    44775.33333333333    24071.333333333336
22810.333333333332    42625.0    75162.66666666667    75110.00000000001    46350.0    24086.0
23313.33333333333    48032.66666666667    77453.0    72498.33333333334    47469.333333333336    25363.333333333332
28313.000000000004    59087.333333333336    82538.0    81243.33333333334    47703.333333333336    17761.0
25768.666666666664    70750.66666666666    90767.66666666666    75397.33333333334    38483.33333333334    21619.33333333334
32539.0    59722.666666666664    88911.0    75423.66666666667    44076.33333333333    19767.333333333332
22736.666666666668    56176.99999999999    80604.66666666666    72177.0    45328.333333333336    23215.333333333332
20277.333333333332    48408.666666666664    78445.0    73942.66666666667    49110.66666666667    24921.0
19087.666666666668    46601.333333333336    72717.66666666667    71411.0    43055.0    20452.666666666668
26379.000000000004    48969.333333333336    74627.66666666666    73655.0    48472.99999999999    22841.666666666668
27309.333333333332    59879.666666666664    86056.99999999999    73056.33333333334    41737.0    17593.333333333332
29682.333333333336    63394.33333333333    88987.66666666669    76238.66666666666    39148.333333333336    18740.999999999996
