12941.333333333334    21971.333333333332    48768.0    58834.33333333333    54260.0    42383.0    22730.999999999996    13591.666666666668    7654.333333333333    9315.333333333334    7455.999999999999    7878.0    5660.333333333334    5207.666666666666    3893.6666666666665    4459.333333333333    5231.666666666666    5134.333333333334
12639.0    26560.666666666668    46965.33333333333    53533.333333333336    56381.333333333336    40414.0    21668.0    14701.333333333334    8604.333333333332    10211.333333333334    7744.333333333333    7250.666666666667    4750.0    5907.666666666667    3767.6666666666665    3716.0    5385.999999999999    3589.0
13477.666666666668    26479.0    49932.666666666664    50737.666666666664    49038.333333333336    40604.333333333336    24988.0    14546.333333333334    8875.666666666666    8844.666666666666    8379.666666666666    7993.666666666667    5160.0    5066.666666666666    4538.0    3594.3333333333335    4631.666666666666    4259.999999999999
5004.333333333334    4543.333333333333    3352.3333333333335    4003.666666666666    4291.0    2849.0    4808.333333333334    7483.333333333333    7634.666666666666    7357.333333333333    7015.333333333333    12175.0    22453.333333333332    32717.333333333336    46128.00000000001    44677.66666666667    40484.333333333336    31629.666666666668
4849.666666666666    4028.333333333333    4061.0    4530.333333333333    4728.333333333333    4540.333333333334    4966.333333333334    5896.0    5350.666666666667    8176.666666666668    5883.666666666667    14346.000000000002    22609.333333333336    35378.666666666664    45326.00000000001    42963.0    41631.0    38509.333333333336
4362.0    5540.666666666667    5280.666666666666    4173.666666666667    3748.666666666667    4430.333333333334    4784.333333333333    5253.333333333334    6801.333333333334    7378.666666666667    10215.333333333334    12559.0    25755.666666666664    29446.666666666668    37834.666666666664    45967.0    39043.66666666667    33827.33333333333
3425.0    6374.000000000001    4169.333333333333    4772.666666666666    5798.666666666666    4031.666666666667    8468.333333333332    6240.333333333333    6065.666666666666    8226.333333333334    9603.333333333334    15998.666666666666    25101.666666666664    35874.66666666667    40955.33333333333    38374.333333333336    38514.0    36845.99999999999
3461.9999999999995    3697.666666666667    3929.333333333333    4081.9999999999995    4680.0    5038.666666666666    6281.666666666667    5225.0    5627.0    7084.333333333333    10920.666666666666    19838.66666666667    27459.666666666668    31046.666666666668    32393.333333333332    34046.0    33374.333333333336    29141.0
4089.666666666667    3363.0    4282.666666666666    3892.666666666666    5637.666666666666    5202.333333333334    6183.0    7411.666666666667    7251.333333333333    10914.666666666666    17152.666666666668    21637.999999999996    28462.333333333336    29573.33333333333    37634.333333333336    41010.333333333336    32077.666666666668    29378.0
18051.0    19389.333333333336    25594.666666666668    23194.999999999996    15385.333333333332    18710.666666666668    21125.666666666664    23876.000000000004    16977.0    17137.666666666664    13721.0    14399.333333333334    10416.666666666666    13043.0    15808.000000000002    16005.0    15969.666666666668    11240.0
21009.666666666668    24407.666666666668    23404.0    26319.333333333336    29240.333333333332    23826.333333333332    21812.0    26991.333333333332    22163.0    18005.666666666664    13838.0    9772.666666666668    5324.666666666667    5675.666666666667    7211.666666666666    4603.666666666667    4262.0    4030.666666666667
5778.666666666667    5671.666666666667    3640.3333333333335    4914.333333333334    5160.666666666667    6369.666666666667    7544.666666666667    13632.666666666666    19281.333333333332    22809.333333333336    23218.0    20885.0    20428.0    22012.666666666668    23889.666666666664    23249.333333333332    23154.0    19727.999999999996
4175.666666666666    5205.0    5326.666666666666    7973.333333333333    8863.666666666666    11703.333333333332    18469.0    19502.33333333333    21286.333333333332    20128.0    16903.333333333332    15153.333333333332    15412.333333333334    17844.666666666668    22273.0    18083.666666666668    18769.333333333332    20265.333333333332
5497.0    4962.333333333334    7660.999999999999    12959.666666666666    14361.333333333334    17489.333333333336    15344.0    18263.666666666664    14474.333333333334    16033.0    14954.333333333336    18636.0    16828.666666666668    15587.666666666668    19555.333333333332    23187.666666666668    19947.0    13263.666666666666
8007.333333333333    11011.666666666668    16460.666666666664    18651.333333333336    21181.666666666668    20099.0    15167.333333333334    11567.000000000002    17275.0    15783.333333333332    12385.666666666664    10641.333333333336    15596.666666666666    15945.666666666668    14874.333333333332    20751.666666666668    16296.999999999998    12183.666666666668
13623.999999999998    12870.0    14159.333333333332    13827.333333333334    11535.666666666668    11262.666666666668    14048.666666666668    12365.333333333334    11002.666666666666    13363.666666666668    11377.333333333332    10776.666666666666    10893.333333333332    16041.666666666666    20396.0    23555.0    20691.333333333336    12513.666666666668
13828.333333333334    11119.333333333332    15643.666666666666    16536.333333333332    16503.333333333336    14382.333333333334    13245.666666666666    8668.666666666668    9168.333333333334    11430.666666666666    9110.666666666668    8545.333333333332    8617.333333333334    7029.000000000001    8587.333333333334    11116.666666666666    8695.666666666666    10884.0
5589.666666666666    3515.6666666666665    4341.333333333333    4115.666666666666    5349.666666666667    5224.333333333333    6180.0    6982.666666666666    11476.666666666666    15847.999999999998    19982.666666666668    22680.0    19383.0    19286.0    23240.333333333336    26564.666666666668    25983.333333333332    23222.333333333336
4382.666666666666    3776.666666666667    5080.0    4139.333333333333    4506.333333333333    6251.000000000001    6409.333333333333    5511.333333333333    7742.666666666667    10419.0    17257.666666666668    21945.333333333332    24808.333333333332    24814.333333333336    33379.666666666664    31725.0    24559.333333333332    29281.66666666667
4575.666666666667    4218.333333333334    2981.0    6625.000000000001    5553.333333333334    4178.333333333334    5027.0    7625.0    7103.0    8542.333333333332    12418.333333333334    18398.0    28637.333333333332    32242.0    38137.66666666667    34689.33333333333    29419.333333333336    30546.333333333332
3241.3333333333335    3418.0    4693.333333333333    4267.0    3555.333333333333    5590.666666666667    5264.333333333333    7587.333333333333    7291.0    6962.0    12733.333333333334    13795.333333333334    24480.666666666668    38059.0    41558.666666666664    40695.00000000001    35752.33333333333    27199.333333333336
5064.0    3322.666666666666    4226.666666666667    3743.0    4998.666666666667    5461.666666666666    4533.000000000001    7283.0    6334.666666666667    5375.666666666667    10743.0    18005.333333333336    26645.0    34689.0    44634.0    36952.0    37092.66666666667    35025.99999999999
13165.333333333334    19638.0    26590.333333333332    35100.66666666667    34670.333333333336    29962.333333333332    19853.666666666664    10815.666666666668    9267.666666666666    8061.0    7720.333333333333    9870.999999999998    11469.666666666666    14194.333333333334    17005.666666666668    19444.0    16067.333333333334    13748.666666666666
15393.0    29925.666666666668    46805.333333333336    51351.333333333336    39149.99999999999    37875.0    25772.666666666664    16087.666666666666    8646.0    6797.000000000001    5833.000000000001    7443.0    6574.666666666666    6667.0    4095.3333333333335    4529.333333333334    4673.333333333334    5167.666666666667
14924.0    27770.333333333332    40041.66666666667    49071.333333333336    46721.333333333336    35777.666666666664    26509.666666666668    14956.666666666664    11673.666666666666    6129.333333333333    7645.666666666666    7234.666666666667    5283.666666666667    5059.666666666667    5708.333333333333    4991.333333333334    5786.666666666666    5154.333333333333
5764.333333333333    10089.0    17280.666666666668    24358.0    19473.333333333332    15363.666666666668    11587.0    8092.666666666667    7509.000000000001    8939.333333333334    7707.0    8338.0    13866.999999999998    24788.66666666667    29809.0    30797.333333333332    30716.666666666668    25758.333333333332
2981.333333333333    3475.3333333333335    4984.666666666667    4530.666666666666    4432.333333333333    4011.0    5727.0    5632.333333333333    6307.666666666667    8487.0    10405.0    11848.666666666666    16494.0    27572.0    45000.0    55154.333333333336    52304.66666666667    25757.333333333332
3796.333333333333    3743.6666666666665    4721.333333333334    4234.333333333333    3776.333333333333    3678.6666666666665    4598.666666666667    4894.333333333333    5710.333333333333    7606.666666666666    8527.333333333334    8198.333333333334    14115.333333333334    31795.666666666668    44367.0    52448.333333333336    42938.333333333336    24174.333333333336
6499.333333333334    8997.333333333334    14818.000000000002    17459.0    17850.0    14350.666666666666    10735.333333333332    6791.333333333333    6216.666666666667    8254.333333333332    8017.0    8018.666666666667    15979.666666666668    23583.666666666664    35266.33333333333    39873.33333333333    31331.0    20904.0
13169.0    25158.999999999996    41082.666666666664    55286.666666666664    45285.333333333336    35863.33333333333    19307.0    10256.333333333332    9855.666666666668    7663.000000000001    7585.0    7257.0    5371.666666666667    5074.666666666667    4838.333333333334    4749.0    3871.0000000000005    3957.9999999999995
14720.333333333334    23816.333333333332    44354.666666666664    55242.33333333333    54470.0    37913.66666666667    17351.333333333332    10500.0    9340.333333333332    6640.666666666666    5580.0    6710.000000000001    5636.333333333333    4484.0    5948.0    3758.0    5624.0    4102.333333333333
