33846    85162    99786    59135
37447    80433    96040    67408
33857    72146    91116    54944
45575    93723    86665    61713
41555    78513    92372    57351
41486    81926    100135    56200
34479    80400    88807    52292
45058    82450    97484    59697
45245    78274    91225    51419
46277    93816    94626    45377
42954    80257    86786    49141
51385    74966    84615    44918
38174    85713    101414    51453
33572    80286    92299    46687
30913    56417    78792    56651
38467    100072    84824    48580
47100    76696    89779    61274
32805    52348    80731    50330
31560    77043    77264    54744
39232    81458    83018    49460
39472    77919    72106    44388
34875    70005    71853    49356
25538    73200    82264    48823
38162    96650    80677    55760
29470    61591    78477    43609
35284    55146    81756    50686
32424    78895    77872    61701
32161    59063    63232    42568
29581    45101    75474    41705
55036    86852    99201    52587
18391    35957    26057    22325
18287    27120    31679    23386
40322    72800    95988    46755
14496    22437    36530    18791
14246    23490    29214    15554
21515    47561    63267    38951
22498    39203    50271    30700
22785    48918    55961    44692
27016    55474    78646    50002
27393    87398    82662    70197
33690    57347    71111    46745
31038    57952    85138    57874
35563    52682    79764    59568
41470    108102    92118    55352
32129    78101    68567    48835
41270    75272    72518    51264
29784    61651    71827    56663
34263    73888    101619    60173
37956    90529    93422    48714
30063    76466    81305    50946
30503    75200    84298    65670
38289    82446    84719    55259
37761    55489    80617    51110
32590    73919    101630    52797
48406    73350    82634    47642
44951    82676    87638    58071
33905    83229    78087    37774
32142    73758    98920    54356
28709    75470    99112    69638
30042    86387    98529    60781
38998    84148    91430    46225
