9408    8865    13711    13280    25927    20431
9386    14063    23107    23975    29144    31186
9461    18354    15018    16479    19725    21269
18313    19685    16091    18668    17085    17738
12186    15304    24042    14705    13043    17632
15709    19002    16146    20681    10384    15951
13572    17814    10394    9412    10721    14661
12078    8537    15720    11375    12369    6396
7082    12342    9325    9626    8498    9234
6008    7479    7692    7821    6390    5573
6528    4756    7369    3195    4670    4768
8890    8577    6163    6746    6597    12076
11079    11017    9694    10358    11224    8250
11479    12090    9008    19172    11474    9348
16660    17287    17316    9639    15643    10699
17899    14578    11859    17347    15835    14901
10321    15410    13543    15011    21041    22125
11808    21260    22689    21929    21982    18052
6240    12800    19061    12021    21273    18591
7314    12519    17508    16502    28509    17266
10190    16817    27364    16798    30705    19492
