5811    6252    22712    29594    19078    8175
5145    18665    30727    39094    25935    11295
5596    12820    29023    27228    18347    7292
11940    12781    21823    40709    16116    4211
5773    13312    32880    22334    17661    4952
4000    10511    23720    28877    22731    8034
6689    12764    24311    19217    8970    4623
5787    14797    11517    18525    11418    4431
5434    5764    14722    17678    7632    4877
4071    4029    6897    9928    9560    6478
5789    2746    11182    3377    5193    2999
5589    8240    9150    11510    7890    6670
3491    12393    14362    16928    10360    4088
3233    9791    13188    24663    15073    6623
5073    14349    21577    25421    14559    6265
5224    12027    25626    26023    16518    7001
5102    12982    28460    26829    17153    6925
4959    20229    34211    33893    17566    6862
2823    9996    29086    25342    17312    5427
3623    13207    20399    29949    26689    5751
7160    20705    38424    35580    15268    4229
