21239    24066    42172    70879    95804    71306    28031    31082
32969    20199    41927    91833    86072    50127    28506    37260
23485    27299    41316    87459    91808    78360    31272    30426
31486    24040    38504    92695    80597    80042    32937    32483
33047    25022    44481    72469    86630    66510    30590    28935
32992    27111    40872    103508    93791    56809    26719    29316
23217    27910    31822    84068    104134    67337    37036    27375
32231    22225    33136    74850    99050    57668    30484    27587
26256    24799    39441    73070    76795    65206    33079    28945
35237    27077    49481    78954    80197    54573    32204    29810
27737    23685    33622    61010    80421    52945    29727    28277
25290    22955    28308    69352    67723    52129    27591    27167
30793    29454    41658    63218    75471    44322    22247    28005
29123    23243    37281    66803    62938    41521    20958    26693
23389    27454    27202    54665    59067    36118    31743    26578
28776    25932    28690    51523    46902    40055    19538    18141
30105    24828    34304    67522    95174    63699    28394    34690
37600    35687    45755    76679    89187    56664    28617    26651
31348    16226    41461    80409    92760    55260    30878    38737
27447    19580    40690    87266    89510    60687    26041    36327
25812    21026    42811    68819    109818    58221    27381    26936
33818    29975    44651    91382    102527    56733    26006    31495
35708    26279    29127    66229    89209    65328    36974    26599
38509    23687    48935    85467    101895    70369    30906    28282
24713    23834    45154    92687    77215    56209    29589    35553
37678    28959    54192    77085    82548    58932    31261    35942
26674    31277    55096    92115    86637    54015    23711    29860
26734    23385    39791    71616    92161    65427    30652    27266
33849    19398    34236    83724    88870    59150    30317    30481
29068    29474    49638    72236    76749    64789    39955    28741
28513    30167    39717    71673    83459    66711    26446    28621
