8661    4678    4707    4339    8529    7230    9354    7888    6287    11824    13055    9603    10180    20349    33018    43513    57588    49674    44585    29517
12731    17465    23462    31260    51879    51055    51694    31770    28557    14403    8719    18784    8004    5433    4930    5108    5613    5957    4733    7336
5677    4691    6655    6147    4632    4266    6899    10373    9449    10795    12803    14969    15628    21216    47263    52481    48439    52122    49639    27281
4392    6301    5710    7132    4973    8069    5748    8002    8106    10220    15776    13683    14457    36587    47514    45991    51096    52905    39227    26895
5503    4985    6986    5527    7792    6483    5131    9720    9389    7179    10289    14825    15559    28907    39181    43598    39095    41753    51819    33963
16046    23602    35750    39305    43452    48549    43487    38053    22146    21416    16269    10012    10173    7906    6472    6809    4334    5064    6712    5561
4861    5243    5544    3800    7323    5685    7671    9733    9314    11746    11876    10772    14515    33143    44778    49603    52361    39785    38746    36400
7816    6112    5019    4949    8252    6396    7110    10814    7043    12942    11478    14092    26309    35256    32125    27550    38504    43769    35043    36652
4420    6205    5111    5049    8266    5107    6589    6415    9674    14896    10238    13946    28829    36389    29575    30314    32562    37260    41579    35167
6442    8230    7078    6012    6978    7274    6606    14262    13653    10827    24842    30231    35247    38287    29554    27792    28394    29019    30767    26038
9722    7484    6632    5090    6235    7711    9433    12130    17406    26960    26894    24840    26213    21038    14338    21709    21986    19668    23387    28548
5160    10217    5309    7709    9179    7123    11340    13884    16777    16780    27723    26990    21185    22373    16425    17199    20597    27392    16596    20557
9086    5078    6523    12740    10904    14914    14437    31506    17147    21480    20176    18578    14055    23327    22727    10845    23083    19935    17811    20816
6593    6090    8866    17115    11861    26689    17499    22248    17891    22896    19530    15234    12042    19186    17364    13241    9373    14653    16763    13426
12977    21840    15623    12496    15656    13145    9573    12350    13487    12276    15078    16250    16949    13188    11487    10374    10822    16137    19264    17244
14319    13300    17291    14348    15123    13925    14611    16093    13600    13276    11439    11926    12939    12862    9813    12050    10091    10445    11684    10422
5864    4853    6441    3692    9098    6036    8330    8709    7655    10109    12733    14358    26800    34293    39539    41658    35006    30411    31771    41360
26605    31478    26701    30178    30793    25091    23266    36587    25378    31565    20411    16011    10857    9048    9187    10754    8728    7011    6934    10257
9263    4947    7240    7298    5797    9193    8382    8436    9873    13613    14083    17890    21925    40695    36865    38033    32244    30122    30668    40512
5032    3907    3898    5087    6425    7621    7346    8614    6315    9544    12778    10802    22672    36667    42889    35975    35672    40876    45751    39677
8578    4071    6198    6597    8148    3286    8515    8191    11977    11418    8309    8712    14554    22176    33060    41368    50183    46839    46442    32202
7350    5422    7422    5786    7259    4862    5645    8594    8707    8992    13731    12100    20281    36694    44263    42794    50431    43232    47413    35609
4948    5297    7285    7228    7054    8323    6551    8713    11086    7724    12328    9906    11101    30181    36239    39931    49281    41827    41993    28457
3916    9076    5829    4544    8165    4934    7886    6773    7792    7660    14432    11101    17243    26405    41643    54371    60530    49085    51052    35613
6865    3990    4330    6626    6710    6673    5268    9078    7958    9678    7988    12202    12572    20844    33581    48261    58335    45156    45329    33510
13673    18700    26565    41401    41509    56613    44698    33248    24404    18377    11637    10625    10402    6317    7988    9897    7291    8278    6837    8137
8052    16933    21903    41485    50281    53132    53630    38868    18358    17852    16862    10611    6568    3709    8562    4819    5121    8823    8041    5775
6699    7635    3905    6917    8544    7974    6452    7519    7137    9737    9986    10447    8577    20800    37347    50178    60527    51145    32334    23172
7079    7839    3188    8053    5355    5699    5132    7762    9862    9299    8000    10806    17948    20986    34138    44640    55665    50354    43157    25063
19334    19174    25769    35438    58676    60702    35062    27811    13940    18056    12163    6787    9172    8018    4337    7755    5658    8940    7072    6786
11457    11797    18906    30747    53903    58716    49131    27039    20300    12819    16853    8849    8061    6062    5320    8194    6862    8592    6011    5688
