15184.0    30323.666666666668    58562.666666666664    70029.66666666667    41139.0    18154.0
20470.333333333336    40739.00000000001    68706.66666666669    60669.333333333336    37516.333333333336    18121.333333333332
19563.333333333332    43053.0    67867.33333333333    62987.666666666664    35577.666666666664    17298.666666666668
20142.0    45154.33333333332    63281.66666666668    59061.33333333333    32797.0    18193.333333333332
16246.0    27089.666666666668    57995.666666666664    66916.33333333333    37589.33333333333    16630.333333333332
16745.333333333336    30016.66666666667    56754.66666666667    65996.33333333333    42303.333333333336    22608.666666666668
18123.666666666668    28266.666666666668    54918.0    56944.333333333336    40702.333333333336    22529.0
18744.333333333332    41244.0    65485.33333333332    52527.33333333333    30800.999999999996    18120.999999999996
17075.0    33457.666666666664    62353.33333333333    63504.66666666667    38050.333333333336    20245.333333333332
14533.999999999998    32352.666666666668    56823.333333333336    61694.00000000001    35588.666666666664    20890.66666666666
19355.333333333332    31741.333333333332    56319.66666666668    56679.33333333333    33272.66666666667    17725.0
14848.666666666668    29112.666666666668    56978.333333333336    58062.33333333333    31641.999999999996    16748.666666666664
16482.0    31302.999999999993    46064.0    44603.333333333336    30227.333333333332    18843.0
17133.666666666668    27720.333333333332    44139.0    43435.666666666664    28671.0    19412.333333333336
17986.0    30082.666666666668    41396.333333333336    44525.999999999985    21490.666666666664    18132.333333333332
17484.666666666668    29057.0    41439.666666666664    50589.666666666664    29522.333333333332    17458.0
15701.0    29244.0    43930.0    45913.0    27473.666666666664    17439.333333333336
15977.666666666668    28379.33333333334    43005.666666666664    39994.66666666667    29523.0    16208.333333333332
18715.000000000004    30676.666666666668    61237.99999999999    55039.33333333333    32922.0    17059.0
17573.0    34631.666666666664    64124.99999999999    65777.0    36726.666666666664    21044.33333333333
17098.0    29849.999999999996    60454.666666666664    74873.66666666666    36125.0    19205.666666666668
22260.999999999996    39281.33333333333    75622.33333333333    67302.99999999999    35363.333333333336    17627.0
21048.66666666667    38414.66666666667    65599.66666666667    60837.33333333334    32462.66666666667    20315.33333333333
20200.666666666668    42145.66666666667    62538.0    66295.33333333333    32495.666666666675    18416.333333333332
17478.666666666664    30534.333333333332    60897.66666666667    75497.0    42085.33333333333    22149.666666666664
20932.333333333332    42040.33333333334    60762.666666666664    59274.99999999999    32666.33333333333    15830.333333333334
17498.666666666668    39192.333333333336    67643.33333333334    64700.33333333335    34676.99999999999    22144.33333333333
19098.0    33929.333333333336    61588.333333333336    65136.333333333336    36253.0    20985.666666666668
18232.666666666668    39269.66666666667    66982.33333333333    65164.99999999999    40029.00000000001    19425.666666666664
16281.0    33236.33333333333    69725.66666666666    69693.33333333334    37624.666666666664    21995.666666666664
15281.999999999998    35715.333333333336    65865.66666666666    68459.00000000001    35903.0    20911.666666666664
