3194.0    3362.3333333333335    5287.333333333334    4279.333333333333    4590.666666666667    4611.333333333334    5449.333333333334    5268.333333333333    5641.0    6012.0    7160.666666666667    11755.333333333336    17980.333333333332    27688.333333333332    44865.66666666667    39696.333333333336    21933.333333333336    14617.333333333332
12495.0    21810.333333333332    39992.333333333336    43368.00000000001    32324.999999999996    22359.666666666668    14963.666666666666    10516.666666666666    7173.333333333333    5113.333333333333    5899.666666666666    4562.666666666667    5220.333333333333    4690.0    4127.0    4131.333333333334    3451.3333333333335    4023.3333333333335
13911.0    27567.333333333336    36859.666666666664    36678.666666666664    33994.99999999999    21496.333333333336    12870.666666666666    9904.666666666666    8177.0    6860.666666666666    5536.333333333333    4612.666666666667    4745.0    4355.000000000001    5468.333333333333    5414.999999999999    4517.0    3377.333333333333
15011.000000000002    25403.666666666668    32101.333333333332    39030.33333333333    35919.33333333334    20284.000000000004    12348.666666666666    10430.333333333332    7657.666666666666    7593.333333333332    5458.333333333333    3638.0    3555.0000000000005    4062.0000000000005    5253.666666666667    3531.6666666666665    3664.666666666667    3686.6666666666665
3541.0    6766.666666666666    7595.666666666666    17107.333333333336    8662.333333333332    7013.0    5123.0    5035.666666666667    4798.0    5711.666666666667    6237.333333333334    10648.333333333334    19550.666666666664    24241.0    25355.0    22275.0    26708.0    16097.666666666668
3522.333333333333    4427.0    4346.666666666667    3578.9999999999995    3894.0    3305.0    4801.666666666666    5014.0    5016.333333333334    7418.666666666667    8980.0    14452.0    21839.333333333336    31391.0    32484.666666666668    29180.333333333332    29027.33333333333    21745.666666666664
3908.666666666667    3727.3333333333335    4851.000000000001    5244.0    4408.333333333333    5019.333333333333    4651.0    6307.666666666666    6120.000000000001    8781.666666666668    8895.0    12742.666666666666    25690.333333333332    26334.333333333332    28062.0    20891.999999999996    24637.0    21211.666666666668
17578.666666666668    26557.666666666668    28582.0    23902.333333333336    27707.0    20748.0    19950.0    8470.666666666666    9602.0    6849.666666666667    5766.666666666667    5055.000000000001    4636.0    4727.333333333333    4490.333333333334    3445.0000000000005    4323.666666666667    4531.0
3502.3333333333335    4544.333333333333    4245.333333333334    3965.333333333333    5073.0    5582.0    6289.333333333333    4601.666666666667    5284.333333333334    6998.666666666666    14386.666666666666    18264.333333333332    24878.0    26066.333333333336    32392.666666666664    26367.666666666668    22670.333333333332    19573.999999999996
3155.666666666667    3896.6666666666665    3515.333333333333    2659.3333333333335    2680.333333333333    3956.0    5103.0    6519.666666666666    8481.333333333332    11556.666666666666    15337.0    19684.000000000004    15579.333333333334    21653.0    25327.333333333332    24288.666666666668    24890.333333333332    23599.666666666664
5912.333333333333    3866.3333333333335    5474.666666666666    4258.333333333334    4865.0    4699.333333333333    6639.333333333334    7311.0    7723.333333333333    12260.000000000002    14145.666666666668    16176.333333333336    16277.0    19800.666666666668    25779.0    22368.0    18712.0    18824.999999999996
4510.0    4532.333333333333    3671.333333333333    4785.0    4073.0    3861.666666666667    4419.0    8149.333333333334    11265.0    14430.333333333332    16169.0    16551.0    13198.0    17452.333333333336    24366.333333333332    22691.333333333332    16421.666666666664    16846.0
6564.666666666667    6854.333333333334    7873.666666666666    6219.666666666666    8073.999999999999    7123.333333333333    8268.0    11257.666666666666    14135.666666666666    11365.666666666666    12601.333333333334    10698.0    9981.666666666666    12346.0    17599.0    13719.333333333334    12136.0    10704.666666666666
8901.0    9642.666666666666    9290.000000000002    8587.333333333334    6960.333333333333    9638.333333333334    9841.666666666666    8966.333333333332    10159.999999999998    9474.333333333332    9053.0    11968.333333333334    11022.333333333332    13463.999999999998    13418.999999999998    14763.666666666668    7378.333333333333    7981.333333333334
8974.333333333334    8984.666666666666    14204.999999999998    17936.333333333336    9979.999999999998    10582.0    9366.666666666666    8895.666666666668    9438.0    7959.0    9539.666666666666    7507.0    10534.666666666666    12192.0    10146.333333333334    7092.666666666667    5513.333333333333    4766.666666666666
11108.333333333332    11338.000000000002    8798.0    7859.0    8894.0    10204.333333333332    7457.333333333334    8213.0    7768.0    7265.333333333334    7599.666666666666    8748.0    7588.333333333334    10829.333333333334    20075.333333333332    18521.333333333332    12877.666666666666    10406.333333333332
11928.666666666668    7353.333333333333    9977.333333333334    7913.0    9678.333333333332    7483.0    8094.999999999999    8083.0    7885.999999999999    8598.666666666666    8622.333333333332    8032.0    8923.333333333332    15723.666666666666    17171.0    14014.666666666668    11212.666666666666    9005.0
9001.666666666666    8024.999999999999    12048.0    7297.666666666667    10001.666666666668    7895.333333333333    6875.666666666667    7805.0    7021.333333333334    7721.999999999999    8690.666666666668    7916.333333333334    8222.0    13309.0    18338.666666666668    15107.666666666668    10315.666666666666    7495.333333333332
3001.0000000000005    4101.666666666667    4514.333333333334    3472.666666666667    4733.333333333333    5742.0    6416.333333333333    6489.666666666667    10077.333333333334    16488.0    19855.666666666664    17170.666666666668    13299.000000000002    21140.333333333336    25028.0    21952.333333333332    15737.0    16430.666666666664
3767.666666666667    4452.333333333334    4601.666666666667    4541.666666666666    4773.0    5691.333333333333    5887.999999999999    3823.3333333333335    8158.666666666667    9848.333333333332    15727.999999999998    21662.666666666664    22041.333333333332    22152.999999999996    26335.0    28394.0    25378.333333333332    22639.333333333332
3796.3333333333335    3893.333333333333    4147.0    3699.333333333333    3491.0    5137.0    4411.0    6408.333333333334    6455.0    8090.0    12155.0    20469.333333333336    21994.666666666668    29719.333333333336    24604.333333333332    31725.999999999996    26466.666666666668    20943.333333333332
17497.666666666668    23435.0    20805.333333333336    21888.33333333333    22478.333333333332    24026.666666666664    12900.666666666666    9892.0    6897.666666666667    7197.000000000001    6949.333333333333    8893.333333333334    6893.666666666667    12805.333333333334    16969.0    18203.333333333336    12272.333333333334    7452.999999999999
16904.666666666664    25319.333333333332    33169.0    30655.333333333336    31327.333333333336    20850.666666666668    14810.0    11827.0    9465.333333333334    8769.666666666666    5263.333333333334    5060.666666666666    5803.0    3745.666666666667    3991.3333333333335    3801.3333333333335    4265.0    3649.6666666666665
12116.333333333334    21226.333333333332    26428.999999999996    23483.333333333332    20819.333333333336    20676.666666666664    9901.0    5616.0    5836.0    5600.0    7420.666666666667    9912.666666666666    11321.0    13882.666666666666    14210.0    12876.0    13185.666666666666    7578.999999999999
5632.0    4160.0    4663.0    4370.0    3432.0    5246.0    4968.666666666666    4803.999999999999    6026.0    7574.666666666667    10423.333333333332    14403.999999999998    24235.0    32811.0    33947.666666666664    37294.0    27538.333333333336    17113.0
8259.333333333334    13711.666666666666    20977.333333333336    21809.0    18678.333333333332    11735.000000000002    7617.333333333334    9183.666666666666    5652.333333333333    7723.0    7382.333333333333    7336.333333333333    10441.666666666666    16911.666666666668    22918.333333333332    19451.666666666664    14365.999999999998    7352.0
15142.333333333334    28803.333333333332    36560.00000000001    42156.66666666667    28799.0    16967.0    15548.0    9760.333333333334    8146.333333333333    8574.666666666666    4288.000000000001    3917.3333333333335    3071.3333333333335    5424.666666666667    4187.666666666667    6013.666666666666    4620.666666666666    3875.0
4644.0    4886.333333333333    6201.333333333333    3310.0    4324.0    3960.0000000000005    3514.3333333333335    5714.666666666666    6040.333333333333    6877.333333333333    8981.333333333334    12758.666666666666    20011.666666666668    28671.999999999996    41126.333333333336    37133.666666666664    25516.666666666664    13318.0
4086.666666666667    5039.333333333334    5767.666666666667    5435.333333333333    3485.0    4305.666666666667    5344.0    4412.666666666667    5823.0    8052.0    8050.333333333333    9263.666666666666    16079.999999999998    35251.666666666664    45222.66666666666    40135.66666666666    27443.999999999996    15905.0
2627.6666666666665    3697.0    5057.333333333333    4782.666666666666    4376.0    3429.666666666667    5389.666666666667    5392.666666666667    5633.000000000001    5066.333333333333    9405.666666666666    10534.333333333334    18792.0    32471.666666666664    48435.666666666664    40859.666666666664    28424.33333333333    14181.333333333334
3632.9999999999995    3922.0    3556.3333333333335    4558.666666666666    3378.9999999999995    5429.666666666667    4302.0    5944.0    4298.333333333333    7006.333333333333    8937.666666666666    8354.333333333332    15239.333333333334    32596.666666666668    46100.66666666666    41888.33333333333    29399.999999999996    13590.333333333334
