9223    21673    27603    34637    20192    12471
13279    11697    23853    29877    29225    17633
9143    10631    27896    40928    30432    14315
12744    11888    24466    39353    37548    10386
11679    13564    27821    35167    22532    11042
8074    10907    18065    26937    30168    15581
9232    14571    18461    25896    20490    14063
8540    14145    26519    33898    29645    16643
11612    12710    28919    36180    26463    14698
10217    13337    18830    28297    27517    13135
8910    15617    16169    34598    17235    16793
10393    12117    22647    32047    27661    10212
13106    15566    17813    27754    29850    15023
10213    12101    19728    25502    23099    13652
9011    12900    20746    21402    24691    17336
7452    10096    16598    19380    18024    9023
12757    14208    15209    21297    20779    12140
9109    8882    14017    16663    13550    14239
11806    13801    20682    29192    27754    15866
11428    11520    20729    25348    27623    17116
7012    13349    18778    21688    23156    11887
10754    9204    13308    34336    21724    11966
11242    11076    15154    24400    30438    14928
9185    14554    26765    43325    24448    9157
13178    13389    19315    34598    31882    15201
8879    13399    18647    30969    28702    15135
