5338    12644    21647    20840    14672    7842    3935    5219    6390    5283    3122    5632    4669    2284    2269    4013
7569    12040    14817    15770    16503    9907    6959    8838    7364    2714    3180    3513    2924    6449    2760    4257
15724    10550    15926    18090    19397    8808    10750    5483    5387    4822    4482    3089    2317    2553    3296    2671
19993    13736    7956    13298    15260    12810    13948    8671    7742    3729    3235    2982    4639    2438    2577    3371
14006    9541    6368    13177    16056    9396    14713    6518    5931    7219    3439    3268    3402    3569    2817    2385
3053    4929    5048    5212    2434    6303    3392    2786    9466    5965    8122    7629    11419    12929    11262    9783
4184    2960    3096    2150    3050    2145    2989    5711    11753    5592    11432    12111    7126    11075    9020    8319
14600    12981    10167    10166    9249    10998    16836    8991    10461    2567    2987    3876    3686    3857    3289    4679
18137    6232    11898    11359    9686    6387    9935    13890    11114    8310    5056    3796    3683    4795    2901    3403
9259    9235    9661    7145    6550    8747    10511    8525    12060    5019    6209    5370    3875    3653    2961    2553
9778    10697    7418    4902    7148    7419    10134    7715    7677    8746    8240    7367    2764    3395    2444    3478
6472    6822    6964    12389    7113    8101    4497    9991    6877    9276    8537    10818    5344    4802    3750    3324
6502    6199    7292    7065    9334    6912    5658    7349    9521    9681    6259    9683    6233    11462    3388    6574
9925    5574    8107    5423    7658    6605    7560    6771    6140    6053    5341    5718    8159    7135    4702    3424
9704    8041    3165    4880    6801    7725    6979    3147    4909    5095    8749    5571    6168    7894    9200    8058
3606    7289    4536    6114    4261    5203    6772    3980    3711    3501    4469    5211    4917    3683    7110    6210
4665    5778    4552    5988    2791    6168    5422    8764    5731    4945    5557    9010    7644    6612    5655    7108
6726    8436    4868    3103    3186    4083    5321    3750    3794    3200    4154    4954    5860    3924    6054    5047
5943    6114    8316    8674    7342    7389    8429    7252    9661    10853    7650    6267    9561    6164    5577    3909
3536    4063    5363    9393    4500    6259    8864    7491    10690    6437    7508    9128    7287    7155    5763    10327
5035    6376    7637    8836    7269    8996    5131    5303    7153    7752    7192    5428    4239    3178    2553    3792
4128    3635    4224    2531    3886    4400    5219    4252    8513    9721    9345    8039    9702    6832    8368    8497
2765    2604    2388    3112    2801    3701    2988    4009    4844    8339    13318    11287    13726    7466    12107    11783
14255    12306    13376    9254    8927    12740    9574    12783    7484    3821    4637    3165    4004    4368    3453    3287
12450    11696    11187    9513    9617    11670    14657    7701    8748    4994    5010    3700    2993    5576    3897    4154
8449    15466    10178    13544    11634    11392    12461    7114    2756    3538    2657    3606    2458    5239    2185    3054
