17410    39073    63550    46924
20339    34916    63104    44347
16048    55810    45981    46295
17293    30851    55771    39552
23335    35627    57477    47655
10988    11450    8036    7189
22881    34377    40152    39202
17543    32725    37910    31276
17029    38002    33058    30756
19325    35274    42958    28209
23240    38801    47940    37168
22880    30490    40752    34615
25622    51131    48741    30729
17439    30039    58660    32107
22853    52523    41279    30806
21153    43376    57191    34911
22791    46698    45898    34101
23723    38460    47788    33688
27411    52029    50024    26809
23983    46724    58548    34744
17319    48860    49837    43192
