5049    2082    3703    3303    4720    8195    9878    11784    21547    15263    17447    27616    18579    17791
4351    3719    2659    3340    4686    8055    12930    23364    19996    18926    21444    8182    13172    17882
3355    3445    2681    2653    7111    10580    19818    24053    16231    16241    15862    12655    13626    15823
4231    5104    12657    8194    8869    17433    15367    13137    12390    10665    7492    8705    9440    9783
2847    7120    11062    14624    20541    17083    14842    12095    14711    14013    8362    8982    10437    7375
2071    1520    1991    7435    2020    2203    2268    4090    1301    3728    2495    2091    2037    2413
10746    13448    12131    12377    10500    8073    9319    5682    7315    11390    7842    14846    6769    6174
12722    11256    10453    8201    11283    9082    5653    5432    6626    4619    14528    8646    5320    5633
8733    11316    8958    8777    11636    6810    13059    4908    8662    9936    8884    6913    3800    6453
6231    8337    6636    5528    5556    13472    9890    17254    9573    4882    8217    15639    8151    6400
8719    4794    9065    6880    8231    13280    10624    16057    13671    12154    13582    6302    12142    11648
5049    4541    7829    12116    10122    8804    9158    10734    14322    9688    10593    9881    8532    7368
6744    9823    10380    10401    18235    14385    20046    18508    10202    8987    9219    5623    8362    5308
3465    2501    2135    3454    4611    8166    15389    13922    14348    13835    14714    18409    12989    10307
13675    13824    9902    22620    13789    15034    17176    11862    9287    3011    3225    4959    5134    3963
23028    16710    17068    12008    18240    18427    18534    7600    5632    3749    4169    4574    3384    3508
21045    16691    18008    19091    13841    12894    15262    7203    5326    4315    4788    5109    1817    4098
15791    18406    26578    15983    13613    14382    8607    7823    4893    2131    5652    4958    2049    2793
17520    23755    22316    26323    19860    10542    7018    7753    4712    2133    3880    3221    2596    4644
26185    20509    24746    21863    18797    11427    8999    5352    3376    7576    4017    3291    2534    5327
2216    2348    4048    5097    4174    4464    5524    5667    6429    17654    22422    28085    25005    26075
