21029.333333333332    19959.333333333332    44149.333333333336    67208.99999999999    57786.00000000001    31138.666666666668
19208.0    21270.666666666668    43631.666666666664    68340.66666666666    61840.00000000001    34302.333333333336
21997.666666666668    19797.0    46306.0    65503.999999999985    59408.99999999999    33259.33333333333
23055.33333333333    19465.333333333336    43341.66666666666    65933.0    62307.0    30024.0
21001.33333333333    17789.333333333336    32967.33333333333    57345.666666666664    66018.33333333334    37115.333333333336
20734.333333333332    15558.0    34129.333333333336    56254.0    61070.33333333333    36520.666666666664
19944.666666666668    15641.333333333334    30366.333333333332    58009.666666666664    53887.333333333336    35094.0
19681.333333333332    16971.666666666668    25059.666666666668    59520.33333333333    54824.33333333334    32543.666666666668
19447.333333333336    19756.333333333332    43777.66666666667    66956.00000000001    64146.666666666664    32173.66666666667
17854.0    17144.666666666664    27104.999999999996    43483.666666666664    48374.666666666664    32199.33333333333
17863.33333333334    17189.333333333336    27061.0    44810.0    56765.0    30645.666666666668
18039.666666666664    16704.333333333332    27945.0    53077.333333333336    54864.0    28928.33333333333
17591.333333333336    20078.666666666668    31795.333333333336    45280.333333333336    48562.0    30925.0
15162.66666666667    17496.666666666664    25886.333333333332    46342.99999999999    45072.66666666667    30390.666666666668
19098.333333333332    14454.333333333332    29203.666666666664    45691.0    43701.33333333334    29155.333333333336
19788.333333333332    16870.0    23162.66666666666    41857.99999999999    41546.33333333333    23077.666666666668
15645.999999999998    16840.666666666668    21364.33333333333    39132.666666666664    35050.0    17996.666666666668
20222.0    25319.0    37871.00000000001    60794.0    52872.66666666667    21632.666666666664
23263.333333333336    19112.999999999996    40098.333333333336    59431.333333333336    51544.66666666667    28280.333333333332
17563.666666666668    21437.999999999996    39685.0    61225.0    56459.00000000001    33596.00000000001
20336.666666666668    22951.666666666668    33647.333333333336    56781.33333333334    63248.33333333334    34603.33333333333
24569.333333333332    21167.666666666668    38926.66666666668    69509.66666666667    58247.666666666664    28722.999999999996
16706.0    16669.333333333336    26787.666666666664    53388.66666666667    57920.0    31719.000000000004
18453.0    19111.0    28364.33333333333    56337.333333333336    56333.666666666664    35044.0
20200.0    19171.66666666667    32908.66666666667    56786.00000000001    61220.33333333332    32735.333333333332
20320.333333333336    18908.33333333333    36186.66666666667    58682.99999999999    55253.000000000015    29797.0
18386.0    14778.000000000002    23696.999999999996    45647.666666666664    56812.0    42629.0
17879.66666666667    18922.999999999996    25739.0    59722.66666666667    60686.0    36803.0
17668.333333333332    19099.333333333332    28178.666666666664    62378.333333333336    61991.0    39365.333333333336
19875.666666666664    23842.333333333336    38068.666666666664    64012.0    62316.33333333333    26249.0
19487.666666666668    21498.0    33261.0    58647.99999999999    65779.0    28222.333333333336
