9142.666666666668    14633.333333333334    22368.666666666668    33880.666666666664    34822.333333333336    32367.333333333332    21804.333333333332    13081.666666666666    8513.0    8053.333333333334    7373.0    5866.666666666667    6821.333333333334    4605.666666666666    5095.333333333333    4213.333333333333    3783.3333333333335    4845.666666666666
9605.0    14226.333333333334    26576.666666666668    37670.33333333333    40780.333333333336    32532.000000000004    21194.0    11525.333333333332    12302.666666666668    8811.333333333334    5753.333333333333    6313.0    3932.666666666666    3860.0    3607.0    3670.3333333333335    3279.6666666666665    2953.3333333333335
9679.333333333334    15105.666666666666    26547.666666666668    33070.0    38784.666666666664    28616.999999999996    19675.333333333336    14975.333333333332    9800.0    6446.666666666667    7441.333333333333    7669.333333333333    5358.0    5513.0    3952.0    5107.333333333334    3853.333333333333    4677.0
10445.666666666666    15244.666666666666    23888.0    32030.666666666668    39241.666666666664    29640.666666666668    22474.333333333332    16491.333333333332    8712.666666666668    10069.666666666668    5966.333333333334    4805.333333333333    5025.0    3820.0    4461.333333333334    4526.333333333333    3125.333333333333    4157.333333333334
3580.666666666667    3779.666666666667    4607.0    3103.3333333333335    4324.666666666667    4605.666666666667    3973.9999999999995    5580.0    7236.000000000001    6710.666666666667    7728.333333333334    10350.666666666668    15280.000000000002    22034.666666666668    31529.0    36269.33333333333    31118.000000000004    30425.666666666668
4018.6666666666665    4065.0    2321.6666666666665    3872.333333333333    4177.0    5927.666666666666    5690.333333333333    4843.333333333333    5150.333333333333    5937.0    6074.333333333333    8463.333333333332    13094.666666666666    24489.333333333332    29231.333333333332    33546.666666666664    33049.666666666664    30314.0
3722.666666666667    3236.0    3459.3333333333335    3665.6666666666665    4666.0    3658.6666666666665    4104.666666666667    6988.333333333333    4604.0    4678.0    5854.333333333333    9242.666666666668    16012.0    20081.0    24988.333333333332    30524.0    28459.666666666664    34998.00000000001
2746.9999999999995    3256.333333333334    3905.6666666666665    2924.0    2760.333333333333    4830.333333333333    4978.333333333334    5219.0    6721.666666666668    5038.666666666667    8000.333333333333    14196.666666666668    19732.333333333332    25929.0    23084.333333333332    26795.000000000004    26864.333333333332    21617.666666666668
19540.666666666668    21007.666666666668    20973.333333333332    22973.0    21087.333333333332    24491.333333333336    20403.0    20404.000000000004    14520.0    9529.666666666666    8273.0    7258.999999999999    5130.333333333333    5105.333333333334    6215.0    8099.666666666666    5325.666666666667    5919.666666666667
3809.3333333333335    4992.333333333333    3015.666666666667    3998.3333333333335    4330.666666666667    3412.333333333333    4496.333333333333    5577.666666666667    5431.000000000001    6617.333333333333    11858.333333333332    15043.333333333334    15320.333333333332    16541.666666666664    19779.666666666668    22002.333333333332    21314.0    18620.666666666668
3439.0    4079.666666666667    3663.0    4154.333333333333    2904.666666666667    5544.666666666667    5232.0    5402.333333333334    8480.666666666666    11355.333333333332    14681.333333333336    16282.666666666668    11262.666666666668    17075.333333333332    19708.666666666668    23059.333333333336    20500.999999999996    17507.666666666664
3500.666666666667    3190.333333333333    3444.6666666666665    3883.333333333333    4490.0    4591.0    4678.333333333334    8172.666666666666    14460.000000000002    15385.666666666666    15143.666666666664    12776.666666666666    13877.333333333332    11778.000000000002    20241.0    17419.333333333336    22226.333333333332    20299.666666666664
3811.6666666666665    3599.9999999999995    6765.333333333333    5438.666666666667    6223.0    7079.666666666667    13201.0    12282.333333333332    12363.333333333332    11405.333333333334    12484.0    12475.333333333334    11865.0    10767.333333333332    14920.666666666668    21138.0    12334.0    16078.000000000002
4521.0    6035.000000000001    5748.666666666666    9206.666666666666    9331.333333333334    10768.0    10741.666666666666    10814.666666666668    10120.333333333334    9263.333333333332    9044.333333333334    8027.000000000001    8072.666666666667    8911.666666666668    14646.0    19294.333333333332    14077.333333333332    11728.0
6255.333333333334    5253.333333333333    9530.0    11059.333333333332    10400.666666666666    10454.0    8838.0    10158.0    9071.0    10779.999999999998    8158.0    8300.0    7307.333333333334    10411.666666666666    12540.666666666668    20027.666666666664    12707.333333333332    10051.666666666666
7601.666666666667    7963.666666666667    7730.666666666666    8521.0    7123.333333333333    9475.999999999998    8524.0    8745.0    7980.333333333333    5917.333333333333    5716.333333333334    7252.0    9046.333333333334    10920.666666666668    13489.000000000002    14174.0    13421.333333333332    12700.333333333332
8249.0    8787.333333333334    9319.0    13389.666666666666    13537.333333333332    9474.666666666668    7338.666666666665    7966.333333333333    7697.333333333334    5844.666666666667    6486.666666666666    7216.666666666667    8468.666666666668    7033.000000000001    6128.333333333334    5929.666666666667    5581.0    7582.333333333333
15833.333333333334    15144.0    17063.666666666668    19662.333333333332    20920.0    15654.666666666666    15896.666666666668    14872.666666666666    16895.333333333332    16647.666666666668    10197.0    6409.666666666667    6062.333333333333    5104.333333333333    6383.0    5747.0    5082.666666666666    5135.0
15019.0    18639.666666666664    19641.333333333336    24089.333333333336    22020.666666666668    18556.666666666668    20383.0    17850.0    14727.999999999998    10102.666666666668    6965.000000000001    5222.333333333334    5842.666666666667    4595.666666666667    4272.666666666666    4283.0    6025.666666666667    3493.6666666666665
18017.0    22426.0    22186.0    24365.000000000004    23142.666666666664    22786.333333333332    19511.333333333332    18401.333333333336    13406.0    7572.666666666666    8445.0    4360.333333333333    5835.666666666667    4194.0    3189.0000000000005    3623.666666666667    3977.0    4527.666666666666
11018.333333333332    11791.0    15922.0    20211.333333333332    18374.666666666668    17467.666666666668    14854.333333333332    9174.666666666668    8980.333333333332    7741.666666666667    7413.999999999999    8091.666666666666    11695.0    14131.333333333332    13350.666666666668    15912.999999999998    13904.000000000002    11533.000000000002
13346.0    19581.666666666664    25795.0    31200.333333333332    31429.0    27085.666666666668    22947.0    13668.333333333336    9418.666666666666    5272.333333333333    6530.333333333334    6839.0    4335.0    5281.0    4680.333333333333    4141.0    4181.333333333334    5411.999999999999
2707.333333333333    4524.0    3180.3333333333335    4369.666666666666    3834.666666666667    4736.666666666667    6034.333333333334    4928.0    5859.666666666667    6587.0    3759.0    7818.666666666667    11482.333333333332    17566.0    26113.0    34306.0    33647.0    21737.0
3069.3333333333335    3398.3333333333335    3571.3333333333335    3036.333333333333    3560.0    4232.333333333333    4081.0    5045.333333333333    5095.333333333333    6251.333333333334    6964.333333333334    7152.666666666667    11906.0    18484.666666666668    32958.666666666664    34811.33333333333    36077.0    23947.999999999996
7555.666666666666    10923.0    14352.666666666666    20768.0    24565.0    21716.666666666668    12578.0    10569.666666666668    7450.0    7499.666666666667    5548.666666666667    6697.666666666667    6226.333333333334    9434.333333333334    12546.666666666666    18624.666666666664    17231.666666666668    8733.666666666666
8868.0    13166.000000000002    23210.333333333336    32085.000000000004    34055.66666666667    24651.0    22548.0    10049.000000000002    8563.666666666668    6893.333333333333    5046.333333333333    4709.333333333334    3743.9999999999995    3996.6666666666665    4260.0    4417.333333333334    4204.666666666667    4680.0
3470.333333333333    2935.6666666666665    5014.666666666666    3088.333333333333    4064.333333333333    3294.3333333333335    3724.666666666667    4266.333333333334    4387.0    6319.333333333333    7089.666666666666    5923.0    11088.666666666666    15685.0    30311.666666666664    35586.0    32927.0    22773.666666666668
4123.333333333334    3177.0    3294.6666666666665    2761.3333333333335    3349.0    5025.333333333333    4122.333333333333    6138.333333333334    5663.0    4505.333333333333    5456.666666666667    6751.333333333333    12704.0    18006.0    30607.333333333336    42319.333333333336    38269.666666666664    23479.333333333336
3322.3333333333335    4191.333333333333    4100.666666666667    5418.0    4046.6666666666665    3976.3333333333335    4734.666666666667    4364.666666666667    5384.0    5204.0    6456.0    6134.0    10911.999999999998    19945.000000000004    37193.666666666664    46272.0    34630.333333333336    22395.333333333332
9366.666666666666    13118.0    21840.333333333332    38694.0    45859.66666666667    26903.333333333336    17219.333333333336    13539.333333333334    6534.999999999999    6340.333333333333    5078.000000000001    5113.666666666667    4519.666666666666    4940.666666666667    3650.6666666666665    4396.666666666667    3556.333333333333    3692.333333333333
7895.333333333335    9085.0    21592.0    37960.0    38474.666666666664    37448.333333333336    11252.0    11064.666666666668    8530.0    6352.333333333333    6268.666666666667    5076.333333333334    5501.333333333334    3841.3333333333335    4429.666666666667    3729.333333333333    4483.333333333333    3911.6666666666665
