14983    15235    45626    46139    51083    33514
16704    25712    53361    66955    59185    24263
14165    27605    47224    41717    38361    20839
16593    28624    46492    71077    44696    22220
17671    21909    51267    53975    40031    21837
15955    27630    41716    55914    43999    19662
19137    25170    57267    58609    32389    25810
15856    19475    42140    49051    37090    21669
19491    29566    43887    45563    31744    19801
15320    23360    39234    40586    26390    19772
14647    29221    47593    56627    44489    22766
20051    31883    40609    46786    42932    19839
13348    21419    40513    67780    41722    22876
16263    35761    44844    58653    54656    20459
20328    25348    41418    63069    47123    24847
17464    27513    42586    51222    38719    25886
14257    21050    36452    65540    35425    22201
12931    20292    39867    70835    49911    21004
13693    29525    41065    55416    44548    25532
14062    20059    42364    63319    39699    25392
11603    19948    48160    59409    47390    22858
