5742    5228    3872    5183    7881    6558    8283    9831    15730    16726    11601    20335    19372    23869    22870    23499
3089    6197    6215    3777    7333    6930    7746    16305    17879    35373    30272    24187    16945    17865    28723    17344
5535    4894    6636    7708    5237    7875    4991    10012    17959    22860    18036    17180    15958    14521    14894    15615
5989    3838    7174    6522    8051    10760    18861    27438    21326    29170    17005    13391    15463    14282    15570    14862
5050    5827    5177    9415    15052    17477    18639    18152    17347    18621    11848    16209    15566    11539    11548    9223
8079    12949    5971    10709    14995    24412    11918    10668    16459    17502    12601    12395    12595    11479    14733    7411
6039    13181    9254    14928    19533    17288    17097    16516    16640    15028    12266    9811    11257    14832    10492    14220
9349    19801    21958    8710    11625    12309    11270    12410    7666    12247    12259    7298    12400    7425    10062    8492
17529    18311    18116    12217    12243    10350    12475    5914    10783    6852    9917    5815    11428    10694    11809    15599
8209    13162    11721    8648    7598    9492    7854    12765    16387    11013    9702    13190    11085    7505    7822    8509
14810    13331    8803    13844    14149    12712    11547    19286    13745    16617    15264    13625    11138    14546    12745    9181
10627    10424    10488    10839    7187    19802    12693    18878    10713    18518    11260    12232    12960    10816    14409    10254
7271    10755    11023    12221    10304    10339    10050    19547    10737    14199    18773    14491    12941    20658    8170    16179
19546    22967    17943    15576    17433    15960    20572    15333    21793    14433    15786    10511    6692    4429    6866    4796
2530    4853    7834    8765    4161    5717    5862    8274    13889    20748    26711    28082    24231    23353    17923    19200
3839    3103    3953    4640    6685    5535    10174    12254    13997    14976    19547    23985    26098    14906    18903    20795
6636    5413    4103    6847    3900    4348    4396    9158    4988    14669    15873    24950    23515    26836    18008    21285
5596    3050    3202    4802    5465    6150    8518    7031    6857    10607    15498    27620    31431    26973    23914    28126
7139    7225    3554    4168    5350    6933    4077    3757    6478    11200    17403    21315    30301    28388    26612    25879
4524    3115    5146    4622    6821    7144    5947    7950    11427    6837    11588    20045    31134    21280    27423    29892
4066    3832    3822    4973    4791    4848    5324    6625    10166    7654    8777    25565    27270    31740    26606    33309
