20209.000000000004    24053.0    45856.33333333335    70328.66666666666    60517.333333333336    29550.333333333332
23163.333333333332    20237.0    50270.66666666667    72220.33333333334    62792.333333333336    31092.333333333336
19692.0    16998.333333333332    38517.333333333336    62495.666666666664    68692.66666666667    34845.66666666667
19531.666666666668    15145.333333333334    31572.333333333332    62965.0    63378.00000000001    40311.0
22359.33333333334    17618.333333333332    39369.0    61821.000000000015    64277.66666666667    34767.666666666664
18290.333333333336    18591.666666666668    32371.333333333332    67124.0    70904.33333333333    39073.333333333336
24895.666666666664    17401.333333333332    44378.66666666667    62837.666666666664    62061.333333333336    32438.666666666664
18966.0    14767.666666666668    37486.33333333333    55337.99999999999    62775.99999999999    35073.33333333333
16756.666666666664    19625.666666666664    43494.666666666664    66613.0    57525.333333333336    27663.000000000004
22945.666666666664    18143.333333333332    39093.33333333333    66947.0    55995.666666666664    32350.000000000004
21385.000000000004    19244.0    37914.66666666667    54851.333333333336    52137.666666666664    31248.999999999996
20163.333333333332    18849.333333333336    30753.000000000004    52648.666666666664    52670.0    30455.0
18787.0    16697.0    29377.333333333332    43749.66666666666    53588.66666666667    30368.666666666668
19873.0    18038.0    32880.66666666666    47400.0    50167.333333333336    29082.999999999996
19906.0    18018.333333333332    27514.333333333336    50834.66666666666    57136.33333333333    31179.0
21157.0    17102.666666666664    33189.666666666664    51536.33333333334    43726.333333333336    25944.333333333332
17206.666666666668    16911.66666666667    34862.00000000001    47231.0    45557.66666666667    26527.666666666664
14557.333333333332    16209.666666666666    28683.333333333336    42711.66666666667    39272.333333333336    26802.0
19487.66666666667    16641.333333333332    31158.0    50858.00000000001    47707.333333333336    36657.66666666667
21955.666666666668    14493.666666666668    34721.333333333336    50333.0    57568.00000000001    31109.666666666668
20536.999999999996    28016.666666666668    41903.0    65526.66666666668    56848.33333333333    32367.333333333332
18471.333333333332    18796.0    37208.33333333333    63222.00000000001    56734.66666666667    30285.999999999996
19661.333333333332    23571.333333333332    42662.33333333334    58718.000000000015    60400.66666666666    28536.66666666667
20951.999999999996    19813.000000000004    41315.99999999999    73115.33333333331    68560.33333333334    32828.33333333333
18630.0    23099.0    40781.33333333333    75046.00000000001    62555.0    32634.666666666668
21154.999999999996    22041.66666666667    37604.333333333336    66530.66666666666    63560.0    35053.333333333336
22815.0    23264.000000000004    44322.66666666668    71631.33333333333    60201.66666666666    31139.0
19075.33333333334    22188.0    45043.33333333335    73409.66666666664    63839.666666666664    30745.333333333332
22891.999999999993    21572.333333333336    46400.00000000001    64410.0    68209.00000000001    37434.66666666667
21418.66666666667    19797.333333333336    43384.0    71725.66666666667    64916.000000000015    35173.66666666667
20514.33333333334    15649.333333333332    34546.33333333333    66594.33333333333    67690.66666666667    37762.33333333333
