11790.333333333334    18544.0    37321.333333333336    44355.666666666664    35665.0    21115.666666666664    13307.999999999998    10496.333333333334    8214.666666666666    7306.666666666667    6595.0    6171.0    4724.000000000001    4906.0    5376.666666666666    4086.666666666667    6026.666666666667    4510.999999999999
14202.0    26770.666666666664    32827.333333333336    44910.33333333333    37841.0    26663.0    14782.333333333334    9038.0    9652.0    6703.666666666667    7319.999999999999    5124.333333333333    4082.666666666667    4277.666666666666    4410.666666666667    3586.3333333333335    3898.0    3686.0
5432.333333333333    6335.0    13677.666666666668    14380.000000000002    11770.666666666668    9916.666666666666    4783.333333333334    5916.666666666667    8135.333333333333    6450.333333333334    5946.333333333333    9294.0    16147.666666666666    23833.333333333336    32432.000000000004    31094.666666666664    20778.666666666668    14917.0
4460.333333333334    3037.3333333333335    3463.666666666667    3910.333333333333    3816.3333333333335    3638.0000000000005    3725.3333333333335    4917.333333333334    6125.333333333333    4679.666666666667    7229.0    8986.000000000002    17663.666666666668    33958.66666666667    37916.0    40361.66666666667    27245.0    17769.666666666668
8779.333333333332    10072.333333333334    15270.666666666666    18847.999999999996    16108.999999999998    12511.000000000002    8932.0    7586.333333333333    7765.333333333334    6570.666666666667    6367.333333333333    10105.0    15564.0    19367.999999999996    24000.333333333336    19744.333333333332    19569.333333333332    13050.0
3691.0    3114.333333333333    3294.666666666667    4777.333333333333    3661.3333333333335    5021.000000000001    4322.0    4651.0    5608.333333333334    5764.333333333333    7790.666666666667    11679.666666666666    20171.333333333332    32057.0    31349.000000000004    38339.666666666664    36549.333333333336    24513.0
6181.0    12341.0    15138.666666666668    19256.0    17080.0    11492.000000000002    7393.666666666667    8483.0    7549.666666666667    8808.666666666666    5783.333333333333    10178.666666666666    18087.666666666664    22945.0    18512.666666666668    18600.0    19322.0    16860.333333333332
3755.6666666666665    4331.666666666667    3977.3333333333335    4519.333333333333    4482.666666666667    3442.3333333333335    3912.0000000000005    5428.0    4872.0    6007.0    7798.666666666667    14792.0    21972.0    26818.666666666664    29798.0    27927.666666666668    24856.666666666668    25715.666666666664
19320.0    23101.333333333332    27154.666666666668    27009.333333333336    26690.666666666668    23575.0    16412.0    15188.0    10512.666666666668    7641.666666666667    5306.666666666667    4512.333333333333    4866.666666666667    4447.666666666666    4690.666666666667    3816.0    4160.333333333334    3272.6666666666665
25431.333333333332    18985.666666666668    22564.666666666664    28241.666666666668    22119.0    19615.666666666668    19268.666666666668    16817.0    13039.333333333334    9227.333333333334    7745.333333333333    5825.666666666666    4272.333333333334    6158.666666666666    3201.6666666666665    3847.6666666666665    5534.333333333334    3579.0
19355.000000000004    16231.666666666668    23313.666666666664    25395.333333333332    18357.0    19809.0    14944.666666666668    15041.0    14199.666666666668    10342.999999999998    7093.333333333334    5196.333333333333    7035.333333333333    3813.6666666666665    3676.666666666667    3930.666666666667    4404.666666666667    4641.0
4733.666666666666    8904.666666666666    10360.333333333334    12102.999999999998    13359.0    11779.333333333334    6341.333333333333    8222.666666666668    12941.333333333334    11933.333333333332    14727.999999999998    13485.333333333334    11761.666666666668    13482.0    12176.000000000002    14519.333333333334    11636.333333333332    13072.0
4077.666666666667    4332.333333333334    3553.333333333334    4751.333333333333    4088.666666666667    6059.0    9828.0    10597.666666666666    11647.0    12244.999999999998    11490.0    10959.666666666666    12890.333333333334    15549.666666666666    18426.666666666668    22255.333333333332    16773.666666666668    13043.0
5123.666666666667    4113.333333333333    3895.3333333333335    6769.666666666666    8608.000000000002    10053.0    14088.333333333334    13485.0    11562.0    12416.0    9338.0    9599.999999999998    12641.333333333332    16218.333333333336    17008.666666666664    18961.333333333332    14044.666666666664    9515.333333333334
4509.666666666667    5399.666666666667    7863.333333333334    13108.666666666668    12640.333333333332    10372.333333333332    11441.666666666668    10066.666666666666    12238.0    10493.333333333334    10993.666666666666    10128.666666666666    10680.333333333334    11377.666666666666    16440.0    19637.333333333336    19114.666666666668    8082.666666666666
10293.333333333332    9023.333333333332    10574.333333333332    9314.666666666666    10041.666666666668    8304.333333333334    8776.666666666666    9561.666666666666    8476.333333333332    10009.666666666668    7262.333333333333    9267.999999999998    10826.999999999998    13251.0    18721.0    16231.333333333332    13723.333333333334    8996.333333333334
10799.333333333334    10948.0    9299.333333333332    9086.333333333334    11211.0    7779.666666666667    10763.333333333334    8794.333333333334    7239.666666666667    9134.333333333334    7641.0    7120.0    10198.666666666666    10347.0    18656.666666666668    19837.0    10900.000000000002    8541.0
8918.333333333334    9569.0    6608.666666666666    8281.333333333332    7819.0    6188.333333333333    6150.333333333333    8025.0    7565.666666666666    7298.333333333334    8320.666666666668    6209.0    9942.0    13206.333333333332    15689.666666666666    18226.333333333332    11937.333333333332    8281.0
3664.0    3448.333333333333    3322.333333333333    3748.6666666666665    4409.0    3653.6666666666665    4520.333333333333    5275.333333333333    6708.666666666666    8130.999999999999    15448.333333333334    19967.666666666668    17604.666666666664    19483.333333333336    21646.333333333332    26993.666666666668    18937.333333333336    15547.333333333334
3734.3333333333335    3712.666666666667    3814.0    3509.0    4253.0    4523.0    3989.0000000000005    5389.666666666667    4576.0    8284.666666666668    10679.0    14842.666666666666    20323.666666666668    22437.666666666668    26357.66666666667    23229.666666666664    24204.333333333332    22321.333333333336
18595.333333333332    22897.000000000004    23319.666666666664    27269.666666666668    26005.333333333336    27629.333333333336    20938.666666666668    15648.333333333332    12647.0    7060.666666666667    6825.333333333333    9251.0    4642.666666666666    3435.6666666666665    5440.0    4442.0    4890.0    4261.333333333334
18181.666666666668    22003.666666666668    27478.666666666668    27573.0    26590.666666666668    23402.0    19137.666666666668    13610.666666666668    6873.333333333333    6300.999999999999    5051.0    5218.333333333333    5776.666666666667    4043.9999999999995    3712.333333333333    3741.6666666666665    3005.6666666666665    3016.3333333333335
14091.33333333333    24394.0    31058.33333333334    34551.666666666664    29064.0    23829.333333333336    16103.666666666668    8586.666666666666    8832.333333333334    7337.666666666666    6465.333333333333    6325.333333333334    4682.0    4476.333333333334    3554.0    4300.333333333333    2626.333333333333    3271.6666666666665
13614.666666666666    23248.999999999996    37267.0    37475.33333333333    33158.333333333336    27948.0    19863.333333333332    9965.0    10315.666666666666    6108.333333333333    6543.666666666667    5256.333333333334    5279.333333333333    4247.333333333334    4654.0    3720.0    4127.333333333333    3792.3333333333335
13101.333333333334    23761.0    34665.33333333333    40270.666666666664    32978.333333333336    26383.0    16209.0    10716.333333333332    7892.0    6795.0    6445.333333333334    6624.0    6458.333333333333    3942.333333333333    5353.999999999999    3483.6666666666665    4308.0    3358.3333333333335
11164.666666666666    21625.0    30000.333333333336    40822.66666666667    32040.666666666668    28185.666666666668    16506.666666666668    10001.000000000002    8070.999999999999    6860.0    6219.333333333333    5441.666666666666    5523.0    5357.000000000001    4143.666666666667    4992.000000000001    3799.0    5191.666666666667
13326.0    21957.666666666668    33187.666666666664    41207.99999999999    39477.666666666664    26970.666666666668    15276.333333333336    9693.333333333334    8421.333333333334    6381.0    4483.0    4891.666666666667    5369.333333333334    4755.0    5320.000000000001    4176.333333333333    3988.666666666667    4490.0
13373.666666666666    21866.0    34366.33333333333    40189.0    42025.0    23620.666666666668    14515.666666666668    11631.000000000002    8802.666666666666    8182.666666666667    5045.0    4853.333333333334    4572.333333333333    4301.666666666667    4722.333333333333    4481.000000000001    4412.333333333333    3340.6666666666665
13746.333333333334    21222.333333333332    31537.0    48143.99999999999    42581.0    23822.666666666668    14786.666666666666    11659.000000000002    8826.666666666666    9256.666666666668    5750.333333333333    3951.666666666667    5175.0    3051.0    4587.666666666667    3564.6666666666665    4585.333333333333    4670.0
9591.333333333334    17979.333333333336    36043.0    44425.333333333336    43994.333333333336    27206.0    13284.666666666668    10179.333333333332    9892.333333333332    7271.0    6463.0    4856.0    6156.333333333333    3374.0    4299.333333333333    3871.0    4644.666666666667    2884.3333333333335
4477.333333333333    2914.0    3654.6666666666665    3992.9999999999995    4120.0    4812.666666666667    5048.333333333333    4060.333333333333    4282.666666666667    5361.0    8573.333333333332    10736.0    11089.333333333332    25616.666666666668    46014.33333333333    48714.666666666664    31266.666666666664    18022.333333333336
