13652    35018    27952    28804
5164    5679    6030    7731
5352    6735    6677    7052
14856    25588    31624    30439
12766    26683    42162    26441
13608    22152    32482    26904
15519    20906    34833    30407
12593    34694    40510    28559
12886    17591    20609    27057
13824    22455    28080    22338
13631    20048    31994    22526
9929    15751    26656    30146
7344    16615    26438    24230
12776    23162    24536    25355
8985    19810    25667    20778
12675    11192    26273    19026
12267    11797    16448    13745
10145    18936    25924    21447
13473    22696    27991    21902
11992    18671    31179    23878
13509    27786    26018    29495
14270    18611    31639    32119
8801    18970    24286    24598
13521    25776    27247    26269
12557    27991    25208    22426
9540    20018    27440    27299
