18074    25185    27283    8855    4456    3529    1454    2829    3943    1942    1971    2122    1952    1831
2280    1618    1500    2020    2516    1449    1680    1286    2042    1235    1596    1781    1302    2299
1462    1258    1537    2082    1252    1615    2192    2154    1480    1420    2467    2361    2097    2439
15372    8796    17721    10680    14959    10864    4995    4590    3445    1368    2833    1710    3462    1712
17810    8761    7666    14960    14852    11943    9083    4525    2206    4886    3143    2456    2910    2851
11407    9717    15510    12431    11545    6566    6014    4057    2977    5112    1643    2451    2881    2835
10098    11368    9477    12572    13016    15293    12994    3165    3225    3141    1841    2030    1589    1856
6429    10785    7877    18264    9754    16755    12693    7308    7368    4135    4557    2877    3519    4035
6712    8732    6454    8161    7151    7135    7365    4720    7301    3927    1887    3259    2862    2477
5860    10857    6565    7164    7905    6515    10009    10926    5353    4172    4054    2426    1391    3500
5955    3735    8425    6882    11164    4972    8613    14950    7040    4052    3353    4897    2134    2027
6931    6889    7848    4199    7253    5442    8415    4396    7553    7521    6811    4421    2627    2176
1350    2815    4842    5584    10362    5346    7783    4802    6952    8242    2874    7140    3699    2836
3683    5078    5989    4618    6703    5983    6275    9749    9799    5100    2838    6088    5388    8538
8782    8884    6311    6535    6013    6426    3632    5288    3955    2886    4022    4099    3781    4626
4235    8115    7650    4539    7561    3110    3046    4446    2104    5723    4315    5333    5728    3261
1798    2713    3270    6102    4889    2665    2848    4934    3188    4029    3771    3539    4490    6021
4036    4607    4197    4310    6832    4242    7953    4467    6634    7395    3000    7685    6601    4493
7398    7757    7466    6651    4038    11310    5275    7808    7604    4861    5037    5610    2298    2949
3766    1992    3603    6412    9576    6909    6462    7419    6751    5954    9178    6304    4422    6972
1374    3032    3735    2504    8344    5606    10045    12375    8463    5750    7799    8324    11365    8092
7541    10369    7306    7662    10951    9995    8570    8780    10322    3369    3190    1835    3204    3545
1341    1773    3425    3434    2160    1633    3139    6302    9573    10775    10121    4099    9486    9394
11927    13204    12267    13354    8423    5907    5449    6174    2359    2787    4285    2314    2501    1862
7647    11534    6260    10942    10068    15106    6465    3908    3831    3222    3379    1719    1358    2743
3291    2089    1551    3514    4352    4582    5011    6097    4477    9731    9588    12546    8864    8604
