10628    13427    23055    29121
8586    14313    24564    28566
10940    14785    17901    25947
9004    17913    23257    28157
11351    14235    28373    20897
9739    18583    22223    20642
11371    16735    24766    23634
7574    18916    30576    19380
9789    15951    18127    17823
12967    17790    24266    19535
11856    16388    17629    25634
10579    12215    20490    21511
12362    13828    32419    19396
9544    17898    27046    28567
8267    15666    21658    17038
8567    15662    16918    22938
8857    14335    20457    20090
6029    12122    16006    13261
12266    21837    25198    18132
8734    16288    28904    19236
7139    17925    28004    20758
8726    13868    22619    26624
11684    12526    25057    28192
8562    16152    20832    23296
6790    11239    16098    27210
6232    16612    26693    23962
