2057    2706    3282    1324    1454    2190    4073    1860    4680    1788    7079    11185    20927    11626
2042    1195    1256    1969    2237    3520    2780    3509    4076    5367    14497    9946    13008    10627
1381    3419    3038    2927    1559    2636    3276    3024    3678    5127    11264    11107    6746    10391
2362    2189    3180    1203    5340    3833    5064    4549    5243    10167    8722    7019    12633    6827
9411    6733    5394    13997    9448    7116    3657    3602    3254    3270    2313    3210    2006    1445
5899    10463    5323    8365    7683    7197    3963    2676    4560    5620    2790    2974    2100    1574
8348    6019    10825    4489    8317    8617    5491    6332    2182    3794    2068    3727    3082    3215
7313    7712    10240    7641    10595    7227    6411    5825    4575    1408    1302    1946    2798    1453
6831    4423    4961    6537    3782    8631    5931    3056    6687    2012    2473    1591    2325    2450
6768    5585    8650    6015    10265    5554    6248    9463    4201    3036    3638    1499    1956    1680
3334    2348    2925    1923    3371    6577    6744    6409    7964    4816    5381    4361    5576    9778
2598    1223    2941    3296    3652    9028    9938    4479    6683    4956    3054    5732    4304    2911
3342    3500    5082    4842    9814    8227    3979    3994    6767    6237    5495    4786    6412    5528
9139    5403    3097    4698    5138    7232    8698    4115    4208    8185    4580    4311    11537    2714
3866    4414    5041    5010    2134    5783    4703    6248    4673    3144    3407    4398    4126    5682
5574    3311    5205    7446    5731    4694    4183    3777    4677    2664    5196    2560    5754    3313
3699    8362    4424    2826    5048    2648    3419    3593    3613    5173    8171    2428    5981    4354
2952    2929    1796    5433    6224    2779    2300    2117    2770    4336    1955    2636    4318    4873
6386    7497    5481    6081    4842    8300    3124    4847    5498    5705    4907    5323    5739    3703
4375    3361    5454    5289    9589    5049    7325    4295    5148    5067    3408    2992    4643    7167
2835    2079    1783    4174    6877    7546    4948    8734    7202    9687    4685    4005    4370    4901
2051    2752    5397    3134    3937    6086    4016    9489    6822    7111    6718    5725    3421    5178
2368    2241    2204    2565    3030    3270    4089    6652    14554    9040    9569    6665    5240    5972
2935    2764    1791    2680    2116    4902    1385    3505    4967    6832    8778    9032    9634    7521
1212    1837    1485    1610    2642    2241    2191    8079    6347    8944    6600    7086    5623    5440
1523    1341    1526    1600    2916    2240    2354    3707    5121    5904    12735    11178    12392    8962
