29744    22202    33699    66800    97067    82416    28194    21566
25243    33899    33034    82710    86553    61931    37176    31494
28093    21565    26867    77276    95455    67394    33462    31437
33027    30490    41397    70734    107787    64304    36287    29030
25393    23378    35876    72673    89574    73176    28075    18445
30284    30692    54077    84322    96574    54102    19115    33635
31511    26744    41298    85443    88150    56573    33132    25842
32462    25580    40552    92914    97654    53810    21833    21931
36887    23747    32486    55446    90055    66023    31279    28536
29558    22913    33744    68783    80627    53711    32722    28675
34369    22617    27329    63026    85126    52875    34809    30741
26735    27159    30342    41563    79662    48364    32624    23918
25669    27570    24408    69913    66857    58911    28601    26427
32571    30075    33666    58743    62572    44452    28356    25978
25910    28524    28632    47835    66221    50911    22017    25449
25980    33465    33946    48787    52681    24666    24052    18645
33769    30632    35608    74943    97530    52722    29674    30509
30609    27026    36621    56298    65392    62266    29413    18928
33060    28368    37706    76584    106693    67310    32050    29104
33552    27570    49493    82575    93574    58896    29797    30079
42393    25373    41172    104975    87061    70269    31442    33682
35474    40161    40673    81595    83826    58866    33432    30359
40440    25001    38260    85780    103589    60721    25300    25854
35614    25498    39413    82488    99440    62092    24847    27595
32651    26224    50438    87309    81204    67628    26198    41036
28941    24599    30494    83462    91255    72779    32850    28765
29825    25726    28998    66179    89513    82646    28121    23313
29062    26979    31417    70077    82029    78978    36100    21760
36089    23934    35143    75861    104141    74071    36629    32759
31483    26373    30244    78575    88575    87085    34021    30313
36294    18539    32762    66482    88182    76479    40193    30965
