8449    5133    6365    3852    5941    7741    3963    7629    6067    9900    8480    12146    11254    25481    45365    47869    51302    52866    40635    21250
8880    5037    4417    4318    2673    5163    7378    5491    11821    10801    12563    12773    16429    29954    31704    48481    47245    49770    48450    28692
8187    3986    8118    5950    8229    4973    8946    7324    10274    11909    12148    9919    12369    25315    37819    46158    51822    44049    36010    28044
5653    8335    5998    5659    5487    6336    8509    9955    5083    11169    9976    13907    14007    27153    55880    45640    51303    50405    41756    30845
3859    6167    6027    6489    7744    7828    5611    8289    8190    9250    12639    9535    14420    26795    41265    32957    43483    44379    44357    27306
13567    25020    39411    43600    32811    41391    35546    36210    25401    14472    13010    16024    9919    8338    9455    6948    6042    7128    9323    9185
15206    30042    38832    34834    31716    28808    35818    39409    28578    21594    13493    7964    14434    6523    6774    7174    5783    6355    8611    6745
13806    27930    42816    34759    36030    27735    34425    43449    27046    17877    12046    9271    9520    7036    6078    9143    6157    7206    6841    7565
4903    4752    5601    5213    7553    8663    7532    5362    14412    8088    14652    22446    33863    30914    25368    27572    26532    35524    33177    42332
7762    7159    5059    4179    9553    5106    6882    9678    11062    9678    13412    25323    31986    24688    33669    33114    33626    18885    29911    30001
6009    8770    6514    8876    8083    11647    10479    14713    13645    19712    24513    21928    27133    22522    18679    24743    32656    20121    24274    25875
15372    8894    7419    14599    13223    11072    9759    16437    19444    17368    30081    17080    19647    16524    13256    14506    13111    19496    15418    17661
29952    20242    20004    18808    18675    22115    16900    10997    13008    15158    13375    20986    17542    29221    15866    13742    9478    9232    6423    6632
14817    17962    15398    18251    18532    13193    12702    10585    20675    17956    14036    15100    17095    18952    18738    17239    18408    13275    12965    10534
14610    14007    16543    13341    15061    13548    10607    14352    15538    14024    12962    13892    15884    16381    17620    14920    15365    16165    15921    14758
14295    20338    11863    11339    11472    14540    19676    9694    11955    10202    13716    12267    8793    10383    10682    15390    10234    14044    15989    15350
26377    23862    33044    26487    27946    25578    25485    36106    30616    28114    21993    14465    11567    10362    11779    4664    6186    5720    7563    7473
5626    7487    4677    6474    7228    7465    7006    8731    13648    10509    22132    22489    34243    31258    23402    25731    18039    23558    24631    22219
23087    32370    29469    29807    29198    32897    33962    38059    34844    26687    14263    12136    15761    15882    6925    11431    6834    4833    4769    7661
21174    27731    48978    34424    34015    31904    42728    33936    27117    19378    12467    13859    7862    7056    7093    5826    7230    9336    9257    4165
23732    26563    38955    39702    47440    33705    47147    35143    26268    22615    12808    8608    11147    13017    6496    8363    9726    6130    10552    8250
12837    22478    29118    54630    35860    31531    42312    45545    24860    20618    14453    10392    9402    9856    7295    8229    5561    5058    7633    6718
15745    17161    37292    46749    50440    47407    32175    34340    20417    19755    12506    11230    10398    6511    6307    4497    8206    4397    6402    13010
12331    17078    22678    46603    46346    48867    43988    37475    22495    16175    11598    13143    5944    8127    5810    6729    8991    8145    7851    6613
9601    23627    32721    45310    48822    55805    49135    27944    24587    13323    11286    14237    6358    6338    6116    7974    8548    6944    7317    6695
5408    5883    4219    7192    8047    7489    4947    9590    7430    10584    8575    9896    15238    28486    41848    50869    55514    51426    37055    23449
5362    5098    3018    7125    5501    5936    7804    6537    9685    10591    8680    12495    11687    16771    36340    52739    59542    47022    45287    17101
5069    5254    6533    5859    8061    5425    7682    8668    6694    9240    9144    8305    12688    18926    39701    51930    57842    53457    30769    25155
6234    5158    5317    7795    5451    7299    6902    8929    12308    11018    13105    14079    15508    26957    39329    55537    64142    51800    41684    20075
6271    7585    7749    6754    4315    6303    5418    11355    11000    7831    9840    12624    16656    19191    38402    57650    65218    59341    34368    18798
6044    5976    5029    10017    6828    5228    9920    7001    8060    9218    11554    16069    10224    14587    48164    57885    53194    48764    33469    22665
