18561.666666666664    38712.33333333333    65768.0    66145.0    34793.0    18737.999999999996
18103.333333333332    33849.333333333336    67479.33333333333    71432.66666666666    42707.333333333336    16367.999999999998
16530.666666666664    33382.333333333336    66717.33333333333    66045.66666666666    40907.666666666664    20819.666666666664
20489.999999999996    41886.0    63251.333333333336    58855.00000000002    37006.0    15633.333333333336
20692.333333333332    42770.99999999999    66928.33333333334    54314.0    33733.0    17681.333333333332
19475.333333333336    38000.66666666666    68568.33333333336    55122.000000000015    32613.000000000004    18687.999999999996
19270.666666666664    41550.66666666666    58800.66666666666    58379.00000000002    29088.333333333332    18976.0
20398.33333333333    36182.0    62665.333333333336    54720.33333333332    29182.000000000007    16236.666666666664
20126.666666666668    37927.666666666664    58068.0    58804.99999999999    31732.666666666664    18208.0
17167.333333333336    33221.666666666664    57475.99999999999    61652.0    33316.33333333333    18965.333333333332
20907.0    32678.999999999996    54610.33333333333    50512.66666666666    35211.66666666667    20280.666666666668
19183.0    30346.333333333336    50959.00000000001    39886.00000000001    24855.333333333332    18862.0
21357.000000000004    35023.33333333333    49042.66666666667    48622.33333333333    28191.0    13441.333333333332
19351.66666666667    31330.66666666667    47340.999999999985    46832.00000000001    26816.66666666667    18107.0
16286.666666666666    27522.999999999996    40262.33333333333    44504.99999999999    30324.666666666668    15715.33333333333
14912.666666666666    26774.66666666666    47330.666666666664    43353.666666666664    26608.0    18124.333333333336
15234.666666666666    27672.666666666668    33720.666666666664    32378.33333333333    23909.999999999996    14129.666666666668
17874.999999999996    26418.666666666664    43210.333333333336    40846.666666666664    24602.33333333333    15592.666666666668
20610.333333333332    35419.666666666664    57620.666666666664    49676.00000000001    23803.0    18184.999999999996
19168.333333333336    41283.666666666664    58887.99999999999    56885.0    26360.666666666664    16574.333333333332
21208.0    36666.33333333333    61639.33333333334    55873.00000000001    26830.33333333333    15895.0
20192.666666666664    38518.33333333333    66359.33333333334    50395.00000000001    27334.666666666668    20371.333333333336
18188.333333333332    33264.333333333336    55226.333333333336    69158.66666666666    40684.66666666666    22834.0
14824.333333333332    29184.666666666664    59542.00000000001    65284.0    38418.0    18846.666666666668
18292.333333333332    34041.0    57768.666666666664    57199.33333333333    38563.666666666664    18042.0
20743.66666666667    34244.666666666664    64232.0    63099.0    26032.333333333332    20324.000000000004
15077.333333333334    33658.66666666667    57935.0    61813.33333333333    43167.99999999999    21028.333333333332
18683.333333333332    34282.666666666664    61242.66666666667    66910.0    36770.66666666667    18034.666666666668
19331.333333333336    44286.666666666664    69410.0    65669.66666666667    32524.66666666667    14617.666666666668
19082.333333333336    37394.33333333333    63923.0    62491.99999999999    29740.000000000004    19506.666666666668
24748.66666666666    39268.666666666664    71507.33333333334    61142.33333333333    32729.666666666668    20158.666666666668
