4536.0    3232.0    4016.666666666667    4300.0    4063.666666666667    4355.666666666667    4602.666666666667    5174.666666666666    7468.0    6049.0    8902.0    10754.666666666668    20021.333333333336    32644.333333333336    39458.666666666664    38939.666666666664    30703.0    13496.0
2988.666666666667    3470.6666666666665    4700.333333333333    5030.333333333334    3462.9999999999995    4726.333333333333    3706.3333333333335    4423.0    6383.333333333333    6153.0    5656.999999999999    12086.0    20171.0    37500.666666666664    44547.666666666664    44852.666666666664    24895.666666666664    15184.333333333334
3872.666666666667    2873.9999999999995    5100.0    3914.3333333333335    4188.333333333333    4942.666666666667    4907.0    6639.333333333334    6336.0    8697.333333333332    9153.333333333332    13144.333333333332    22441.333333333332    32115.666666666664    43003.666666666664    33210.66666666667    23133.666666666664    16729.0
16638.333333333332    25593.666666666668    37304.666666666664    35810.0    31958.0    18709.333333333332    11630.0    9428.666666666668    8715.666666666666    5237.0    3968.0    4593.999999999999    4424.666666666666    5002.666666666667    3783.6666666666665    4767.0    4520.666666666667    5035.666666666666
17700.0    30249.333333333336    34658.666666666664    32205.333333333332    27893.333333333332    24297.66666666667    12813.000000000002    7873.333333333335    7955.333333333334    5396.666666666667    5772.0    4152.0    4857.666666666667    4613.333333333334    4181.333333333334    4435.666666666667    3560.3333333333335    3505.0
19024.999999999996    27062.333333333336    33256.66666666667    31405.333333333332    25415.0    19857.333333333332    15325.666666666666    7860.666666666667    7373.0    7709.666666666667    4753.0    6316.666666666666    5260.333333333334    4951.333333333333    5089.999999999999    5020.333333333333    3115.333333333333    3669.6666666666665
15066.0    27862.333333333332    29609.0    31126.0    28571.333333333332    20250.666666666664    11312.0    10271.0    8700.0    6209.999999999999    5130.333333333332    5260.666666666667    4548.333333333333    3619.0    4653.0    6136.666666666667    3426.666666666667    4312.333333333333
20171.666666666668    26464.0    22895.666666666668    27912.333333333336    26942.000000000004    20339.333333333332    16552.000000000004    10376.333333333334    7096.333333333333    6605.0    4538.666666666667    4954.333333333334    5043.0    4562.666666666667    3575.3333333333335    3898.333333333333    3984.0    3473.666666666666
7598.000000000001    7917.333333333334    14122.333333333332    15410.000000000002    11999.333333333332    9616.000000000002    6061.333333333333    8855.333333333334    8399.666666666666    8305.0    11314.333333333334    17148.0    18136.333333333332    18654.666666666664    13435.666666666668    15179.0    16665.000000000004    16050.666666666666
3221.6666666666665    4207.333333333333    3654.3333333333335    3772.666666666667    2760.6666666666665    3116.3333333333335    6479.666666666667    5818.333333333333    6628.000000000001    10152.666666666668    15664.333333333334    21967.666666666668    22148.333333333332    22886.999999999996    25903.666666666664    23754.0    21634.0    18027.999999999996
7769.333333333334    7032.000000000001    7020.666666666667    6716.333333333333    6338.333333333333    8495.666666666666    10350.333333333332    6947.666666666666    7672.333333333334    12442.0    16238.333333333334    13940.666666666666    13773.333333333334    15892.333333333332    25676.333333333332    19162.66666666667    14031.999999999998    14701.000000000002
11594.666666666666    15294.999999999998    21370.333333333332    20840.000000000004    16518.666666666668    12915.999999999998    10607.333333333332    10713.333333333334    14537.333333333334    10329.0    7600.0    5321.999999999999    5394.666666666667    3432.0    4930.333333333334    4510.666666666667    4288.333333333334    3892.0
9947.333333333332    16695.333333333336    19841.0    17382.999999999996    16592.666666666664    12773.666666666666    9563.0    11849.333333333334    14151.333333333334    12649.666666666668    13191.666666666666    8393.666666666668    6853.0    4923.333333333333    6099.333333333333    5032.0    5236.0    4502.333333333333
8226.0    13936.0    16346.666666666668    17514.666666666664    15461.666666666666    9382.666666666668    11975.0    10979.000000000002    12478.0    12261.0    10874.999999999998    10395.666666666668    13631.0    8021.000000000001    4851.666666666667    6436.333333333333    3954.6666666666665    3053.0
9635.666666666666    13068.666666666668    14495.0    18083.0    11758.333333333334    9916.0    8784.333333333332    9465.333333333334    8729.666666666668    8822.666666666668    6864.666666666666    7284.000000000001    9275.666666666666    9028.666666666668    11243.333333333334    6600.666666666667    6729.000000000001    4832.333333333333
8334.333333333332    10272.999999999998    17891.0    17704.666666666664    14816.333333333332    8332.0    8798.0    8990.333333333334    9149.333333333334    8144.666666666667    9710.0    6758.666666666666    8479.666666666666    7824.333333333334    6179.333333333333    11095.666666666668    8526.333333333332    6096.333333333333
7943.666666666667    8868.0    14074.000000000002    13828.333333333334    10095.666666666666    8973.0    8710.0    7415.666666666668    7067.333333333333    6127.666666666667    7268.666666666667    5921.0    6507.333333333333    7380.999999999999    6468.0    7451.666666666667    6583.0    6362.0
11429.666666666668    9235.0    18403.666666666668    20616.0    16754.333333333336    8962.333333333332    10086.333333333334    8154.333333333333    9645.666666666666    8883.0    6289.333333333333    5665.666666666667    6304.333333333333    4837.666666666666    6267.666666666667    5958.666666666666    5833.333333333333    5218.666666666667
16271.333333333336    18118.666666666668    19224.666666666668    19773.0    18895.666666666668    13963.666666666666    14970.0    16345.0    18821.333333333332    9855.0    6012.333333333334    4587.333333333333    4555.0    7403.666666666667    4580.666666666667    4165.333333333333    3460.6666666666665    4311.333333333333
18126.666666666668    19246.333333333332    25764.0    18195.333333333332    25010.333333333332    18212.666666666668    22622.999999999996    17578.999999999996    12510.0    7457.333333333333    5276.333333333334    5756.666666666667    3608.0    4153.0    3765.6666666666665    3970.3333333333335    3523.3333333333335    4382.0
15901.999999999998    24294.0    24996.666666666668    27791.0    22983.333333333332    19304.666666666664    17040.0    13734.0    8564.333333333332    4928.333333333333    7048.0    5250.333333333334    5877.666666666667    5406.0    4616.666666666667    3515.666666666667    3443.3333333333335    3416.0
20575.333333333332    24434.0    24215.666666666664    29320.666666666668    27497.333333333336    22223.000000000004    18062.333333333336    10390.999999999998    6154.666666666667    7576.666666666667    5517.0    5040.666666666667    5342.333333333334    3192.3333333333335    3865.333333333333    3235.0000000000005    3064.0    3464.0
4591.666666666667    2733.666666666667    4264.666666666667    3817.666666666667    3768.6666666666665    3461.666666666667    5729.333333333333    5000.333333333333    6926.333333333334    7402.666666666667    7963.999999999999    13690.999999999998    23298.333333333336    32789.666666666664    32630.999999999996    30538.666666666664    29264.000000000004    21483.000000000004
2519.333333333333    3987.333333333333    3232.3333333333335    4559.333333333333    3684.666666666667    5417.666666666667    5113.0    4327.666666666666    6356.333333333333    5820.666666666667    8025.666666666666    12413.666666666666    20172.66666666667    32821.0    32011.0    30581.333333333336    25209.666666666664    19846.333333333336
4853.000000000001    4406.333333333334    7120.0    5992.333333333332    6151.0    6309.000000000001    4192.666666666666    5932.666666666666    5960.333333333333    5132.000000000001    7650.000000000001    10583.333333333334    18720.666666666668    33257.0    32904.0    27808.0    22725.0    14209.666666666666
11874.0    20823.0    29855.33333333333    31026.333333333336    21560.666666666668    15262.333333333334    9325.666666666666    7657.666666666667    7909.999999999999    6888.333333333333    4482.0    7489.0    8648.333333333332    9307.666666666666    10437.666666666668    10322.666666666666    7315.333333333333    8489.666666666668
5154.666666666667    3446.6666666666665    4441.333333333334    4007.0000000000005    5116.0    3173.6666666666665    3819.3333333333335    5893.666666666667    5209.666666666666    7177.666666666667    6790.0    10119.333333333334    19997.666666666668    35111.99999999999    40271.333333333336    38733.33333333333    21100.0    13117.333333333334
2835.3333333333335    3230.3333333333335    3835.3333333333335    4940.0    3591.0    4340.0    5523.333333333333    5093.333333333334    6488.999999999999    9021.333333333332    6156.333333333333    9717.333333333334    16905.666666666664    32728.333333333336    41861.99999999999    38966.66666666666    24990.0    15698.666666666666
14499.666666666666    23966.333333333336    39632.33333333334    39981.66666666667    30718.0    20807.0    13528.333333333332    10360.666666666666    9681.0    7712.666666666667    4309.666666666666    5191.333333333333    5976.333333333333    4621.0    2862.0    4215.0    4578.333333333333    3198.666666666667
14085.333333333332    26127.0    40154.66666666667    40038.99999999999    23339.333333333332    16212.0    12478.0    7969.333333333333    9032.0    7331.666666666666    4565.333333333334    4523.666666666667    3692.0000000000005    4379.333333333333    4254.999999999999    4761.000000000001    4747.333333333333    4446.333333333333
13115.333333333332    23041.0    41686.66666666667    41517.666666666664    34636.0    20900.666666666664    11211.666666666668    10993.333333333334    11334.333333333334    5780.666666666666    6295.666666666668    4059.333333333333    3292.0000000000005    4553.333333333333    3915.333333333333    3722.666666666667    5036.666666666667    4463.0
