10924    17090    30877    51882    56209    41417    19502    13212    6839    8028    9997    11768    6165    16527    41676    49866    56296    24291
26061    27874    34015    25650    41533    37332    26075    27749    19686    15452    13475    15575    30124    20627    29552    34740    37236    34300
18170    39727    29239    31997    30586    38203    32119    25384    23175    13629    13086    23315    22358    37906    31949    36421    34270    32013
32533    30269    26972    24926    22356    31937    27044    26930    11767    18132    20754    17816    25274    23859    19477    28727    28353    27208
27607    27436    27206    24498    22060    22265    29123    35749    27130    15531    23169    23299    28563    34337    30505    25716    25037    27060
23703    19453    21509    25661    23013    23310    26610    27094    38078    36150    29033    21958    24436    15156    22811    24319    18942    18251
24958    18804    16060    20502    25335    22913    22678    18303    30107    32637    33321    25238    15123    14698    15782    15040    25541    15055
17474    18592    15057    22675    23958    15140    19493    33413    37894    26175    32882    34549    24841    20813    24526    19344    26242    19024
15138    18426    19807    22665    22855    19109    28248    27204    23887    21514    28792    25475    29248    25939    23758    25359    25751    17581
16940    15047    12161    12625    9331    12779    11365    11264    10077    7862    13784    13754    14834    18131    14614    15898    10906    16728
9003    7141    9818    8006    6630    9897    9698    6140    7603    12955    12825    10041    8075    7623    15937    9777    12976    9604
25332    21160    17463    17235    18490    18252    18514    24887    16656    17649    18336    13999    18075    20768    19965    19688    21686    28039
14316    19765    17959    17636    27052    18115    25393    29097    24740    25843    22266    32505    25860    24546    30876    21315    26010    18165
16626    13708    20693    26200    17957    28456    16529    27324    34163    38057    37318    29361    22718    24008    14239    18897    17385    18545
18771    24638    27038    30787    22702    21144    24558    27095    23598    39088    33369    37186    30152    22229    21844    24803    19281    31304
26346    24779    23214    21645    20426    37358    29750    23708    34508    23673    29364    33123    19633    24811    24656    19835    17762    22420
21311    22974    29121    27219    17948    29970    27474    33835    24446    19125    16925    16751    26970    27515    31188    33275    33465    21738
26036    25406    30771    30042    19960    34347    26065    27864    20046    13705    8666    22065    34366    35013    30403    40768    28205    31656
29077    37312    27342    28205    36465    45917    37188    24785    20628    10310    14200    14789    25467    33516    33472    29571    30144    29942
12814    30808    35832    36819    39844    39551    30981    31907    17813    7526    9968    19014    32977    36792    35878    41223    28097    42178
19262    36224    25778    30454    38514    34610    30811    24180    15345    15438    11688    19001    35474    32423    41019    34433    37853    30187
