22931    70910    123608    137293    78110    39714
34055    83269    134372    134009    82533    28818
29245    80488    147154    134279    91917    30464
35457    64729    126790    109337    78708    29313
32029    65707    142133    133611    71119    31692
34627    79095    100252    117085    72651    35777
27947    61311    104305    113934    54905    29693
36522    55361    105751    125198    74476    34784
33871    64285    114548    111630    62235    34187
18807    40616    56349    54577    43094    24657
16361    28307    50284    40069    19884    18844
32071    56804    96151    91677    58115    21376
34975    61225    110180    123062    68747    23270
27755    78178    117462    92072    73415    33302
30377    65895    135004    141566    74375    32370
29860    83032    112537    126025    75846    29711
28081    77683    124679    123342    77864    29601
29810    75898    130965    136549    81294    30868
30674    74794    153474    142553    73678    33157
26889    76383    145169    155543    90603    35435
27990    84506    141461    146267    74695    37775
