41166.33333333332    70458.33333333334    60464.99999999999    27777.000000000007
43252.000000000015    68543.66666666667    55446.66666666668    29245.0
33852.666666666664    59509.66666666667    56942.66666666667    28923.33333333333
32996.66666666667    56792.0    59690.666666666664    30702.0
33219.33333333333    60484.0    58845.333333333336    33554.66666666667
29598.666666666668    52208.99999999999    59585.66666666667    33154.666666666664
27943.666666666668    53260.99999999999    54221.00000000001    33299.666666666664
28373.666666666668    56711.00000000001    52427.0    30667.666666666664
32994.0    44636.0    55901.333333333336    30504.666666666664
34594.333333333336    50788.0    49142.333333333336    26877.333333333336
36253.99999999999    50002.999999999985    50625.666666666664    27143.333333333332
32663.333333333332    53149.33333333333    46282.666666666664    23052.333333333336
34848.00000000001    53492.333333333336    41714.666666666664    23619.333333333336
31576.333333333336    47228.666666666664    48001.0    23012.66666666666
30026.000000000004    44387.66666666667    41800.66666666668    27203.666666666664
23695.000000000004    39129.33333333333    37296.333333333336    23354.0
22470.0    36066.00000000001    34393.333333333336    19837.33333333333
25063.333333333332    33233.66666666667    30137.333333333336    19794.000000000004
33669.99999999999    48748.666666666664    56233.999999999985    26966.333333333336
38306.33333333334    60705.66666666667    59306.333333333336    25960.333333333336
34255.33333333333    65694.33333333333    51078.66666666667    26112.000000000004
39835.33333333333    66241.33333333334    58430.333333333336    27305.999999999996
44694.666666666664    70204.0    58494.666666666664    22366.33333333334
43932.66666666668    65832.33333333334    60070.666666666664    26978.999999999996
49261.0    67132.33333333333    53696.66666666667    24942.999999999996
31516.000000000004    55667.333333333336    55442.33333333333    28387.666666666668
34654.666666666664    63430.00000000001    63625.33333333333    29606.666666666664
39890.33333333334    66375.99999999999    58038.66666666666    26674.333333333332
50027.666666666664    67281.0    55920.66666666666    23485.000000000004
33883.0    62658.66666666667    54619.0    33807.0
43604.66666666666    66735.00000000001    54544.33333333333    26023.333333333336
