19888.333333333336    31771.333333333332    39839.333333333336    35773.0    23721.0    11594.666666666666    6700.333333333333    4693.0    5241.666666666667    3276.3333333333335    3150.0    3426.6666666666665    2915.0    2593.6666666666665    2352.6666666666665    2929.6666666666665
12988.666666666666    32222.000000000004    35211.333333333336    33521.0    26172.0    14288.999999999998    6523.333333333333    8078.333333333333    5263.0    4284.333333333333    2972.666666666667    4192.666666666667    2351.0000000000005    2876.0    2887.333333333333    2654.666666666667
7931.333333333333    12890.666666666666    15601.000000000002    12225.333333333334    11364.000000000002    6250.999999999999    4618.333333333333    4437.333333333334    4057.0    5716.666666666667    4853.0    8419.0    17353.333333333332    24043.0    22753.333333333332    16714.0
1909.3333333333333    2875.666666666667    2501.0    2489.666666666667    2472.3333333333335    3035.333333333333    3562.9999999999995    3302.6666666666665    4367.333333333333    5734.333333333333    7897.333333333333    12955.666666666666    27847.666666666664    36928.666666666664    33773.0    28528.333333333336
2971.333333333333    2877.333333333333    2073.666666666667    4132.666666666667    2786.0    3154.333333333333    2785.333333333333    4747.0    3923.0    5773.0    9033.666666666666    14251.666666666666    25956.000000000004    31785.666666666668    39368.66666666667    30484.0
2179.6666666666665    2777.3333333333335    3092.0    3020.6666666666665    2735.666666666667    2906.3333333333335    3134.0    5742.999999999999    4575.0    4458.333333333333    7591.333333333334    16623.333333333332    29299.666666666664    29680.666666666668    27066.666666666664    29664.333333333332
2067.6666666666665    2451.0000000000005    3916.0    3306.0    3409.0    3161.0    2776.0000000000005    3693.3333333333335    4177.0    6193.333333333334    9106.666666666668    17278.333333333336    26204.999999999996    25304.000000000004    32266.999999999996    23414.0
2876.333333333333    3089.333333333333    3110.0    2330.666666666667    2618.3333333333335    3623.666666666667    3477.6666666666665    5197.0    4076.0    6606.333333333334    11952.0    20727.333333333336    20669.0    23709.0    27221.333333333332    26895.333333333332
2137.3333333333335    2936.6666666666665    3528.6666666666665    3119.0    2658.333333333333    3570.666666666667    4946.333333333334    3803.0    6938.333333333333    7895.666666666667    11511.0    19088.0    20308.0    23654.0    25561.999999999996    22378.999999999996
2309.3333333333335    3121.666666666667    3022.333333333333    2901.3333333333335    3384.0    3747.0    3159.0    2979.666666666667    6493.666666666667    9608.0    14054.333333333334    17685.666666666668    22434.333333333332    23606.0    24173.333333333336    18722.333333333336
13585.333333333334    15801.999999999998    19728.0    21550.0    14070.333333333334    15756.0    16072.0    14243.666666666668    8936.0    5669.0    3655.0    3496.0    3174.666666666667    2522.3333333333335    3425.333333333333    2340.3333333333335
12593.666666666668    18974.0    16729.0    20334.666666666664    11706.666666666668    12215.333333333334    10022.999999999998    12298.333333333334    12288.0    7307.0    3011.3333333333335    3588.3333333333335    4516.333333333333    3629.0    3730.333333333333    2202.6666666666665
11758.333333333334    14234.333333333332    17639.0    15980.999999999998    14644.333333333334    7208.333333333333    9198.333333333334    14559.333333333334    9889.0    10206.0    9402.333333333334    5619.333333333334    3847.333333333333    2818.3333333333335    3607.3333333333335    3061.6666666666665
9768.666666666668    14014.333333333334    18683.666666666664    14274.666666666668    10927.666666666666    6803.666666666666    8221.0    8896.0    7891.333333333333    6969.666666666666    9858.0    12050.333333333334    7455.0    6318.666666666667    4376.333333333334    3309.666666666667
7098.666666666667    11442.333333333334    19483.666666666668    15962.999999999998    10667.333333333332    7160.333333333333    8436.0    6976.0    8218.333333333334    4892.333333333334    7545.0    6029.333333333334    8272.0    6388.666666666667    7417.999999999999    7427.0
7856.666666666667    10183.0    15334.666666666666    13023.666666666668    6591.999999999999    7155.333333333334    7439.333333333334    5733.333333333333    8292.0    6729.333333333333    4619.666666666667    6372.000000000001    5114.666666666667    5743.333333333333    5710.999999999999    7574.666666666667
6771.666666666666    8063.0    14704.333333333334    11950.333333333334    8254.666666666668    5635.666666666667    6830.0    8040.0    4751.666666666666    7000.0    5974.333333333334    5135.666666666667    4547.666666666666    4069.6666666666665    5193.0    5845.0
8127.666666666667    12257.666666666666    12810.333333333334    12307.0    7755.000000000001    5006.666666666667    4137.666666666666    4936.0    3945.666666666667    5462.333333333334    4787.666666666666    4144.333333333333    6109.333333333333    6862.333333333333    4771.333333333334    4807.333333333334
13235.666666666668    14312.0    19475.333333333332    18099.0    16811.0    15097.333333333334    16627.333333333332    14685.333333333334    10872.333333333334    5624.0    4949.666666666667    4313.666666666667    3456.9999999999995    2811.6666666666665    2699.333333333333    2548.333333333333
20915.0    19927.333333333332    26826.666666666664    20297.0    19375.666666666668    18248.333333333332    14475.666666666668    12444.000000000002    5608.0    3890.666666666666    3427.6666666666665    4194.666666666667    5515.000000000001    2775.6666666666665    3048.6666666666665    3308.666666666667
22013.0    22278.333333333336    24091.0    21578.333333333332    23889.666666666668    15162.999999999998    13187.0    7581.333333333333    5510.666666666666    3755.3333333333335    3707.333333333333    2533.3333333333335    2532.3333333333335    2560.6666666666665    3208.0    3551.0
19085.0    28594.666666666668    26025.0    27867.666666666668    25458.0    17503.333333333332    12003.333333333334    8351.666666666666    4681.333333333333    5216.0    3040.0    2438.333333333333    2442.6666666666665    3836.3333333333335    2119.3333333333335    3150.3333333333335
22815.666666666668    27998.333333333332    33269.333333333336    27966.666666666668    24976.666666666664    11673.666666666668    11958.666666666668    5887.333333333333    6602.0    3781.6666666666665    3717.3333333333335    3142.333333333333    3143.6666666666665    2728.6666666666665    3731.9999999999995    2365.6666666666665
19870.000000000004    27573.333333333332    32633.333333333332    31330.000000000004    23905.333333333332    17202.333333333336    10185.666666666668    6508.666666666667    5965.666666666667    5651.666666666667    3790.0    2414.3333333333335    2526.0    2209.0    2649.0    2400.3333333333335
16794.0    29258.0    38011.33333333333    33507.666666666664    23356.666666666668    12344.333333333334    8641.0    5776.999999999999    4227.0    4051.3333333333335    3774.0    2223.3333333333335    2615.3333333333335    3579.333333333333    3379.9999999999995    3492.666666666667
5365.0    11033.0    12187.333333333332    12885.0    8089.333333333333    4567.333333333334    3483.333333333333    5248.666666666667    5496.0    4507.0    5921.333333333334    10803.333333333334    20453.666666666668    18556.0    23145.666666666668    19271.333333333336
2471.666666666667    2898.6666666666665    2347.0    2574.0    3122.9999999999995    3588.6666666666665    3266.3333333333335    4009.333333333333    5839.666666666667    5326.0    5979.666666666667    11146.666666666668    25983.666666666664    38558.0    44124.333333333336    30080.0
14706.0    30305.999999999996    39529.333333333336    34731.33333333333    21344.333333333336    10143.999999999998    8376.333333333334    6333.333333333333    3804.3333333333335    3770.666666666667    3444.0000000000005    3071.3333333333335    3493.0    2860.0    3255.0    1810.3333333333333
13841.0    30798.666666666664    42220.666666666664    36080.0    23127.999999999996    9488.666666666666    5650.333333333333    7879.0    5500.0    4064.6666666666665    3093.333333333333    3259.9999999999995    2641.3333333333335    2605.333333333333    2932.9999999999995    3530.333333333333
3582.333333333333    2604.9999999999995    2078.333333333333    1947.0    3174.0    3116.0    2996.0    3583.6666666666665    3168.6666666666665    6314.0    6311.333333333333    12549.0    21429.666666666668    39984.0    40962.666666666664    31166.0
11976.999999999998    31313.666666666668    39272.666666666664    35693.333333333336    21473.333333333332    10819.333333333334    6498.666666666667    4916.333333333334    4273.666666666666    6259.666666666667    2231.6666666666665    2968.6666666666665    4106.333333333333    3305.333333333333    2706.9999999999995    3090.6666666666665
