24385.666666666668    53272.333333333336    82292.99999999999    87708.00000000001    49935.00000000001    25668.333333333336
23645.0    46617.0    84231.33333333334    88283.66666666667    58343.33333333334    27106.333333333332
22735.333333333332    47786.333333333336    77980.0    82907.66666666667    58476.0    26186.999999999996
22371.000000000004    50927.99999999999    86766.33333333331    85878.0    58489.333333333336    28905.000000000004
25895.999999999996    55270.99999999999    87643.66666666667    82208.0    54641.99999999999    25320.333333333336
21686.333333333332    56554.333333333336    83955.0    78782.00000000001    53662.666666666664    24298.000000000004
12409.333333333332    20404.333333333332    31898.666666666668    30785.666666666668    29225.333333333336    14005.333333333332
18314.333333333336    40940.666666666664    70583.0    82744.0    55148.333333333336    24946.333333333336
28707.666666666664    55870.333333333336    85642.0    79659.33333333336    49646.666666666664    19371.000000000004
24605.66666666667    58816.666666666664    89753.33333333334    74386.3333333333    40513.0    18808.33333333333
26313.0    48228.99999999999    73699.0    80527.0    46561.33333333333    25459.333333333332
25617.999999999996    45579.66666666667    74380.33333333333    79959.33333333336    40405.0    21588.999999999996
23896.333333333332    43074.66666666668    71728.66666666666    61883.000000000015    45250.0    24346.666666666668
23445.999999999996    46315.0    68122.33333333333    68766.33333333333    37940.33333333333    20798.66666666667
23364.33333333334    38654.333333333336    66425.0    64835.0    42708.00000000001    21943.666666666668
19570.000000000004    35704.333333333336    60122.33333333332    61216.333333333336    44893.33333333335    22387.33333333334
19326.0    41036.0    60904.666666666664    65833.33333333333    41065.66666666666    22854.0
24046.0    51236.66666666667    80541.66666666666    71369.33333333334    44333.66666666666    24583.333333333336
19746.0    43274.0    71028.0    82016.33333333333    49029.666666666664    25053.666666666664
22244.33333333333    44596.0    78793.99999999999    84019.0    54305.33333333334    27607.666666666664
21048.666666666668    49649.666666666664    80365.33333333333    79102.0    47502.666666666664    26076.0
26340.666666666668    60734.33333333332    88983.33333333331    85743.66666666667    49185.00000000001    18678.333333333332
25379.33333333333    58587.33333333333    86919.99999999997    83648.33333333333    53013.666666666664    20750.66666666666
22057.0    53902.0    91190.99999999999    82459.66666666667    47978.99999999999    18764.333333333332
31408.333333333336    60343.33333333336    79266.33333333336    86017.0    43440.0    20612.666666666668
24530.333333333332    57009.33333333331    91108.00000000001    77920.0    53332.333333333336    24064.0
26405.333333333336    53464.66666666668    78787.33333333331    85912.33333333331    49620.666666666664    26142.999999999993
19963.999999999996    52751.333333333336    73763.33333333333    73234.00000000001    50898.666666666664    24449.666666666664
27235.000000000004    50178.66666666667    86076.00000000001    70929.33333333333    49064.99999999999    22200.999999999996
25878.333333333336    64970.0    82748.33333333336    84822.0    45701.33333333332    19210.666666666664
22490.666666666668    51557.33333333333    86641.66666666667    84881.0    48590.33333333333    20407.000000000004
