11697.000000000002    29339.999999999996    33655.33333333333    37829.333333333336    37463.0    25222.333333333332    12564.0    8367.666666666666    8880.0    7855.333333333333    7176.333333333333    10189.333333333332    11560.000000000002    15149.666666666664    17602.666666666668    17779.333333333336    19266.333333333332    11664.666666666668
11830.0    18811.333333333332    27291.666666666668    30910.000000000004    29887.666666666668    21687.666666666664    11367.0    8170.0    7043.0    8295.666666666666    9598.666666666668    7767.0    17197.333333333336    22607.000000000004    29304.666666666668    29734.666666666668    20718.333333333332    16005.000000000002
6174.333333333334    8216.333333333332    11754.333333333332    15049.333333333334    11753.666666666666    6920.333333333333    6246.0    8403.666666666668    7406.666666666666    7273.0    9202.666666666668    14106.666666666666    23832.666666666668    34407.333333333336    42184.33333333333    43822.0    32080.666666666664    27238.333333333336
8565.333333333334    13240.333333333334    21006.333333333332    21140.666666666664    19688.666666666664    13866.666666666666    10138.0    8955.333333333334    7186.666666666666    9422.0    8103.333333333334    10401.333333333334    23842.333333333332    32838.33333333333    33914.0    38875.0    30560.666666666668    21592.666666666668
23902.666666666668    32636.333333333332    47777.333333333336    45511.33333333334    40133.00000000001    28786.0    21302.0    14537.333333333334    8958.333333333332    7887.666666666668    8825.333333333332    8368.666666666668    7848.000000000001    7883.333333333334    6755.666666666667    5713.666666666666    6383.666666666667    7770.666666666667
9528.333333333334    12640.333333333332    19703.666666666668    17944.333333333332    16618.0    15838.333333333334    11418.666666666668    11122.999999999998    7425.0    7337.000000000001    8661.333333333334    14880.666666666668    24928.666666666668    31074.000000000004    29141.0    28359.333333333332    28012.0    24304.666666666668
3369.0    4562.666666666666    3605.333333333333    4488.0    4420.0    4540.0    2715.333333333333    4511.666666666667    5042.333333333333    3447.3333333333335    4823.0    9414.666666666666    14514.0    14509.666666666666    17570.0    14126.0    11537.333333333332    11532.333333333334
3897.666666666667    5027.0    4675.000000000001    5419.333333333334    5376.333333333333    8185.0    6957.666666666666    7340.333333333333    9184.0    10862.666666666668    16880.333333333336    25287.999999999996    27997.0    35686.0    31865.666666666664    28688.66666666667    33087.0    26259.0
29718.333333333336    35873.66666666667    36003.0    36807.666666666664    35846.666666666664    29220.666666666664    31636.333333333332    20306.333333333332    15894.999999999998    7397.666666666666    7254.333333333333    5790.0    5781.0    4122.333333333334    4845.666666666666    3401.6666666666665    5066.333333333334    3930.3333333333326
32861.66666666667    25988.666666666668    29772.0    29741.0    30430.0    26640.33333333333    29960.333333333336    24313.333333333332    22744.66666666667    14705.666666666666    6502.999999999999    4336.0    5336.0    6054.333333333334    5057.666666666667    4167.666666666666    4320.333333333333    3950.666666666667
18941.0    19652.0    23498.333333333332    21525.666666666668    19821.333333333332    24631.0    16826.0    22457.666666666668    17428.000000000004    17736.333333333336    14291.666666666668    13465.333333333334    12209.0    11667.333333333334    12345.666666666668    13453.666666666666    8651.333333333334    12187.333333333334
20979.999999999996    25414.666666666664    31116.333333333332    27466.666666666668    26029.000000000004    23832.666666666668    14818.333333333336    20896.999999999996    16821.0    16717.666666666664    15824.666666666668    13541.666666666666    7315.333333333333    4600.333333333333    6119.999999999999    5171.0    5222.0    5643.0
19023.666666666668    18058.0    23768.666666666668    25309.333333333332    18951.000000000004    17201.333333333332    14857.0    15596.666666666666    15418.333333333334    18136.333333333336    16553.0    19662.666666666668    10854.666666666666    10303.666666666668    9375.0    6744.000000000001    5592.333333333334    4773.666666666667
15076.666666666668    14846.666666666668    22938.666666666664    17565.666666666668    21957.999999999996    16799.0    15206.0    11745.666666666666    14624.000000000002    14889.0    12080.999999999998    12481.333333333334    15641.0    21630.999999999996    12067.0    9430.666666666666    10359.999999999998    6047.333333333333
13178.666666666666    14042.0    17395.666666666664    22157.666666666664    18197.666666666668    15804.666666666668    13345.666666666666    16168.000000000002    12547.000000000002    11726.0    15852.0    12912.666666666666    10952.000000000002    12442.666666666666    13640.666666666666    16607.666666666668    11362.333333333332    9597.333333333332
12914.0    16152.666666666666    18189.0    11568.333333333334    12197.666666666666    11016.666666666668    13034.0    8448.333333333334    13003.999999999998    11882.0    15483.0    10937.666666666666    11330.0    13508.0    14561.0    18944.333333333336    16574.333333333336    14148.666666666666
8779.666666666666    8453.666666666666    10214.333333333332    10435.333333333334    8807.333333333332    11223.666666666668    11239.666666666664    11020.0    14382.000000000002    15722.666666666666    16290.000000000002    14163.333333333334    16676.666666666668    20052.666666666668    20727.666666666664    19789.666666666668    17348.333333333332    15692.999999999998
25046.666666666664    25292.0    27631.666666666668    22711.0    24877.000000000004    25669.333333333336    20739.666666666668    26401.000000000004    20452.666666666668    21192.666666666668    11815.333333333334    8451.666666666668    6420.0    7584.666666666667    5951.333333333334    5497.666666666667    4967.0    5409.333333333334
4415.666666666666    6556.333333333333    5792.333333333333    5150.666666666666    4483.666666666667    5578.666666666667    6744.666666666667    5975.0    6643.666666666666    11005.666666666668    22542.333333333336    28671.666666666668    26561.333333333332    31270.666666666668    33476.0    30669.333333333332    28610.666666666668    25999.333333333332
4949.0    4327.666666666667    5736.666666666666    4225.666666666667    5985.000000000001    6590.0    4782.333333333333    5825.333333333333    8572.0    10743.0    13881.0    27692.0    35790.66666666666    37104.99999999999    37839.666666666664    34100.666666666664    32687.0    30733.666666666668
7943.333333333334    15457.333333333334    18531.0    20379.0    16744.0    11697.999999999998    9378.0    8883.333333333334    6324.333333333334    7536.666666666666    9502.333333333334    19777.333333333336    25705.999999999996    29796.0    20265.0    29353.000000000004    20954.333333333332    25515.333333333332
26737.333333333332    37232.666666666664    44130.66666666667    45089.333333333336    42125.333333333336    38298.666666666664    25503.666666666664    12514.0    8214.333333333334    7230.0    7733.0    6782.333333333333    6525.0    4481.0    5048.0    4434.333333333333    3544.6666666666665    4041.0
21751.0    36809.333333333336    49412.33333333333    46020.666666666664    46065.666666666664    32814.0    22042.666666666664    15419.0    7878.333333333333    8468.666666666666    7189.666666666666    6230.333333333333    6176.666666666667    5471.333333333333    4907.333333333333    3813.0000000000005    3615.666666666667    4213.666666666667
18993.333333333336    35407.66666666667    45684.00000000001    52878.666666666664    44706.666666666664    28980.666666666664    20422.333333333336    10717.0    7836.333333333333    9244.666666666666    7814.333333333334    6259.666666666667    4655.333333333333    5015.333333333333    3805.6666666666665    4386.0    4042.9999999999995    5502.333333333333
18364.333333333332    36792.666666666664    49839.66666666667    55044.0    40392.0    30876.666666666668    17800.666666666664    12141.666666666666    9055.0    8940.666666666666    7729.666666666666    6625.0    3891.6666666666665    3687.9999999999995    4554.0    4314.0    5831.666666666666    5206.333333333334
17838.333333333332    38263.666666666664    48702.666666666664    54192.0    47388.66666666667    33619.33333333333    21185.333333333332    10537.0    8115.0    7980.000000000001    6211.0    5934.0    4099.666666666667    6402.333333333334    4150.0    3428.666666666667    6203.666666666666    3712.666666666667
14836.333333333332    29062.666666666664    40265.0    43161.99999999999    45610.0    24581.0    16716.0    14428.0    7108.0    7431.666666666667    8445.666666666666    7325.333333333333    7393.0    9356.333333333334    10610.333333333334    11499.666666666668    11292.000000000002    11210.333333333334
3924.333333333333    4228.0    3203.3333333333335    4256.333333333334    5517.333333333332    5377.333333333334    5541.0    6338.333333333334    8297.666666666668    7818.0    8827.0    9741.333333333332    20839.33333333333    39739.666666666664    50874.333333333336    52146.666666666664    38208.0    20183.000000000004
17464.333333333332    31318.333333333332    40641.33333333334    52771.666666666664    36588.0    23566.333333333336    15675.333333333334    10248.666666666668    8974.0    6817.000000000001    8701.666666666668    6537.0    5334.0    7641.666666666667    10833.666666666668    10239.333333333332    7903.333333333333    4429.333333333334
15421.000000000002    34329.66666666667    51629.0    59580.333333333336    52160.333333333336    26418.999999999996    17274.333333333336    8524.666666666668    6719.666666666668    10642.666666666666    6087.0    5118.666666666667    4990.333333333333    5689.666666666667    4643.333333333333    3961.9999999999995    6001.333333333334    4137.666666666667
9202.666666666668    16181.666666666666    25888.0    31994.666666666664    27374.333333333336    12779.333333333332    7797.666666666667    8253.0    8358.0    8064.333333333334    8224.333333333334    9888.333333333334    11074.666666666666    29830.0    29745.000000000004    32434.666666666668    24696.0    12781.333333333332
