17319.666666666668    20963.333333333336    46795.0    70532.33333333333    78815.0    44601.666666666664
18466.0    22792.333333333336    52014.333333333336    80117.66666666667    72482.66666666667    42580.333333333336
14084.666666666666    22066.000000000004    50830.99999999999    77527.66666666667    76379.66666666666    48138.666666666664
18352.000000000004    27934.333333333332    61654.33333333334    83043.33333333334    79918.33333333333    42592.66666666665
15557.666666666666    23546.333333333332    48980.0    70757.0    84216.66666666666    45959.00000000001
18414.000000000004    29636.33333333333    61584.333333333336    91172.33333333334    76308.33333333334    38655.66666666666
18123.000000000004    31305.666666666668    61313.666666666664    91048.66666666666    79314.66666666667    43635.33333333334
21996.0    28440.33333333334    61476.99999999999    82445.33333333331    76526.66666666667    43620.666666666664
16265.000000000002    31289.333333333336    61195.333333333336    87021.33333333331    77427.0    44135.33333333332
21289.999999999996    25308.000000000004    59169.99999999999    80163.33333333333    68902.33333333333    42761.66666666667
17704.0    25766.000000000004    55693.00000000001    78875.66666666669    64456.33333333333    36976.0
20217.0    26079.666666666664    55571.0    69846.66666666666    64959.666666666664    39226.333333333336
19741.666666666664    25191.333333333336    53268.333333333336    67949.00000000001    63294.00000000001    36124.333333333336
18000.333333333332    21839.666666666668    44452.0    66187.66666666666    62081.333333333336    36917.66666666667
18029.0    20379.999999999996    43054.666666666664    64943.0    66592.33333333334    36296.333333333336
16359.666666666666    22453.0    46138.33333333333    59524.333333333336    64102.33333333334    34326.0
20049.0    22909.666666666664    40196.33333333334    57387.999999999985    49592.333333333336    36064.333333333336
17705.0    23226.333333333336    39864.00000000001    68244.0    63370.333333333336    46348.333333333336
17019.0    22323.66666666666    42632.66666666668    62919.66666666666    76003.0    46690.333333333336
19034.0    35543.33333333333    64543.33333333333    95482.33333333333    81040.0    47472.666666666664
22795.0    30421.000000000007    61761.666666666664    90893.0    87938.66666666667    43139.33333333333
17225.333333333332    18587.333333333332    40553.0    76616.33333333334    85597.33333333333    54886.66666666667
18377.0    23835.666666666664    50803.333333333336    86225.33333333334    80347.33333333333    53435.333333333336
19049.0    26161.666666666668    45450.666666666664    78963.99999999999    77502.0    45103.0
19816.0    20415.0    51514.33333333333    79555.0    83136.0    57527.666666666664
16476.333333333332    22153.0    47508.666666666664    85685.0    82388.66666666666    55122.0
17612.000000000004    22976.333333333336    42512.66666666667    74361.66666666667    75325.66666666667    54254.00000000001
13721.666666666668    16864.0    46944.00000000001    81290.00000000001    81387.0    53614.333333333336
17775.0    22196.666666666668    46412.333333333336    73036.66666666666    78709.66666666667    55708.66666666667
15571.666666666668    18953.33333333333    43417.0    75562.33333333333    74197.0    57150.333333333336
19409.999999999996    23689.000000000004    54626.99999999999    85126.33333333333    83083.66666666669    49721.00000000001
