4102.333333333333    3474.3333333333335    3687.0    4277.333333333333    5487.666666666667    5538.0    4334.333333333333    5246.0    5903.0    7201.666666666667    8646.0    11708.0    16466.0    31359.666666666668    46934.66666666667    45867.33333333333    42819.666666666664    25974.0
3965.666666666667    5187.000000000001    4160.666666666666    4639.666666666666    4204.666666666667    5407.333333333334    7426.333333333334    6568.999999999999    7940.333333333334    8440.333333333332    9902.999999999998    13362.0    23439.333333333336    29055.333333333336    45335.66666666667    44855.66666666667    40255.00000000001    24306.333333333336
4096.666666666667    4164.0    4698.333333333333    3557.0    3845.0    3430.6666666666665    3521.6666666666665    4710.666666666666    7624.333333333334    7996.0    10378.666666666668    9962.000000000002    18594.666666666668    37032.0    47075.333333333336    45309.66666666667    42577.666666666664    30453.333333333332
18448.0    32864.666666666664    47741.333333333336    47792.0    40543.33333333333    33343.0    24136.666666666664    12321.0    7458.333333333334    7003.666666666667    7829.666666666667    5723.0    5037.333333333334    5181.0    3833.666666666667    5132.666666666667    5008.0    4097.666666666666
2961.666666666667    3791.0    4840.0    4944.0    5280.333333333333    5389.333333333334    4542.333333333333    6073.666666666666    5871.333333333333    7392.666666666667    9343.333333333334    13698.0    21198.666666666668    34964.666666666664    44537.666666666664    46128.0    35091.333333333336    32968.66666666667
19802.0    30774.0    37597.66666666667    43850.333333333336    37401.333333333336    35647.666666666664    32235.666666666668    16940.333333333332    10864.333333333334    8699.0    6345.666666666666    7011.0    5342.666666666667    5085.0    5370.333333333333    4972.0    4191.333333333333    3640.6666666666665
23408.0    35426.666666666664    37263.666666666664    39771.66666666667    39732.33333333333    35627.33333333333    24714.333333333336    22184.0    11516.666666666664    10497.0    6598.0    7688.0    7081.333333333333    5625.333333333333    4144.0    5733.666666666667    3530.3333333333335    4198.666666666666
23173.0    30026.333333333332    35994.00000000001    34001.333333333336    37078.33333333333    34895.66666666667    34061.666666666664    19005.333333333332    13975.333333333332    8713.333333333334    8065.666666666666    6958.666666666667    6970.0    4818.333333333333    4539.0    4260.666666666666    3914.333333333333    4055.0
24324.0    31203.666666666664    31078.0    35424.33333333333    35865.333333333336    32933.66666666667    30707.666666666668    24146.666666666664    20940.666666666664    8862.666666666666    7587.000000000001    5787.666666666667    6550.333333333334    4973.666666666666    4338.666666666667    4268.333333333334    4342.333333333333    3998.666666666667
27150.0    23038.0    29782.666666666668    28981.666666666664    28051.333333333336    27382.0    23132.666666666664    22931.0    18727.333333333332    19850.333333333336    7299.333333333333    5885.0    5660.0    5690.0    7442.333333333333    5856.333333333333    5239.333333333333    5496.0
23720.999999999996    21987.333333333332    25820.666666666664    25800.333333333336    31303.666666666668    21568.0    22209.666666666668    19302.666666666664    22265.333333333332    16485.333333333336    13937.666666666666    7592.666666666667    5709.0    5160.999999999999    4596.666666666667    4215.333333333333    3290.666666666667    4504.0
21452.333333333336    19244.666666666664    20082.333333333332    25766.0    22834.0    22495.666666666664    19462.333333333336    15316.333333333336    18949.0    22466.333333333332    18235.333333333332    12343.333333333332    8943.333333333334    5189.0    6442.333333333334    5011.333333333334    4862.333333333333    6804.333333333333
17478.666666666668    14969.666666666666    21031.0    20650.333333333332    20874.666666666668    20323.666666666668    18398.666666666668    13093.333333333334    18014.666666666668    13515.333333333334    19288.666666666664    18327.0    14795.666666666668    11748.666666666668    6852.0    4785.333333333333    6386.0    5035.333333333333
13324.666666666666    15178.333333333334    15098.0    19319.333333333336    22548.0    16725.666666666668    15516.0    10243.333333333334    12374.000000000002    15733.666666666666    12759.0    14874.0    11537.000000000002    17488.0    14746.666666666664    9037.333333333332    7659.999999999999    5315.666666666666
6469.666666666667    8921.666666666668    14955.666666666664    13932.666666666666    14767.000000000002    15261.666666666666    14186.66666666667    11858.333333333334    13678.666666666664    11400.666666666668    12327.666666666668    12731.666666666666    12991.0    14896.0    19329.666666666668    16106.333333333336    22399.0    13081.333333333332
12645.666666666668    17426.333333333332    15103.333333333334    11351.0    15222.333333333334    11813.0    11334.999999999998    12649.666666666666    11050.333333333334    8242.333333333332    11406.333333333334    12665.666666666666    13144.333333333332    17494.666666666664    15516.0    20220.000000000004    13024.000000000002    12593.666666666666
14395.0    15666.000000000002    18648.333333333332    21246.0    20192.666666666668    16081.333333333334    15303.333333333334    13767.999999999998    10497.666666666666    9519.333333333332    11409.666666666666    8291.0    9254.666666666666    10231.333333333334    8528.333333333334    6989.0    8824.666666666668    7353.333333333333
4427.333333333334    3452.9999999999995    5174.0    4282.333333333333    8076.666666666667    5505.000000000001    4806.0    4439.0    11019.666666666666    18127.0    19752.0    24654.333333333336    24434.333333333332    18979.333333333332    27804.666666666668    22553.666666666668    31677.666666666668    19592.0
4389.666666666667    4232.666666666667    4413.666666666666    4035.0    4596.333333333333    6217.0    5925.333333333333    6476.0    7841.666666666667    10587.0    15535.0    23927.666666666668    24511.333333333336    27746.333333333332    30253.0    27974.666666666668    29077.666666666664    29848.333333333336
28190.33333333333    35660.666666666664    37148.0    34739.33333333333    37793.0    30080.666666666664    30393.333333333332    28872.666666666668    17448.666666666668    12239.333333333334    7419.0    8503.333333333334    7496.0    5439.333333333333    6449.666666666666    5921.999999999999    4308.0    5012.333333333333
22104.0    29622.33333333333    36188.333333333336    36092.333333333336    37023.666666666664    32642.000000000004    29491.666666666664    19168.333333333332    14735.0    7654.000000000001    7670.666666666667    9235.0    7965.666666666666    11804.666666666666    9392.666666666666    10538.666666666666    7474.666666666667    8145.0
4063.666666666667    4271.0    4036.0    5073.0    4493.666666666666    4242.0    3511.3333333333335    6543.666666666667    6823.0    8179.333333333334    7031.999999999999    16698.333333333336    25418.333333333332    34594.0    37853.666666666664    42826.333333333336    42035.0    35771.666666666664
8643.333333333334    10206.666666666666    17531.666666666668    18885.333333333336    18482.666666666668    18222.666666666664    9033.666666666668    8786.333333333334    8971.666666666668    8149.333333333334    6700.0    12048.0    22735.333333333332    27462.999999999996    30457.333333333332    31139.333333333332    30351.666666666664    25216.0
5157.666666666667    4147.333333333333    4753.333333333333    3369.9999999999995    4339.666666666666    4788.666666666667    4288.0    6184.333333333334    8944.333333333334    8272.333333333334    11402.666666666668    12213.0    21923.333333333336    32939.333333333336    42875.0    44900.666666666664    43064.666666666664    28666.0
4268.666666666667    4242.0    3831.6666666666665    5808.666666666667    5070.0    4616.0    5343.333333333333    5140.333333333333    5718.333333333333    8088.333333333334    9163.0    15380.333333333334    23309.333333333336    38274.99999999999    47584.666666666664    50103.333333333336    43763.33333333333    32257.666666666668
4282.666666666666    4055.0    5930.333333333334    3897.666666666667    3748.333333333333    3641.3333333333335    5662.666666666667    5704.000000000001    6636.0    7866.0    7901.666666666667    13244.666666666666    22511.666666666664    37839.333333333336    52506.66666666667    44888.666666666664    49945.99999999999    29070.999999999996
3295.0    4502.0    4099.333333333333    4894.333333333333    5461.0    5582.0    5736.666666666667    6214.666666666666    7117.333333333334    8304.333333333332    7796.0    11107.666666666668    14968.0    29364.333333333332    48384.666666666664    50271.333333333336    41748.666666666664    28195.000000000004
4427.0    3520.333333333333    4739.333333333333    5268.666666666666    4138.666666666667    5223.999999999999    5909.666666666667    3948.3333333333335    5696.666666666667    6379.0    7780.333333333334    6709.999999999999    18513.0    32809.333333333336    52984.333333333336    48263.0    44150.666666666664    33358.666666666664
3744.6666666666665    4141.0    5331.666666666667    3636.9999999999995    5826.333333333333    4461.0    6167.666666666667    5630.000000000001    5661.333333333333    9801.333333333334    7761.666666666666    11588.0    15251.666666666666    29857.666666666668    47621.0    55001.99999999999    45619.666666666664    26735.333333333332
5000.333333333333    4320.0    4879.333333333334    4929.666666666667    4274.666666666666    3747.3333333333335    5789.666666666667    5633.666666666667    6468.0    8931.0    8161.999999999999    7628.666666666668    14942.333333333332    27965.333333333332    50597.666666666664    54026.66666666667    39867.66666666667    27687.666666666668
6100.0    5478.999999999999    9702.0    12216.999999999998    13740.333333333332    15257.0    14787.333333333334    24120.0    36718.666666666664    49665.666666666664    41419.66666666667    25773.0    15262.0    7763.333333333334    11392.0    10432.333333333334    8228.666666666666    7599.0
