28846    26577    36813    73833    95957    70325    28908    27613
38109    35494    40752    91056    95327    56938    31262    20933
34807    33301    53064    91262    107173    80917    35509    39446
40156    25679    39406    89133    110998    60652    28586    39401
34836    20530    46955    105316    105894    56468    28210    36821
27435    26971    48926    94349    97973    73858    33996    35451
25980    23772    42884    103619    105045    62305    30989    34544
28698    25480    36391    77026    92588    70876    31192    29411
38340    23752    39949    89003    97661    63718    29254    26935
27007    23094    38597    70975    85869    74123    31663    30210
35385    29169    44229    69528    86847    56968    29256    32989
23363    27549    40615    71656    70452    61296    29350    33925
30185    21839    36467    70365    98860    57561    36321    24595
33665    28987    35436    64218    71024    43154    27609    26203
26137    25318    39817    65803    81674    46027    31392    26147
34887    21484    44899    72026    91815    67760    29161    31161
33371    24623    37380    70394    97684    73675    35846    27606
32083    22348    51309    75752    108498    65564    33479    36079
26695    34507    60884    97031    99912    50081    29062    32202
37782    33684    47157    100078    109170    71057    39029    31513
39209    28003    55469    94204    115488    58268    30176    31278
29138    33376    51146    102906    102385    64011    26395    28459
31083    26844    48872    94974    96866    55682    27370    26837
34940    30047    56659    115250    98221    47624    35070    41373
32506    37477    63354    79019    85495    55258    20868    25868
35592    34376    55159    99810    102220    65280    34437    47292
41760    27121    58370    101002    86449    55802    29872    28661
29219    27075    57394    85999    99808    60242    29485    33451
30155    27458    62231    98501    96066    63390    27046    32962
32632    26077    50593    105003    123289    66811    37113    27151
35990    19049    41838    77955    88030    71389    27074    29784
