5374    6071    6732    5041    7273    6449    5987    5449    4578    10651    8318    12155    21238    22737    41152    55237    59606    47388    33681    23755
12034    20658    36917    46629    44702    53424    46964    28200    23575    14797    9054    12349    8290    8061    4054    4798    7643    9098    10686    7938
18368    24829    41815    49279    58466    62356    46602    30828    26527    19369    15395    9329    10880    6969    7424    9450    9815    11251    10381    6146
8194    7269    8624    7374    7267    6982    5159    8694    9057    7274    11031    16737    16446    32369    49770    43069    53855    54886    41441    38513
5649    7785    7330    8112    4133    5515    3557    8395    7080    14670    9818    8906    21475    34221    55651    61273    45536    43840    52363    29721
4298    3408    10591    4116    6842    8839    5359    4766    9038    12544    16214    14895    22731    27002    42018    52015    56673    55021    43522    39067
5249    4510    5936    7256    6267    4068    5965    11587    15933    9714    12812    8553    17930    32071    44383    43968    45677    49319    54384    43556
8063    4926    6987    6031    10738    6130    5730    9849    10469    10842    12638    17344    27932    39368    40028    25788    37522    34565    49101    27611
4112    6690    4184    9373    6411    4854    6235    7338    10280    9108    12159    31378    26119    37587    39478    35419    31234    41854    37099    47700
3511    4218    7393    3056    6228    7930    5287    6673    11336    9330    6379    13056    17979    12599    32330    56086    70428    58253    24131    25335
6632    4704    5773    5943    6860    5990    6086    8171    20457    18153    18069    17632    23037    19985    39939    34227    47593    45399    23142    26579
5341    6663    6365    3941    8275    10757    6954    12533    25879    29357    31549    18414    30607    26984    21447    26752    14856    24895    22620    24017
11492    5371    9882    10795    10162    16887    24760    23720    27806    17634    23043    27866    26830    19859    21511    18699    16920    16423    25497    21036
8191    7598    11255    18784    23154    24512    19180    19084    21807    19437    15564    19630    16762    19064    15964    14647    15433    12091    15271    12868
8031    19625    26041    20659    22381    17887    15199    16468    19864    11894    21845    18933    21577    11549    17519    13486    13083    17845    11532    16897
17026    17495    14325    14723    15844    16713    20528    21799    22608    22140    21454    23877    20083    23768    27549    21936    15811    18654    14252    22608
8454    5843    8512    6954    7651    8432    5158    8805    12517    14859    25456    39057    29602    24904    30594    26244    31833    33028    34840    37836
7268    7000    5969    8658    5763    6601    7363    12915    9139    11097    21416    28361    34654    30118    34063    29481    50353    35138    35749    44006
36925    42005    40939    36539    30321    40555    31438    34311    32770    19505    16450    8745    8131    8380    7650    7811    13578    3210    5633    5478
20638    23181    38235    51752    60601    53642    42562    41432    31320    19016    13282    10949    9825    7781    10399    5452    6115    4761    8084    10443
20214    12755    42423    50130    60656    59560    48978    35716    25787    21793    14338    7003    7965    8020    9034    4166    4450    3857    7988    7262
16440    29075    42646    50052    48457    54636    49154    40705    17740    17867    9002    10351    5947    5003    9230    5498    7571    5745    6790    5907
13459    15062    29618    35746    59109    52638    35282    30572    20717    17861    6383    4652    16191    10076    7188    11388    13099    10160    10670    8657
15467    20032    29969    48733    57496    57336    44217    50295    27049    19356    13436    12875    8272    6466    10543    8734    7019    7136    6995    7758
23806    13945    20496    60542    58506    65562    32604    17379    14372    17195    14521    8619    6045    8072    5438    8208    6669    4935    8166    4765
20193    20716    39160    50471    63850    62163    54475    28720    31808    18966    12137    12260    7041    7596    6436    5874    7416    7328    10743    6813
18501    23918    33412    54091    55426    53668    36837    34467    19315    10955    19597    10086    9676    6609    6079    5889    7402    6784    9810    6515
16471    18938    25173    48190    66551    57727    45379    36711    14497    15904    9791    14815    7615    4866    10891    7084    6345    4689    6838    4198
19339    19085    31482    49851    72863    58524    51603    32136    18042    15245    11087    5304    6961    5576    9536    6347    6564    4641    7511    6112
6284    6234    13333    22502    25395    30576    13348    17091    11487    6501    14094    14487    11289    19334    39716    54548    58102    53417    28514    22417
6510    4355    5422    6466    5492    5491    6991    7893    9047    7565    7535    14519    15837    13190    35831    61242    71603    55958    29266    20896
