19891.666666666668    21822.333333333332    45510.66666666666    79834.66666666667    81818.0    56101.666666666664
18197.666666666664    24832.999999999996    45599.66666666666    77722.66666666667    78626.0    50627.66666666666
19188.333333333332    28580.000000000004    59661.99999999999    86175.66666666667    73641.33333333331    42004.0
17551.666666666668    29499.0    66608.33333333333    88572.0    76091.00000000001    39097.0
18181.33333333333    26235.333333333332    63409.99999999999    80903.00000000001    71942.99999999999    45045.33333333333
17742.333333333336    28531.0    63397.99999999999    84262.66666666667    78502.33333333334    38168.66666666666
17817.333333333332    25153.000000000007    59489.00000000001    83731.33333333333    70732.33333333331    42673.33333333334
20048.0    20016.333333333332    43913.666666666664    73076.0    85949.33333333333    51492.666666666664
15198.333333333334    22319.999999999996    45622.66666666667    71189.0    71727.0    45541.333333333336
15739.666666666668    21777.333333333336    38782.66666666667    66078.33333333333    69483.33333333333    47002.0
20095.333333333336    24284.666666666668    45313.66666666668    65973.0    62368.333333333336    38271.333333333336
19959.666666666668    21641.666666666664    41013.666666666664    59794.666666666664    71312.0    40878.666666666664
16677.666666666668    22420.333333333336    45686.66666666667    60239.666666666664    65415.000000000015    44545.0
17018.0    24226.333333333336    47425.33333333333    61802.0    59722.33333333334    40267.333333333336
17065.0    24978.333333333336    40366.99999999999    65297.66666666667    65576.33333333334    42699.99999999999
13933.0    24210.0    45536.33333333333    68772.00000000001    58202.99999999999    45242.333333333336
18341.333333333332    23249.666666666664    52842.00000000001    72872.66666666667    69011.0    46005.66666666667
16091.666666666666    20722.666666666668    46808.333333333336    65091.33333333334    73604.66666666667    41756.0
17020.666666666668    21261.333333333332    42212.33333333333    75260.33333333334    74158.0    50033.333333333336
19869.666666666668    29703.666666666664    51534.66666666666    93678.33333333331    80247.33333333333    46422.333333333336
17376.333333333336    32658.666666666668    71682.00000000001    96773.0    86060.99999999999    42940.66666666667
21503.0    28795.666666666664    65442.33333333334    88014.00000000003    87763.66666666667    49876.33333333334
20216.333333333336    26024.666666666664    68035.66666666666    95969.66666666669    81356.0    43892.99999999999
18232.000000000004    23906.666666666668    70940.99999999999    83812.66666666666    81065.33333333331    52186.00000000001
18773.333333333332    24069.666666666668    67566.33333333334    91816.66666666666    80282.66666666669    44836.33333333333
21130.66666666667    28947.999999999996    56546.00000000001    82329.33333333334    81263.33333333333    51919.33333333333
16547.0    28479.0    66948.66666666666    91441.33333333333    75993.66666666666    50458.66666666667
18240.666666666668    18497.000000000004    47232.0    82488.66666666667    74271.33333333333    53042.0
16827.666666666664    20280.999999999996    46227.33333333333    79418.66666666667    82546.66666666667    54511.33333333333
18654.999999999996    22999.66666666666    59468.33333333333    89848.0    83957.0    45211.0
19231.0    20015.666666666668    44936.666666666664    76246.66666666667    74009.0    49503.00000000001
