5491.333333333334    5369.333333333334    4450.0    5284.0    3856.0    4630.666666666667    5173.0    5165.333333333333    8137.666666666667    7164.333333333333    9063.666666666666    15196.666666666666    27759.666666666668    40910.666666666664    48077.0    47514.0    40669.33333333333    21066.333333333336
3481.6666666666665    6204.333333333334    5463.666666666667    4836.0    5132.0    6349.0    5919.999999999999    6555.333333333334    6763.666666666667    6427.333333333334    10149.333333333332    10903.666666666666    21213.666666666664    36864.0    50379.333333333336    46445.00000000001    38456.33333333333    24062.333333333336
15667.0    33345.0    41502.33333333333    46739.333333333336    44356.666666666664    34377.0    22364.333333333336    16827.0    7538.333333333333    6945.333333333334    5852.0    6017.333333333333    5833.999999999999    6673.333333333333    3840.9999999999995    3178.0    4326.666666666667    3866.666666666667
18434.333333333332    30491.0    39487.0    48771.66666666667    46101.333333333336    34411.333333333336    23960.333333333336    16462.333333333336    9390.000000000002    6695.666666666666    7694.0    5555.0    5698.000000000001    4909.666666666666    6496.333333333333    3894.666666666667    4242.666666666666    4723.666666666666
22888.333333333332    31509.666666666668    36093.0    45123.333333333336    39793.33333333333    36383.666666666664    23441.333333333332    13804.666666666666    8480.666666666666    5654.333333333333    7705.0    6368.0    5894.333333333334    5079.0    4520.333333333333    3057.9999999999995    4327.666666666667    5593.333333333333
22962.333333333336    36543.33333333333    40823.333333333336    44880.33333333333    41979.333333333336    29559.333333333336    22506.666666666668    12194.333333333334    9940.0    7346.333333333332    7840.666666666666    5416.0    4284.0    5583.333333333333    4319.666666666667    4169.0    6301.333333333333    3955.666666666666
21476.666666666664    32165.999999999996    38652.333333333336    38076.333333333336    38249.0    30006.333333333332    24986.666666666668    20215.666666666668    10283.333333333332    8582.333333333334    6649.000000000001    5326.666666666667    5684.0    4554.666666666667    3610.0    4058.0    3679.666666666667    3339.666666666667
3798.666666666667    3452.6666666666665    4570.0    4715.666666666666    6012.333333333334    5659.333333333334    4611.666666666666    8148.333333333333    6773.333333333334    8792.666666666666    10318.333333333334    20377.0    29920.666666666668    37448.66666666667    33587.333333333336    39562.0    33537.666666666664    33209.66666666667
3169.6666666666665    5295.666666666667    3719.666666666667    5802.0    4665.666666666667    6580.333333333333    6541.666666666666    5404.666666666666    5012.666666666667    9924.333333333334    14162.333333333334    20965.0    27052.666666666664    28874.666666666668    32236.333333333332    32758.666666666664    29376.666666666668    30055.666666666664
2861.6666666666665    3745.333333333333    6213.0    5975.0    5872.666666666666    5038.333333333333    5357.0    7291.0    8357.333333333332    10321.0    17826.666666666664    22693.0    24678.666666666664    26113.333333333332    25207.333333333336    30558.33333333333    29088.333333333332    21665.333333333336
10680.0    12312.333333333334    13916.333333333336    16089.333333333334    17887.333333333332    14607.666666666666    11404.666666666668    11667.333333333336    12776.333333333334    18745.0    16528.333333333332    16561.333333333332    18004.333333333332    13879.000000000002    13693.666666666666    13636.666666666666    11593.0    12323.666666666668
3833.3333333333335    4259.666666666667    5542.333333333333    5473.333333333333    6308.666666666667    8674.999999999998    6337.999999999999    10249.0    14990.666666666666    21177.0    20244.333333333332    18265.333333333336    17959.0    25595.666666666664    24600.0    21208.333333333336    23547.0    16333.666666666666
6119.0    4789.666666666666    5053.0    6184.333333333334    6874.666666666667    10618.0    14412.0    17585.666666666668    22300.333333333332    17756.666666666668    12125.666666666666    15982.666666666666    15734.333333333334    18656.0    20678.0    23179.0    20448.666666666668    16486.666666666668
12782.333333333332    14765.666666666668    18842.333333333336    24590.333333333336    22021.666666666668    13972.333333333332    15327.333333333334    13063.0    15417.0    11151.333333333334    11317.333333333332    12722.000000000002    14561.333333333332    13158.0    12719.333333333334    11663.333333333334    6910.0    5476.666666666666
7493.999999999999    14434.0    20869.333333333336    24058.666666666668    20401.666666666668    19606.333333333336    14161.666666666666    12565.666666666666    13922.666666666666    13454.0    13217.000000000002    13033.0    13632.666666666666    11449.666666666668    13110.333333333334    8900.666666666668    10977.333333333332    10695.666666666666
14328.666666666666    16402.666666666668    11911.666666666666    14866.999999999998    14678.333333333332    11844.333333333334    13705.0    14671.0    9625.666666666666    12636.0    14293.333333333334    11584.666666666666    11453.333333333334    15723.666666666668    19516.666666666668    22372.666666666668    13876.666666666666    12405.333333333334
17157.333333333332    16693.0    14666.0    14920.333333333334    15820.999999999998    16393.666666666664    19886.333333333336    15920.666666666666    17765.666666666668    13334.999999999998    14711.333333333334    14482.333333333332    13158.666666666666    15110.0    15810.000000000002    16630.666666666664    17063.0    12797.333333333334
8214.333333333332    8637.0    12968.666666666666    16417.333333333332    16101.999999999998    11353.666666666668    9703.333333333332    9336.0    13859.0    18862.333333333332    18586.666666666664    19838.333333333336    17546.333333333336    20628.333333333332    15755.666666666666    16465.333333333336    15272.666666666668    14527.666666666666
4746.333333333333    4804.666666666667    3454.6666666666665    6353.333333333333    5480.0    6660.0    5186.666666666667    6143.666666666667    9155.333333333334    12879.0    19239.333333333332    24850.333333333332    29389.0    29269.000000000004    27114.666666666668    27293.666666666668    28171.0    29755.333333333332
28108.0    33364.33333333333    38850.33333333333    34899.0    32826.666666666664    31585.333333333332    25509.666666666668    22524.0    15167.666666666666    10014.666666666668    8424.333333333334    7518.0    5855.333333333333    4778.666666666667    6999.333333333334    5175.333333333333    4557.0    5298.333333333333
24883.0    39749.0    38849.33333333333    44690.33333333333    39720.333333333336    39731.66666666667    30662.666666666668    22536.666666666668    13231.666666666668    10426.0    6709.000000000001    5649.333333333333    4691.333333333333    5946.666666666667    6149.666666666666    4760.333333333333    4725.0    4379.666666666667
23316.0    37008.333333333336    41532.0    46202.33333333333    44592.66666666667    35306.33333333333    27798.333333333332    17029.0    9998.333333333334    8619.666666666666    6609.666666666667    7539.666666666667    6122.666666666667    6593.666666666666    4670.666666666666    5892.666666666666    6455.666666666666    6107.333333333333
20343.666666666668    32771.666666666664    46536.333333333336    45402.333333333336    43758.666666666664    39653.66666666667    27121.333333333332    14862.0    11570.0    7216.666666666667    6792.333333333333    7429.0    6303.666666666667    6677.333333333333    4595.333333333333    4811.0    5019.666666666667    4630.666666666667
16583.333333333332    32657.333333333332    48048.666666666664    54403.333333333336    42131.333333333336    35093.666666666664    23566.999999999996    14274.666666666666    8397.666666666666    10724.333333333334    9106.666666666668    7244.999999999999    5248.333333333333    4720.333333333334    5009.333333333334    3807.3333333333335    4051.6666666666665    5073.666666666667
16336.333333333332    26334.333333333332    51076.33333333333    52685.33333333333    49789.333333333336    34268.333333333336    21516.333333333336    14907.0    8081.000000000001    10338.0    7800.666666666666    6435.000000000001    4403.0    3888.6666666666665    5643.666666666667    5170.666666666668    4815.333333333333    3855.666666666667
15847.333333333332    29783.666666666668    48173.66666666667    48429.33333333333    49322.0    36554.66666666667    21608.0    10731.0    8490.666666666666    6633.000000000001    7921.666666666667    7000.333333333334    5774.333333333333    5352.0    6004.666666666667    5391.0    4850.333333333333    4269.0
16924.333333333336    30588.333333333332    43816.0    56554.333333333336    48450.666666666664    34290.333333333336    22237.666666666668    13259.666666666668    11794.0    8993.333333333332    8558.333333333332    6398.666666666667    5433.666666666667    3840.3333333333335    5693.666666666667    3504.9999999999995    5157.0    4373.0
4650.333333333333    4207.666666666667    5114.666666666667    4311.0    4055.3333333333335    4876.666666666667    4487.0    4981.000000000001    5921.0    6274.666666666667    8922.666666666666    11866.0    21644.666666666664    38170.666666666664    50604.0    48781.99999999999    38281.666666666664    26620.666666666668
3229.0    5388.333333333334    4304.666666666667    3968.0    4184.333333333333    4390.0    5178.666666666666    5881.0    5085.666666666667    9877.333333333334    9456.333333333334    10553.666666666668    20851.333333333336    32313.666666666668    52703.0    53692.666666666664    43134.666666666664    25620.333333333336
7915.000000000001    18421.333333333332    29263.333333333336    35502.33333333333    31719.666666666668    22876.000000000004    10547.333333333332    8738.0    8262.333333333334    9801.333333333332    10531.0    7444.666666666666    8480.666666666666    16897.333333333332    27643.000000000004    26618.666666666668    23148.666666666668    16328.333333333332
4585.666666666667    4416.333333333333    5500.0    5342.666666666667    4077.3333333333335    5033.666666666667    5183.000000000001    5652.0    3667.6666666666665    6825.333333333334    7059.0    11091.0    17906.666666666664    35456.666666666664    54323.333333333336    50887.0    33257.0    23677.666666666664
