20618    28481    61724    67739    33673    22923
15652    29278    46091    53137    44336    19579
16161    32416    58831    62122    41239    25830
17650    27534    59351    65238    44738    19405
17224    17961    41008    46766    39130    31163
13468    24166    45947    54957    45648    21213
15590    25963    46084    47923    40480    15770
11487    26634    46599    46173    35122    20409
27392    28029    30635    35731    31079    31176
12646    15546    26322    23029    22791    16745
22203    23772    47496    41586    37080    25371
17980    25006    48700    61753    43368    22930
14191    18461    50185    51795    43911    19330
12678    22807    36735    57150    41744    22490
21700    27613    42424    66659    44891    22984
20719    26913    58280    54841    42145    19902
15680    34903    72465    78756    44894    29291
22098    33928    77127    70223    36873    20695
17140    37072    69976    89809    39818    27673
18481    37777    66306    75222    38088    22972
19937    39706    73329    77529    46360    22471
