23541    19399    20841    26826    23284    21673    26182    16842    14889    8287    7422    8022    7595    3880    3995    2480
13982    13793    21737    22020    11932    23038    18310    17048    19303    13927    8248    5211    5446    5950    3820    4308
17293    15381    18028    12669    20175    9424    18462    20075    27580    19773    15789    9889    9631    7318    5694    9418
19117    18176    17797    11867    16765    15588    19083    17212    19167    18079    22348    11530    5494    6449    8028    7216
11868    10255    9871    10420    15809    14821    16562    13249    13358    14753    12603    11010    13720    8224    10194    6535
5012    5895    14066    14658    16806    23271    18204    13975    12574    10798    12809    10942    9408    14592    13415    8974
6272    13129    13578    19410    15178    13494    14697    12476    11368    11681    9607    11136    13166    10050    7051    9517
16253    15486    15631    13673    9125    13060    13604    16603    8942    9692    9767    9728    7190    11474    9801    6395
13747    11302    14216    10192    9310    9859    10818    12258    13674    11400    12023    12794    10083    10254    11341    10771
10069    6056    9182    8660    4790    7061    7302    11577    5835    6827    8028    6122    6771    7536    6250    5013
6854    6715    11716    8590    8520    10124    8361    18880    14394    19188    16979    9609    16150    15666    14308    11454
6562    9884    10157    6931    17060    13075    13107    24443    17602    16577    15390    10610    11861    12826    15759    17893
3343    4037    3207    5262    4896    5567    10341    13569    23995    14793    16104    21343    13890    19137    22881    15508
4847    3313    2833    7409    6527    7488    16058    15958    21931    18746    15399    13715    19702    11184    13659    14835
5269    7547    5146    7303    7246    5025    7509    12066    13942    23816    24367    20520    22655    21768    22256    19836
11239    11900    15899    14209    13207    12441    19598    13535    13054    12755    22206    7828    15422    14828    11544    13135
27923    21198    25430    27224    31826    25888    26473    25640    17032    8947    5867    5012    8829    8348    5002    5350
29194    33759    22102    23686    23777    29281    22472    22962    16144    6375    9345    4950    4732    3820    5028    3317
33547    31235    30558    28564    27264    37323    24247    9187    10854    11950    7534    9070    4896    4741    5998    4520
38356    27301    29243    24581    25633    36249    16922    12612    10242    7961    3114    7919    4135    6223    3739    4616
28498    38560    33191    40691    25867    30651    24682    10241    9089    6641    8743    4823    3981    5340    3987    4347
