5392    2143    7141    6968    7728    9795    7246    7629    8264    15342    25907    34566    37603    52386    41072    19011    15060    7014    11131    14778    8948    28898    26280    46401    51275    43261    33563    19637    10456    7703    10840    5451    4748    4738    7452    4467
6345    4718    7221    8717    6456    4881    5167    12205    11153    13207    24148    30788    33890    30157    33602    40359    23078    13750    7383    9289    17080    23863    33502    30676    33640    35675    29794    24034    14383    16962    10320    4315    9026    7854    5161    6030
5080    6936    3707    7165    7005    9914    4487    12485    15621    29762    40516    36724    23334    30728    28923    28625    25305    18515    14556    13898    16153    22394    31911    29649    30927    30978    25792    31838    25047    8524    15029    6544    5238    9371    7208    5229
5177    4289    5876    5101    6352    8909    7265    8676    18762    33325    31630    27740    29412    24362    26984    26856    31724    26515    15037    15119    24189    29952    35953    37041    19540    23837    37777    27144    21040    14527    15273    8838    10220    7189    5997    5275
6244    6433    4203    6864    4278    6844    16661    18946    23133    29626    27293    27185    28526    16189    35258    31208    29851    31435    23381    28879    38092    22760    20118    19746    29996    31784    20727    21750    26138    19325    15758    10530    8275    6646    7770    8189
3460    6751    5823    6586    4967    10284    16055    22812    20092    23480    34551    22448    23174    17433    22808    24740    24593    35313    40347    31750    30829    23952    15141    21445    16882    21625    15648    19234    21516    23722    27778    17517    14141    4793    6303    5694
5543    4007    8989    9810    19920    18532    21995    19067    18857    12497    17288    23173    19444    14081    22668    23853    32306    34720    34844    30843    40742    20159    23055    25081    17396    19427    19633    17315    19158    20005    20630    18849    15733    17433    13451    8680
19952    13847    19096    8990    16586    12895    11072    16895    12684    18692    14073    19625    26975    30019    22736    27479    29782    29812    26897    18964    21659    21502    23105    21556    26515    16762    18693    17134    16116    13469    16451    9767    14149    14791    16980    20420
14963    16047    18006    11658    15512    18030    11791    14915    14836    20234    15415    14977    22981    18130    16356    13952    8926    19226    15582    12034    21308    12738    11157    17626    17277    13383    22678    14863    16717    12044    14755    10528    13842    12122    12571    9351
4402    9148    17058    15595    18153    19035    21263    16269    24206    16670    18862    15308    16351    25053    25660    28378    30294    25744    30992    19427    21094    32196    34562    30903    21841    19501    22915    15897    18303    16830    18984    18703    17239    16517    16847    14349
5059    6751    6961    9482    11750    12059    25116    23672    17493    23131    16607    23992    20454    22537    22167    19636    39232    32005    39218    31325    28062    25823    22402    22893    18426    24350    13113    14802    20855    25683    23584    16922    15996    12075    9084    3293
3847    7560    4793    9849    9208    9521    9968    20964    26081    28705    22667    27208    25678    25144    19056    17635    25835    29757    32004    33635    25653    20897    22104    21279    21751    17201    15181    21303    27810    22345    23006    11116    10877    7955    5670    5897
5072    4947    6872    5115    4093    9392    5938    11910    14757    29967    26583    40987    27283    20290    29776    29850    33813    29872    20442    15303    18977    28570    24083    20980    24175    22014    29185    26573    28534    10378    11465    12752    6526    5627    5296    5770
4181    8369    4429    5129    11824    9353    9067    9792    17859    17204    23028    34010    22190    29992    26513    31254    17428    17969    15540    12230    20603    35688    26083    34331    18773    26496    31183    28875    23152    12332    18356    5262    8803    6983    5031    5585
7207    4918    4230    6281    7035    6728    9837    13815    11524    17946    32536    42106    28996    31682    37073    32831    23629    18501    9548    19490    18690    37835    29095    46343    24225    35607    36039    32399    14440    14419    7746    6341    5640    5008    2891    4441
5340    5655    5562    8444    5585    10049    12284    8639    11579    17863    28774    39269    44709    40282    42848    24060    13573    12060    9495    12987    18348    30347    36367    27393    34927    25838    29400    23677    17478    14557    9985    10929    8155    7086    6133    4752
7395    4406    5303    4125    4232    7640    9801    11282    12337    22893    23216    27701    36453    46080    41413    33818    18250    14230    11050    10207    21239    22430    43909    41168    32913    32410    44593    36564    13367    12097    5258    4192    6193    5759    8445    5641
3799    7779    4995    5633    5482    7966    9093    11478    11701    19552    30559    38040    46108    39154    50902    28581    21736    11400    18734    10235    14024    17551    26264    29256    34684    44317    32721    16338    11647    7278    9641    6403    9440    3177    4312    4535
3329    4539    3208    5601    4046    7772    7517    9379    10226    10929    18928    35917    44724    45007    41563    27177    19756    12312    14091    14174    23866    23398    33179    54811    47670    44458    32537    21200    9710    9995    4559    4709    8244    6819    6975    5889
5648    4092    6187    7216    9683    10185    5325    12225    15276    17088    33861    38817    48546    51967    37866    24925    12530    14863    7932    10889    18261    17921    29973    38939    42694    37624    22702    17405    10727    7889    5544    5152    9707    6106    3284    2674
3928    6884    7839    7445    8029    5897    5882    10849    14121    13946    25403    34465    33621    54114    42411    23159    18181    12780    17501    8577    15375    14005    29764    52143    51032    46623    36551    17869    8203    5445    10074    6570    8613    6385    5819    4522
