47548    86215    167013    184394    119355    45769
46515    99452    148734    168799    109249    56080
49174    88619    181321    163651    122128    60225
49752    120383    162730    173232    125430    51376
65860    107410    168392    193614    114186    60579
48340    96926    168291    192431    114248    63451
42052    107603    185727    183698    131130    58974
46704    95610    172894    181835    126622    62475
43296    74843    149028    133031    98785    47548
49411    104280    186124    204412    120653    69669
51290    89429    163153    190338    142295    69505
57567    107289    166000    170117    102936    65251
50206    79661    176652    163605    120900    62143
43191    94247    162838    167011    102794    64816
55399    87833    188071    184815    117055    53899
56405    97578    166422    159833    118237    65954
45767    110187    179361    178235    110639    63821
60045    94440    169025    172689    103029    55287
53398    115185    180127    163544    113474    52486
46796    94544    175441    173997    108630    52315
49349    94593    188265    169094    114059    58665
