9143    28085    34207    25051    16957    7430    3633    4606    5529    3613    4752    3846    2571    4343    3931    3431
15176    23168    16750    14533    15120    14808    11299    6372    6917    4208    2608    4970    3265    3354    4307    4957
16186    18879    22428    19655    20926    14855    10198    8621    5671    5262    3692    3300    3586    2280    3969    3645
19465    15608    14077    23160    14518    19658    12765    8006    4534    3921    5781    3533    4565    5080    4999    4128
9796    8210    11089    12424    9193    11791    5937    6107    3381    3225    2822    4050    3011    4244    3612    4077
3385    3359    2573    2682    2146    3015    5622    4875    6224    6156    8663    15315    13571    14467    11310    14746
3819    3271    2918    2458    2815    2048    6241    2553    6982    10947    10746    16090    11326    8114    12125    20212
14809    13032    12353    9183    10532    16163    11737    8667    10750    5103    3867    4710    2933    3831    4877    5141
20863    14322    12474    12324    12804    14625    12457    11903    7905    6237    8641    4601    4824    2726    2829    4632
14626    10313    7694    9859    8884    9094    12695    8064    11983    6966    4109    3986    3869    8366    3150    4588
10505    10414    5545    8124    7561    11742    7982    12246    14086    9193    7633    3828    3613    3263    4212    2851
9115    9630    6497    6204    4900    6789    7404    6198    9883    16040    9571    9982    4267    2850    3648    3178
4616    3948    6026    6919    4770    6184    6780    8785    10559    7903    8441    6806    5561    5975    3069    4023
8261    9270    5637    5957    7065    8476    8938    8940    8078    8702    10979    10136    6245    9366    7213    5812
8283    9847    6118    7853    4649    7053    10116    6676    6703    5715    5943    5227    9280    10522    6284    5519
4374    5297    6934    6722    6080    4546    8089    5884    8776    7248    6736    5122    8000    6460    6832    9939
6187    6303    5264    4431    4107    5164    6092    4149    5924    4499    8407    5267    5864    6225    5992    9703
4138    5421    4274    4510    4207    9801    3742    4249    4752    6224    5354    3246    6141    4572    6287    3624
8647    8284    8573    8016    8700    11316    7489    6716    8361    10904    5590    7504    5432    4220    6193    7118
9665    7731    9062    8146    8349    9112    8518    11476    10521    10592    5988    5156    5696    7253    5879    3884
3742    2871    5561    4202    6033    4926    10196    8642    8724    9293    9452    8479    9684    9628    7786    8533
3618    2719    3401    3593    3093    3769    7743    12155    18529    17523    9154    7564    7318    9357    7467    10778
2033    3497    2474    3231    5572    4707    3045    6738    6545    8134    10726    14737    12933    11527    7139    12999
12378    15138    8123    14946    10789    17646    13818    6663    10652    5206    7255    2413    4357    6107    5091    3749
10405    14297    16818    10584    10712    16407    14225    6382    9898    2427    4202    5451    4229    3731    3771    2493
16168    16409    11279    9442    12883    20014    17383    7928    4192    5702    4756    4968    3747    5304    6134    2456
