38049.0    59597.666666666664    54261.99999999999    31037.333333333332
38035.333333333336    55495.00000000001    56489.66666666668    29019.333333333332
23362.333333333332    50829.666666666664    54397.0    32895.0
41863.00000000001    67095.66666666666    52278.666666666664    25287.333333333336
38957.333333333336    58584.33333333334    55880.0    25451.0
45646.66666666667    63612.0    62218.666666666664    25584.666666666668
34541.0    57457.666666666664    54873.66666666668    31704.0
36769.66666666667    67482.00000000001    54174.33333333333    25979.333333333332
26754.0    44335.333333333336    55939.33333333333    29888.333333333336
25021.0    44149.666666666664    47136.0    32657.0
26251.0    46917.333333333336    47397.666666666664    33697.0
28228.333333333332    46829.333333333336    44982.333333333336    24193.333333333336
33045.0    50175.0    50345.33333333333    21664.33333333334
29300.33333333334    42985.00000000001    40246.99999999999    27942.333333333336
31368.000000000007    42301.333333333336    39458.33333333333    23807.000000000004
25184.333333333336    41716.33333333334    40171.333333333336    20175.0
24642.666666666664    39439.666666666664    35688.33333333333    18913.666666666664
22298.333333333336    36359.666666666664    33640.666666666664    17754.333333333336
35060.333333333336    53683.0    51089.33333333332    22220.666666666664
44093.0    65268.66666666667    58542.666666666664    28840.333333333332
35913.66666666667    64887.333333333336    64604.333333333336    27612.33333333334
37884.0    65668.66666666667    54480.0    25892.000000000004
49487.66666666667    65011.33333333334    62207.99999999999    26227.333333333332
42383.666666666664    59591.66666666667    54335.0    32218.000000000004
36263.99999999999    68801.66666666667    60555.99999999999    30977.000000000004
40181.333333333336    68628.66666666669    58248.00000000001    27491.000000000004
39441.666666666664    58839.33333333333    57952.0    28743.333333333336
44082.66666666667    66980.0    60097.666666666664    30905.33333333334
29528.0    56815.66666666667    50057.666666666664    33578.66666666667
30340.333333333336    59567.666666666664    57861.666666666664    30716.333333333336
29916.666666666664    55716.666666666664    58625.0    30125.000000000004
