10499.0    16463.333333333336    24136.333333333332    26135.333333333332    16002.666666666666    11730.0    6462.333333333333    4006.0    4731.666666666667    4932.333333333334    4007.3333333333335    4336.0    6353.333333333334    12273.333333333332    18552.333333333332    12324.666666666666
8136.333333333333    16445.666666666668    26312.999999999996    27850.0    18169.666666666668    10263.0    5338.0    4103.0    3816.0    3838.333333333333    3563.0    5372.0    9437.666666666666    12828.666666666666    10701.333333333334    12863.666666666668
2852.333333333333    3145.333333333333    2404.9999999999995    2396.3333333333335    2657.3333333333335    2619.0    1789.0    2879.666666666667    4241.333333333333    3582.0    5100.333333333333    10306.666666666668    18356.0    31636.666666666664    37659.0    29858.0
18720.333333333332    29811.999999999996    35446.333333333336    29880.666666666668    21906.333333333332    13712.999999999998    7154.333333333334    4968.666666666667    3736.0    4384.0    3088.3333333333335    2231.3333333333335    3232.0    3542.0    2125.0    2584.3333333333335
15915.666666666666    23263.0    30119.333333333336    29464.333333333332    25402.666666666668    15404.999999999998    8956.0    5352.666666666666    4442.333333333334    3177.666666666667    3156.3333333333335    2304.3333333333335    3384.333333333333    3679.3333333333335    1853.6666666666667    2996.0
15341.666666666666    26573.666666666668    30118.000000000004    30193.333333333336    28078.333333333332    22243.0    11712.666666666668    4591.333333333334    3897.0    4756.0    3397.3333333333335    2866.333333333333    2476.0    4403.0    3276.0    3138.333333333333
19254.333333333336    23087.666666666668    27338.333333333336    24674.0    22127.333333333332    18269.0    9968.333333333334    7685.333333333333    5214.666666666666    3344.3333333333335    3293.6666666666665    3494.3333333333335    3397.333333333333    2690.0    2523.3333333333335    2214.3333333333335
18050.333333333332    25063.333333333332    27208.333333333332    27221.000000000004    24377.666666666668    16789.666666666664    8974.0    7912.333333333333    5301.0    4446.666666666667    5690.0    4272.0    2603.0    2533.0    1995.0    1968.0
2398.6666666666665    2033.0    2966.3333333333335    2259.0    3073.0    3383.6666666666665    4281.0    4316.333333333333    3459.0    6020.333333333333    10595.0    17037.333333333336    23030.666666666668    22889.333333333336    26198.333333333332    22976.0
3206.3333333333335    2084.6666666666665    3872.3333333333335    3110.3333333333335    2104.0    3578.333333333333    2873.333333333333    2950.6666666666665    8122.0    10655.0    13436.0    17167.0    17250.333333333332    20087.666666666664    20413.333333333336    18052.333333333336
2062.666666666667    3619.333333333334    2810.0    2200.6666666666665    2181.6666666666665    2087.3333333333335    3531.333333333333    3590.333333333333    6655.666666666667    11944.666666666666    15471.666666666666    14627.666666666666    15272.333333333332    22590.333333333336    22668.333333333332    22949.0
2778.666666666667    2655.6666666666665    2807.0    3239.666666666667    3208.3333333333335    2089.3333333333335    3030.333333333333    6849.333333333334    13537.333333333334    11889.666666666668    12031.666666666666    11629.999999999998    12399.333333333332    19330.333333333336    18419.333333333332    18337.333333333336
9516.0    13533.999999999998    15387.333333333334    15579.000000000002    12755.333333333334    13942.666666666666    10505.666666666666    8457.0    13444.000000000002    10911.000000000002    10157.666666666666    5890.333333333333    5148.0    4112.666666666666    2432.333333333333    3456.666666666667
8684.0    11110.666666666668    13154.666666666666    14994.0    10059.333333333334    8794.333333333334    7882.0    8622.666666666666    8529.333333333332    8186.0    9909.666666666666    8616.666666666668    9590.333333333334    4828.333333333334    4123.0    3389.666666666667
6109.000000000001    11371.0    17886.333333333336    14461.666666666666    9324.333333333332    7006.333333333333    7517.666666666666    5523.333333333334    6338.000000000001    9761.666666666666    7338.333333333334    5223.0    8312.333333333332    7802.333333333334    8099.000000000001    4860.333333333333
10225.333333333334    11658.666666666666    12759.333333333334    11970.666666666666    9939.0    6800.0    7288.666666666666    6739.0    5513.000000000001    3928.3333333333335    5706.0    5768.0    7023.666666666666    4848.666666666666    8355.0    8723.666666666666
5036.666666666666    9927.666666666666    15841.333333333334    15362.0    10242.666666666666    8081.666666666667    5430.0    8171.333333333334    5436.333333333333    3875.333333333333    4118.666666666667    5026.333333333333    5211.333333333333    7447.000000000001    4783.0    4693.0
4903.0    9041.0    12069.666666666666    14833.666666666666    10020.666666666666    5318.666666666667    5280.333333333333    5806.0    6190.666666666667    5876.666666666667    5143.0    5085.333333333334    6278.666666666666    5991.000000000001    4089.3333333333335    4125.333333333333
14186.333333333332    12080.666666666668    21189.0    19540.666666666668    15781.0    13575.666666666668    13838.333333333334    12094.333333333332    12876.0    6711.666666666667    4460.0    3318.666666666667    3239.333333333333    3472.666666666667    2610.666666666667    3078.333333333333
21561.666666666664    19544.333333333336    23127.999999999996    24816.333333333332    23872.333333333332    17462.333333333332    16867.000000000004    14946.666666666666    8978.0    4565.666666666666    4136.0    3990.0    3203.0    3140.0    3249.6666666666665    3283.666666666667
19847.666666666664    26748.666666666664    25798.333333333336    21736.666666666668    19583.666666666668    21536.0    16123.666666666666    12316.999999999998    6708.333333333334    4204.0    3101.6666666666665    4703.0    2833.666666666667    2879.3333333333335    2563.333333333333    2332.6666666666665
18199.666666666664    24922.333333333332    25228.333333333332    28132.0    22659.999999999996    19418.666666666668    9539.0    7774.333333333332    4880.666666666666    5615.333333333333    2705.0    4659.666666666667    2539.333333333333    2402.6666666666665    2935.333333333333    2312.3333333333335
17842.666666666668    27495.666666666668    30336.0    29433.666666666668    22374.999999999996    21692.666666666664    14970.666666666666    8052.000000000001    5146.333333333334    4439.333333333333    3688.0000000000005    4112.333333333333    4523.0    2516.3333333333335    3973.666666666667    2337.0
18804.0    23406.666666666664    27496.333333333336    31632.333333333332    25694.333333333336    15858.000000000002    12911.666666666666    4619.0    5856.000000000001    3328.3333333333335    3370.333333333333    4074.3333333333335    2927.333333333333    2347.6666666666665    3317.0    2885.0
16543.0    28090.0    31096.666666666668    32888.0    27310.333333333332    18642.0    7942.666666666667    5627.0    6454.0    4189.333333333333    2642.333333333333    3324.0    2727.6666666666665    2829.3333333333335    3570.666666666666    2721.6666666666665
14299.666666666668    25403.999999999996    36891.333333333336    35871.333333333336    24308.999999999996    15990.999999999998    9117.0    6617.0    5731.0    4468.666666666667    2157.0    2852.6666666666665    2839.0    3176.6666666666665    2534.6666666666665    2289.0
14649.000000000002    25540.333333333332    34805.666666666664    30451.0    25822.0    13857.333333333334    7526.333333333333    5897.333333333333    5632.666666666667    3790.666666666667    3816.666666666667    3064.3333333333335    1802.0    2854.0    3121.0    2345.9999999999995
12463.666666666666    27149.666666666664    40473.0    37239.333333333336    28615.999999999996    17498.666666666668    8818.666666666666    5142.0    5164.0    3340.333333333334    3050.3333333333335    2613.0    2420.6666666666665    3000.0    2599.333333333333    2477.0
2675.0    1678.3333333333333    3023.9999999999995    2441.333333333333    2806.6666666666665    3039.666666666667    2771.333333333333    2237.333333333333    3369.3333333333335    5883.0    4829.0    10532.666666666668    20989.333333333336    35297.66666666667    41925.333333333336    26480.0
2316.6666666666665    2167.666666666667    3225.0    2389.3333333333335    2149.0    3480.0    3232.3333333333335    2589.6666666666665    4876.666666666667    6213.999999999999    5510.666666666667    7586.333333333333    22303.666666666668    35546.33333333333    44991.99999999999    29906.666666666668
2322.3333333333335    2978.666666666667    2705.6666666666665    3323.6666666666665    2275.3333333333335    3534.0    3771.3333333333335    2586.0    3688.0    5061.666666666666    4686.0    6904.333333333333    20657.0    37752.333333333336    40039.0    32098.000000000004
