6982    8320    6415    4420    7112    7831    6957    7583    9351    16526    25531    41618    42175    52009    43097    28849    14438    18472    13914    14975    15682    24698    39281    46203    50465    38032    31437    18252    7492    9882    9538    6186    6946    10010    5530    2029
5980    6653    3485    4718    5833    7597    10682    6251    14784    20049    45430    43942    38373    46295    40672    28966    17514    16284    10783    11725    14829    30051    37933    39981    46247    46883    19477    26363    11018    12139    7821    10247    5156    6264    7894    6270
5209    8106    5270    7737    4837    9090    7816    13730    14369    22911    40614    44726    56447    46611    45477    30376    15775    13922    9839    13337    20904    40406    39129    35083    39011    37301    34779    13802    15765    8401    12054    6589    5784    7412    5243    11065
5930    9411    6763    6945    6809    9276    7971    11223    15122    20658    29660    35673    35378    45025    32709    24600    27915    17114    13964    13487    20976    38974    45082    34062    33946    35265    32514    23582    15909    8289    9620    4721    6011    8398    9572    3887
6959    6847    5948    5488    7707    9009    12565    10508    13020    24358    38078    40854    34594    34653    36609    38049    25503    26306    22349    13459    18230    38327    23675    26658    34476    38237    33568    24574    19238    15857    6512    6117    6777    6330    10408    5555
4791    5712    6759    3642    8971    8005    9193    18096    24698    37574    39361    30450    36374    36206    28711    29115    32056    25308    22727    16515    31657    42507    30100    26021    26276    30144    35753    30202    24234    16606    11361    6898    6370    7011    6590    3692
8281    7048    4755    6137    7012    6119    12997    16967    28931    30618    25025    28616    25529    29610    30592    25646    26682    21886    27494    21564    33030    29846    25174    19179    22450    16264    21241    33676    24581    20415    20660    11308    7796    8179    6875    7605
4104    6312    6224    7160    12461    14385    26169    18323    16340    17286    24918    29180    21828    26503    37646    30769    33349    29180    29920    30947    22128    32751    22363    22145    20559    21084    28102    25148    22206    18935    21846    16911    10987    9541    4598    4333
5375    9149    6273    10000    12281    18262    19210    11363    18058    17617    20383    22993    15938    14813    26921    31716    36151    29114    38869    43174    38681    28030    30181    26753    20426    15971    14155    16786    20033    14417    27069    21754    15541    12098    8269    5153
19448    14582    23215    22439    15496    17581    17696    16607    15589    14670    23117    23863    34021    27186    32922    23391    24482    31841    24415    27006    27207    24660    25328    24645    24993    19542    26366    18243    18093    17403    15335    12891    12793    10105    19329    14531
10956    10842    12406    14555    12611    8064    8909    17114    17260    12131    12311    21707    13547    11500    16051    12704    14831    17093    18460    13512    11812    17990    21420    11846    14341    21157    19877    11530    11855    15392    11460    9435    11149    18773    10396    11030
4421    11190    14021    16205    21482    19448    25993    14534    20259    23665    16450    15256    18990    30898    32446    26582    23838    31452    30417    34008    28037    31661    22465    25981    16894    19599    15973    16468    20418    13364    14502    13421    17607    15127    20600    9588
3856    5948    5157    9369    9325    14746    24087    21965    23736    14479    19032    13503    18594    16738    18926    18390    25989    29874    37380    35532    25753    26225    16563    26160    21404    19661    15044    18136    15302    14499    16218    12659    17659    6176    4747    7013
3601    3274    10357    8181    10375    14648    12786    17473    28559    27117    26417    23667    20522    18857    24843    29151    32031    27636    35247    30502    27101    27148    26350    30632    20315    19272    24816    26169    25205    22027    12779    9894    12379    10255    4232    5384
4756    3824    4550    8303    6308    7804    8560    15126    17832    29814    27286    30550    25498    23201    38078    33448    39207    24786    23092    14585    32711    34925    34684    31389    23904    30250    36229    32333    29688    25625    8338    10191    5250    6017    5092    9827
4809    4891    4002    6164    6924    3897    13030    11366    12100    15640    28855    29636    33805    20006    35934    28419    17674    20005    19797    9796    19351    19320    27863    23272    29891    24047    27748    21023    17989    13401    7806    6134    8188    5767    7273    3896
4940    3000    5056    3035    3761    10220    9491    7516    9675    21870    30878    24580    34470    28869    32203    32596    17657    21392    16089    17711    26057    19098    27722    34375    26753    37106    31812    27781    23081    12945    7705    6779    7651    5321    5470    4581
4243    3622    5545    6272    4735    6888    6804    5584    11161    21842    25920    27685    40673    38563    34855    28440    21514    15918    9741    8780    20704    26428    33128    32263    32925    33602    33415    22494    14210    9625    9055    4595    6797    6100    5392    4969
4272    4001    6592    7377    6579    9158    6727    5730    7276    25531    18521    37255    38561    38720    37999    29555    14162    12630    8714    12853    15068    24078    29320    42554    48274    44098    31452    17096    10369    9165    7239    6144    7306    3383    5230    4872
5559    6370    8090    6618    7102    13577    11863    10295    9476    17556    18361    35434    46997    39964    47453    33891    16032    12557    11251    14074    17590    29008    23890    48368    44272    37433    27752    22185    10429    11124    8360    7178    8091    6553    4887    8814
7288    6245    8950    5115    6217    7343    7880    7541    10762    11538    16831    49938    48294    45099    38994    25526    25176    8873    16792    9135    13429    19125    34644    43847    50516    34434    34821    16057    17988    8453    6970    5246    5610    6337    4270    6806
