47473    90886    185073    184035    128543    62228
57985    107259    176760    192815    117001    62769
46997    127970    194548    192827    134220    52365
53589    110170    175990    190193    121248    55251
47277    114808    190098    188917    124561    61741
56236    110723    179785    209970    139304    63668
57158    102185    167516    188595    121413    62921
59794    107631    183787    192339    127510    55580
45540    123053    186877    185005    108240    74262
46057    124525    197621    186545    149236    57047
42181    76146    139012    112748    92603    43337
54651    119725    182977    199193    124191    52523
46121    95790    148053    171802    113251    54828
49135    109805    163738    197352    123778    65394
52869    108573    183661    208281    130935    58742
42328    81579    145922    148777    113634    57479
47655    103029    159645    160855    115491    52571
44567    83899    143939    175412    114277    62393
38414    89810    145168    173682    126281    64506
45189    107567    169726    186262    121693    58017
59087    98316    164692    177042    109596    63357
