21804.0    46995.66666666667    81902.0    83275.33333333331    53969.0    23268.333333333332
17780.333333333336    41307.333333333336    77869.00000000001    85293.66666666666    50627.0    29046.0
22605.333333333336    49085.0    84820.33333333334    85671.0    52250.66666666667    23886.999999999996
18970.333333333332    45117.0    86468.0    82863.66666666667    52090.333333333336    25411.66666666666
23526.666666666668    43731.33333333333    78608.66666666667    84677.00000000001    52731.666666666664    24920.666666666668
26209.333333333332    56123.33333333335    89069.00000000003    79860.99999999999    53798.66666666667    24852.66666666666
25143.666666666668    53949.333333333336    80670.99999999999    86386.33333333334    55031.0    25963.666666666664
26175.999999999996    60731.0    87803.00000000003    89677.99999999999    41014.33333333333    21523.666666666664
22683.999999999996    48523.00000000001    74835.0    74992.66666666666    54933.99999999999    23727.333333333336
21590.000000000004    43540.0    70028.0    78542.66666666667    52659.333333333336    25225.000000000004
25483.666666666664    47154.33333333333    75390.00000000001    75271.00000000001    49261.99999999999    22389.666666666668
27309.666666666668    51461.0    72547.66666666667    73090.66666666667    42598.0    24307.666666666664
22961.333333333332    42023.333333333336    71407.33333333333    76046.33333333334    42134.00000000001    22679.0
25002.666666666664    40961.333333333336    68802.33333333333    71496.33333333331    40164.333333333336    21851.333333333332
22634.333333333332    46243.33333333333    70577.0    64066.666666666664    37896.00000000001    18832.333333333332
28602.66666666667    40030.333333333336    62129.99999999999    59629.999999999985    33898.33333333333    18428.333333333332
26053.666666666664    48508.666666666664    63847.99999999999    60560.333333333336    40208.99999999999    22721.666666666668
25147.0    53543.666666666664    77220.66666666667    65863.0    44242.666666666664    21754.999999999996
20984.000000000004    46928.00000000001    86929.0    79786.33333333334    52052.33333333333    27256.66666666667
26664.999999999993    62185.66666666666    74104.66666666669    84243.33333333333    44821.0    22093.0
26877.666666666664    52696.33333333334    84489.33333333333    79881.33333333331    49970.33333333334    20869.000000000004
28231.666666666664    56945.33333333332    89926.33333333334    78621.33333333333    46064.333333333336    24572.666666666668
29874.333333333336    60711.33333333333    91400.33333333334    88781.00000000003    44114.333333333336    21610.333333333332
22822.333333333336    61038.333333333336    89704.66666666666    80310.66666666666    46087.66666666666    20614.0
24068.999999999996    59786.666666666664    88162.66666666669    83900.66666666666    50276.00000000001    23494.666666666664
25155.999999999996    58292.33333333332    88911.00000000001    86110.66666666667    47051.333333333336    26104.666666666664
26657.666666666668    59843.66666666667    88665.33333333331    80049.66666666667    54254.0    24019.000000000004
29523.999999999993    59579.99999999999    80747.33333333331    77972.00000000001    44921.666666666664    22958.666666666668
21046.666666666668    51974.33333333334    78585.33333333333    82876.00000000001    50866.666666666664    25992.333333333332
21926.0    46949.666666666664    79350.0    83738.33333333333    59279.0    23333.333333333332
16999.666666666664    47299.666666666664    79085.66666666667    84133.66666666666    57624.33333333333    26569.333333333336
