4798.0    4382.0    3771.0    5125.0    5012.0    4344.333333333334    6411.999999999999    6038.0    8276.0    7966.0    8032.666666666667    15329.333333333332    25326.666666666668    42757.333333333336    55533.0    55397.666666666664    36746.666666666664    15966.666666666666
4145.666666666666    4440.0    4371.666666666667    3875.333333333333    6205.333333333333    4939.666666666667    7024.333333333334    6816.999999999999    8966.0    6817.333333333334    9108.333333333332    10986.333333333332    27703.666666666668    47553.333333333336    47017.0    48151.333333333336    32075.333333333332    21725.666666666668
5173.666666666666    3647.3333333333335    4497.666666666667    4434.333333333334    5076.0    5214.666666666667    4204.333333333332    6649.333333333333    8288.0    9428.0    9312.333333333332    17633.333333333336    28083.0    42852.666666666664    55163.0    48683.00000000001    39038.66666666667    20940.0
3990.666666666667    5081.666666666666    5399.333333333334    4982.666666666667    6002.333333333334    5320.0    4085.333333333334    5319.666666666667    5458.333333333333    11641.0    10074.333333333332    17743.666666666664    28674.666666666668    40213.33333333333    48949.00000000001    47396.00000000001    38017.66666666667    22571.333333333332
4536.0    5187.000000000001    5559.333333333333    6003.666666666667    4746.0    4290.333333333333    6562.333333333333    7125.666666666667    6934.666666666667    7943.0    8464.666666666666    17688.0    31025.0    42412.333333333336    43565.0    46302.0    34723.0    25128.0
19922.666666666664    24544.666666666668    36478.0    31786.33333333333    30346.333333333332    23707.0    16009.999999999998    15817.0    10010.666666666666    10406.666666666666    6842.666666666667    12122.666666666668    15132.0    16033.000000000002    16641.666666666668    15442.666666666668    16362.000000000002    12308.0
5129.666666666667    5809.333333333334    4945.666666666666    4963.333333333333    4535.333333333333    5735.666666666667    7572.666666666667    8015.666666666667    7738.000000000001    10573.666666666668    15658.0    22274.0    31350.666666666664    37153.333333333336    46283.666666666664    43371.66666666667    37587.0    28447.666666666668
34114.0    39387.333333333336    41418.0    30931.666666666664    37973.0    34390.333333333336    27483.999999999996    18051.0    9298.0    6939.666666666666    9853.666666666666    6919.999999999999    6809.333333333334    6512.333333333333    3731.0    5432.999999999999    4196.666666666667    3483.0000000000005
4306.666666666667    6357.666666666666    8271.0    11583.666666666666    10213.333333333332    7124.333333333333    6140.333333333334    7031.0    5773.666666666667    14968.0    16670.666666666668    22462.333333333332    29507.333333333332    32009.666666666668    29342.66666666667    26684.999999999996    30410.000000000004    30838.66666666667
3316.333333333333    3973.3333333333335    5034.333333333333    4159.0    4493.999999999999    6381.666666666666    6285.333333333334    7053.0    8954.0    17345.333333333332    28409.333333333336    19349.000000000004    28422.999999999996    32338.666666666664    29290.999999999996    31371.666666666668    28071.333333333336    27334.666666666668
18084.0    17472.000000000004    15188.666666666668    19335.0    21422.0    18661.333333333336    18896.333333333336    19050.333333333336    19557.0    16397.333333333332    16042.0    11801.666666666668    11951.333333333332    14589.333333333334    14940.0    16975.666666666664    13589.666666666666    10996.999999999998
20590.666666666668    22135.333333333336    27382.666666666668    26252.333333333336    22375.666666666668    21495.333333333336    20642.666666666668    19446.666666666668    22425.000000000004    22189.0    15854.000000000002    9957.666666666666    8882.333333333332    7654.666666666667    7445.666666666665    5906.333333333334    5429.333333333333    5249.333333333333
20690.666666666668    20224.333333333336    26230.0    24408.666666666664    15036.333333333334    16604.333333333336    13496.666666666666    17055.666666666668    17245.0    20990.666666666668    17590.666666666668    16211.666666666668    12718.999999999998    12246.666666666668    5554.666666666666    7362.666666666666    6931.666666666667    6652.0
17037.333333333336    16564.0    18542.0    19052.333333333332    17304.333333333336    17512.666666666668    16698.0    15176.999999999998    15813.333333333332    15689.333333333332    15865.666666666666    16168.333333333336    16352.000000000004    18311.333333333332    12073.666666666668    8725.0    5821.666666666666    5570.333333333333
15136.666666666668    16716.333333333336    18856.666666666664    22480.666666666668    20899.333333333336    13150.0    13040.666666666666    15333.333333333334    12599.666666666666    12153.666666666666    14116.000000000002    11500.0    15819.999999999998    12682.666666666664    14008.0    13535.333333333332    9961.333333333334    8259.333333333334
16154.666666666666    15007.333333333334    16378.666666666666    20853.333333333332    22255.333333333332    14129.0    12410.333333333334    9781.333333333334    10937.0    11650.0    10364.666666666668    13926.333333333334    10921.0    11876.333333333332    11458.333333333332    12114.333333333334    11919.0    10582.666666666668
11603.333333333334    9999.0    9414.999999999998    10442.0    9392.666666666666    10773.666666666666    12201.333333333332    15700.000000000002    19470.0    14375.333333333332    18086.333333333332    18456.666666666668    17973.666666666664    17066.0    18146.333333333336    16804.333333333332    17637.666666666668    14357.999999999998
22413.333333333332    19599.666666666668    28157.666666666668    26212.333333333332    22072.666666666668    24784.999999999996    19846.0    21392.333333333336    25560.333333333336    18000.333333333332    17245.333333333332    7755.0    7491.000000000001    5146.333333333333    6778.0    5441.0    5111.333333333333    4764.333333333333
13551.0    12077.333333333334    12143.666666666668    10411.666666666666    12390.666666666666    11760.666666666664    15928.333333333334    11877.0    13118.0    14439.333333333334    18094.333333333336    20519.666666666668    27442.000000000004    23889.333333333336    23745.0    28683.0    24496.000000000004    19369.333333333336
30096.0    31510.666666666664    34481.333333333336    34486.0    35955.66666666667    32157.0    30366.666666666668    19514.0    10565.000000000002    9058.333333333334    5899.333333333333    6975.333333333334    7722.333333333333    5443.666666666667    4779.0    4751.666666666666    6045.666666666667    4305.0
27813.33333333333    31491.33333333333    39393.333333333336    40385.66666666667    36239.66666666667    33662.33333333333    23877.333333333332    17093.333333333332    11969.333333333334    6590.666666666666    6267.333333333332    6564.666666666667    6750.666666666667    4177.666666666667    5063.333333333334    4460.333333333333    6583.666666666667    6400.0
29678.333333333332    38285.33333333333    38449.99999999999    41717.666666666664    34318.66666666667    31069.666666666668    30121.666666666668    16150.666666666668    9753.666666666666    6650.666666666667    7073.666666666667    8281.666666666666    5762.666666666666    8484.666666666666    4362.333333333334    5352.666666666666    4245.0    4602.666666666666
27191.333333333336    39910.66666666667    47419.00000000001    47951.666666666664    42166.66666666667    38037.33333333333    22269.0    12055.333333333334    8826.666666666666    6920.0    7362.666666666667    7035.666666666667    4605.666666666666    4671.0    5878.0    5170.0    4311.333333333333    4709.666666666667
23380.0    36366.333333333336    44107.99999999999    45937.99999999999    42525.666666666664    33765.0    20632.000000000004    11734.0    7530.000000000001    8097.0    8690.333333333332    5828.333333333334    5498.666666666666    5730.333333333334    4366.0    5501.0    5455.333333333334    5431.666666666666
23238.666666666668    40403.0    47262.0    54446.666666666664    45026.333333333336    27745.333333333332    20685.666666666664    14038.333333333334    6318.0    8620.666666666668    7740.0    5838.666666666667    5832.999999999999    4318.0    4161.333333333333    5367.000000000001    4036.666666666667    4610.333333333333
23768.333333333332    37180.333333333336    46599.99999999999    54402.333333333336    44877.0    28628.0    19902.0    10188.666666666666    7987.0    8195.666666666668    9076.666666666666    8656.666666666666    6019.0    6530.0    4847.0    5068.333333333333    3885.3333333333335    5813.666666666667
22983.666666666668    35975.66666666667    53414.66666666667    54839.666666666664    45573.333333333336    31805.999999999996    16336.666666666668    7876.333333333333    9179.666666666668    10112.666666666668    7035.0    6972.666666666666    6890.0    5433.666666666666    4962.666666666667    5309.0    3486.6666666666665    5301.333333333334
17170.666666666668    32341.333333333332    52568.333333333336    55154.333333333336    45797.333333333336    24864.333333333332    18328.333333333332    9766.666666666668    8919.0    8627.666666666666    6332.666666666666    5459.000000000001    5843.0    5672.333333333334    3974.3333333333335    4429.333333333333    5050.333333333334    5404.666666666667
4590.666666666667    4901.0    5503.666666666667    5334.333333333333    4591.0    5823.0    3896.333333333333    6529.333333333334    6027.666666666667    7002.0    7663.0    14769.666666666666    24815.000000000004    43916.0    50043.333333333336    53404.0    39674.0    22857.333333333336
3843.333333333333    4771.333333333333    4868.0    6669.333333333334    6202.333333333333    5281.333333333334    6573.0    6711.0    7910.333333333333    9894.333333333332    7366.666666666666    11180.0    24977.0    49834.66666666667    58409.333333333336    47497.333333333336    33953.0    18634.0
4149.0    4472.666666666667    5004.0    4001.3333333333335    3828.9999999999995    4568.333333333334    4469.0    3994.666666666667    6777.666666666666    9950.666666666668    10519.333333333334    13951.999999999998    23348.999999999996    46686.0    56196.333333333336    54281.33333333333    38865.0    16647.0
