50503    115238    164058    168121    117527    54681
40407    96008    159451    178463    123706    56121
49369    87649    172730    172326    110780    63058
53047    85864    147469    169632    126722    38545
52849    115619    148701    181622    111772    65708
41751    87517    180722    176247    118230    51485
56372    114704    204134    180325    110930    57246
55887    117006    183690    182110    112115    55216
52965    106486    199402    188519    120737    52661
56174    112266    165804    197255    136468    60980
52103    80653    124398    130533    78270    48185
50960    120132    183616    196584    104673    69148
48335    101393    160078    178899    132592    59663
62192    113209    177149    199949    106310    56713
51745    117416    169928    202957    125272    52136
57919    104383    164812    162372    105353    57187
41439    105442    160205    188392    122831    47890
48070    92730    161673    173908    102241    63703
43377    108952    172128    145782    111844    56311
45849    95513    146280    198674    104555    72531
46243    107709    165235    142062    118998    53484
