7771    6122    7020    7723    9033    11877    6062    14143    14269    15968    10802    46048    61264    61127    37565    18903    10630    11938    10390    12276    15183    12924    18475    44952    55568    41525    36175    13619    11443    7237    6073    7828    2415    6769    5460    3551
3879    4152    5423    5705    6463    9490    8981    9833    4686    18834    30744    39960    47211    41023    43812    23609    17652    14358    14933    13388    13904    21046    35264    35460    41706    48662    23446    21093    6562    9416    5667    5572    4778    7617    7304    2523
4531    8978    5408    5417    5706    7587    9818    10465    12667    17077    32262    33591    34642    29585    35658    23487    20644    14286    10959    18083    14557    24454    41626    36313    34647    34985    41350    24446    19225    10270    4853    8337    4481    5774    4210    5533
3260    4572    5997    4043    6619    7638    7807    16295    14163    16163    30890    37821    31409    35377    30862    28868    24070    13894    11338    10612    17069    23651    33656    32627    28105    29722    24968    30206    14122    7367    8827    9594    5756    5989    3691    4231
5476    4624    4896    3028    5050    8797    7177    9421    9777    26329    34568    30873    37304    36322    34420    24205    28140    19525    17845    19346    24444    33488    35841    30255    28783    43248    29983    19577    15407    8554    9149    4588    5213    7298    7148    6172
4868    3130    4595    7082    7941    6420    7453    8813    20437    23432    31375    27787    29399    26644    28218    29912    27381    19128    13924    18459    19355    30457    34743    32385    21825    29397    31183    36545    20821    14014    10973    6923    5112    3518    8019    4284
5799    4349    3739    5564    3787    8487    12237    28737    18424    24947    29256    35819    27698    22104    29537    27533    25799    32312    28886    39869    31578    36792    33380    27205    18742    23992    17224    23412    19002    24503    15996    8704    8317    8156    7875    3950
4105    4042    4983    6911    7715    9656    24399    24883    30211    23473    25673    16782    26190    26319    23854    29503    22474    33928    37153    40931    34925    20018    25080    22134    16102    19154    16621    22688    29119    23924    17230    12728    8932    4020    6610    3554
4387    3576    7010    13036    18571    24365    22394    23377    24116    18661    17920    18809    11846    18054    19480    25321    31426    30423    37457    39869    27821    20210    24422    26908    13044    24982    17872    18584    21680    20890    14920    23087    20918    16620    7281    11433
16338    14873    20895    18159    14883    12826    11246    12461    18149    15133    17804    15355    26090    22601    27806    24372    25357    33536    26648    19817    24423    22962    23908    26136    28927    35389    19050    19546    10745    22660    17626    18354    12858    14328    19109    18577
18338    9772    11167    12488    11404    18248    14493    14729    15579    19945    23559    17782    16257    15431    19912    15908    16504    14877    12386    13677    14576    13243    15000    13168    15347    11497    16448    10717    13500    11757    18834    9388    10132    10648    8131    9300
4779    9247    10779    26767    15242    14924    20650    24348    19237    17601    20675    20631    22147    25296    25352    25601    28788    29423    27963    27974    23672    28239    25437    27338    17841    14818    15651    16609    18354    17060    13531    19402    20474    12031    22725    14507
7627    4084    4085    5883    8693    12224    16552    20876    25422    17536    20309    23187    14541    25749    20323    23803    29469    36281    34434    37159    24551    23467    19332    20355    22408    24235    27627    24034    24335    17278    14279    17233    12705    8295    8370    4219
3903    4541    6455    12028    8589    9481    12299    18523    21592    27549    24142    18428    17865    18839    20236    31409    28604    29445    35415    42236    25582    28539    19684    26094    25710    25731    28941    24577    29840    23146    21708    11280    10723    6363    8267    7758
3964    4109    5023    5637    5634    8420    10581    12643    26314    30898    24886    28371    31733    25863    30171    29233    22594    23676    23101    17719    33559    38129    25302    37010    32125    28163    28374    31005    29082    20176    13905    8451    8509    4363    6263    4468
4466    5680    7029    4736    8942    10903    9786    10986    19181    24415    33186    26849    31518    27878    38367    34869    29840    16990    17301    11180    18769    26697    33811    26673    35324    27398    27832    19151    14880    10534    10655    8301    3850    3761    7752    2536
5346    4502    6435    5902    8473    8087    9852    9010    12205    31487    34562    28742    27908    32825    25551    32591    23840    17055    9539    20127    10856    31638    34303    36998    37509    34537    32558    26600    15629    10526    10305    5696    9982    7483    3965    3575
4633    4098    4881    4632    5178    5331    9952    8440    10132    29313    27118    33027    40628    51299    27126    23678    20870    12130    18921    10361    13703    23127    31267    32816    34762    49194    25249    19795    13363    11365    7872    8234    5336    4761    5351    4382
5369    4776    3112    3932    10037    6122    10076    6868    10850    23390    31926    40960    30012    48907    36489    27587    20801    13845    8827    14279    15127    25086    28192    36083    28679    42044    24961    14709    12906    11548    8507    8190    6281    6668    6566    4682
6758    4325    7389    5429    4804    10123    6090    6312    14187    13205    32318    44434    42212    43915    28488    31801    19187    9422    10093    10361    15943    23484    29483    40486    39476    51264    28253    19300    20136    8586    6278    5782    3896    5959    6654    7569
4640    4901    6450    8835    4882    4732    6079    5800    13956    15503    14124    33058    43404    46544    39411    30713    15894    9214    12056    10858    16530    21521    29216    33789    48477    33089    36358    18780    12668    10727    6892    7110    6712    7163    7153    6492
