18942.333333333336    24692.666666666668    57754.666666666664    85349.66666666667    75052.66666666667    41258.0
19276.66666666667    33841.33333333333    70515.33333333331    85845.33333333333    78360.33333333334    41216.000000000015
21008.0    30848.333333333336    66936.00000000001    81666.33333333331    77813.0    38882.00000000001
17380.0    19358.0    44576.0    68226.66666666666    67692.33333333334    36893.666666666664
19094.666666666668    21594.666666666668    44242.666666666664    77019.0    85298.33333333334    55982.99999999999
15385.666666666664    19931.0    48385.33333333333    71658.0    77909.0    48993.0
19918.666666666668    32619.0    71107.66666666669    91384.66666666666    77358.33333333334    37973.666666666664
16415.0    22551.0    51766.33333333334    76793.33333333334    74703.0    47678.66666666667
20724.333333333336    23215.333333333332    40812.666666666664    72475.66666666666    75166.33333333333    46381.00000000001
16068.666666666666    20514.0    46110.666666666664    75432.99999999999    69219.66666666666    43510.666666666664
18699.666666666668    22110.333333333336    44920.333333333336    70789.33333333333    72640.33333333334    38696.33333333333
16447.0    27326.999999999996    57753.66666666667    77867.66666666667    67968.66666666667    45352.0
17279.333333333332    25157.999999999996    45579.99999999999    71472.33333333334    63051.333333333336    36429.0
19438.666666666664    22792.333333333332    51242.0    61631.33333333333    65067.333333333336    40257.666666666664
16281.666666666666    27317.333333333332    47755.333333333336    68895.66666666669    65374.0    36131.666666666664
18205.666666666668    26131.333333333336    49654.66666666667    65653.66666666666    58892.333333333336    37219.0
14596.000000000002    25499.33333333333    43148.333333333336    56616.0    57080.99999999999    33125.0
16643.666666666664    19281.999999999996    40805.0    68748.33333333333    64817.33333333333    41879.66666666667
16456.666666666664    24704.333333333332    46061.666666666664    70921.66666666666    72258.66666666666    38343.0
18494.000000000004    23716.333333333336    48892.666666666664    72824.33333333334    69937.33333333333    48762.66666666667
19211.333333333332    26887.333333333336    61710.333333333336    90158.33333333337    73415.00000000001    40881.00000000001
19250.66666666667    34636.33333333334    64355.666666666664    83537.99999999997    78055.66666666667    41050.99999999999
19493.666666666668    31747.999999999993    73895.99999999997    95839.33333333333    74024.33333333333    42654.666666666664
16560.666666666664    20447.333333333336    44291.333333333336    77433.66666666667    72941.66666666667    46545.666666666664
14414.333333333336    23002.66666666667    48369.333333333336    71971.33333333333    80079.0    50523.00000000001
16218.000000000002    22148.0    47401.666666666664    81315.0    84685.00000000001    50181.0
16805.666666666664    23651.666666666664    51166.66666666667    71361.0    77461.33333333333    50419.333333333336
19155.666666666668    25416.000000000004    51348.0    84100.0    74646.66666666667    49541.33333333333
16866.666666666668    22257.66666666667    47571.99999999999    75018.33333333333    78447.66666666666    45496.333333333336
18905.666666666664    22234.999999999996    54061.33333333333    78624.66666666666    76603.33333333333    47993.99999999999
17033.666666666664    23529.333333333332    58654.0    80568.33333333333    78993.66666666667    53235.0
