7623.999999999999    16838.0    33624.666666666664    35645.33333333333    39013.0    29114.0    17104.0    10287.333333333332    9512.333333333332    7628.666666666666    7716.333333333334    6755.333333333334    8762.0    13289.000000000002    15817.333333333334    18392.333333333336    14515.999999999998    11410.333333333332
18396.666666666668    24631.333333333332    45551.33333333333    56208.0    49017.666666666664    35530.333333333336    25799.0    11769.999999999998    10404.666666666666    7051.000000000001    9113.0    6280.333333333333    6346.666666666666    4051.666666666667    4642.0    4661.0    4591.666666666666    5008.666666666667
17560.666666666668    23201.0    38324.666666666664    51410.333333333336    48126.333333333336    37764.66666666667    21891.0    15019.333333333334    9295.0    7320.666666666666    9317.0    5240.666666666667    5366.666666666667    5306.666666666667    4863.999999999999    6084.0    6686.333333333333    4374.666666666666
3083.0    3494.3333333333335    3582.333333333333    4471.666666666667    3970.0    4860.333333333334    5678.0    4211.333333333334    6859.666666666666    6135.666666666666    6219.333333333333    11811.333333333332    17023.0    29114.333333333336    38043.666666666664    39856.00000000001    40111.0    25601.666666666668
4037.666666666666    4198.0    4489.0    6385.666666666667    5155.333333333333    5915.333333333333    4953.333333333333    6819.666666666666    4994.666666666666    8037.999999999999    9274.666666666668    11169.333333333332    22917.333333333336    36083.666666666664    44585.33333333333    47852.666666666664    42254.0    34108.66666666667
3587.6666666666665    3894.666666666667    4301.0    3677.3333333333335    3990.6666666666665    6159.666666666666    6098.000000000001    6957.666666666666    6913.0    6805.666666666666    8684.666666666668    13808.0    22497.0    31617.333333333332    41512.66666666667    41745.0    37090.666666666664    32921.33333333333
25054.0    28244.0    39390.666666666664    38661.333333333336    40665.666666666664    35727.0    33352.666666666664    23958.666666666668    11817.666666666668    10581.999999999998    6674.0    7263.333333333333    5255.333333333333    6264.0    4892.999999999999    4656.666666666667    5060.333333333332    2841.6666666666665
3777.0    3743.666666666667    4231.0    6227.666666666667    4695.333333333333    4640.666666666666    6018.666666666667    6874.333333333333    7106.333333333333    8534.0    12499.333333333334    21427.0    30667.333333333332    36336.333333333336    31633.0    35877.333333333336    31511.333333333332    34107.0
4921.666666666666    6372.333333333334    8369.333333333332    11508.666666666668    12298.000000000002    8138.333333333333    6733.333333333332    5867.0    8271.333333333332    9773.0    12349.0    22077.333333333336    27158.000000000004    29059.0    27983.666666666668    27746.000000000004    24816.333333333332    25333.0
3795.3333333333335    3366.3333333333335    4601.0    3902.333333333333    5179.0    4288.666666666667    5993.333333333334    5623.666666666667    7035.0    11263.666666666666    18479.0    25639.333333333332    27193.0    23092.333333333336    29039.333333333336    33661.33333333333    29460.666666666668    29243.333333333332
5421.333333333334    4604.333333333333    5284.333333333333    4428.333333333333    6067.333333333333    4165.000000000001    5080.333333333333    6942.333333333333    7956.666666666666    15608.333333333334    23484.666666666668    22973.0    20864.666666666664    25922.0    25455.333333333332    29361.333333333332    28108.666666666664    26128.333333333336
21794.333333333332    19750.333333333332    20836.333333333332    26277.0    23189.666666666668    19543.0    17728.666666666668    17955.0    24523.333333333332    19385.333333333332    20431.333333333332    20050.0    9908.0    8516.333333333334    7438.333333333334    5746.666666666667    4145.0    5497.333333333334
5280.0    5326.0    4211.666666666666    6770.666666666666    7820.999999999999    11709.666666666668    13776.000000000002    17537.0    17306.666666666668    17246.0    16983.0    14829.333333333334    15905.333333333334    17247.666666666664    21449.666666666664    26457.000000000004    21136.0    17977.333333333332
3891.666666666667    5681.666666666666    8811.0    10323.333333333332    17674.333333333332    14911.666666666666    18009.666666666664    17018.666666666664    15509.666666666668    13580.0    16049.666666666666    15185.666666666666    16065.0    12784.666666666666    18984.0    23030.666666666664    17515.666666666664    15402.333333333334
6801.333333333334    9221.666666666668    15211.333333333332    18280.0    14932.666666666666    14700.666666666668    16491.0    13889.666666666666    16070.0    12749.333333333334    11813.333333333334    14471.333333333334    11577.666666666668    14553.666666666668    16047.333333333332    21172.666666666664    17750.333333333332    16021.666666666666
14943.0    17208.666666666668    17857.333333333332    13420.0    14616.0    12045.666666666666    14596.0    12473.333333333334    11153.333333333334    12675.999999999998    15601.666666666666    12733.666666666666    9943.333333333334    12721.333333333332    17681.0    15491.0    18931.666666666668    11663.666666666668
11114.333333333332    12988.0    13319.333333333334    11410.333333333334    12669.333333333334    16076.666666666668    12083.666666666668    10872.333333333334    10564.666666666666    10993.666666666668    8759.0    13447.333333333332    9224.0    12129.0    18772.666666666668    16875.333333333336    16812.666666666664    11953.333333333334
4481.666666666666    3347.3333333333335    5830.0    3623.3333333333335    4986.333333333334    4487.666666666667    5881.666666666666    9462.0    11276.0    15443.999999999998    23466.666666666668    17428.666666666668    23587.333333333332    19670.666666666668    26797.333333333332    29683.0    21539.0    21183.333333333332
4049.9999999999995    3746.333333333333    4779.333333333334    4052.666666666667    4026.333333333333    4548.333333333333    7591.000000000001    5316.666666666667    8130.0    11471.999999999998    20690.0    20870.333333333336    27810.000000000004    31690.333333333336    27128.333333333336    27837.0    28597.333333333332    26409.999999999996
3685.333333333334    5289.666666666667    3031.3333333333335    4146.666666666666    4531.333333333334    5109.333333333334    7605.000000000001    5867.666666666667    7329.333333333334    8773.0    12796.333333333334    15412.333333333334    26657.0    35703.0    33754.333333333336    38858.333333333336    35226.66666666667    28850.666666666668
18529.000000000004    29779.666666666664    31514.333333333332    37169.333333333336    34476.33333333333    34644.66666666667    28338.666666666668    18649.333333333332    13111.666666666668    7972.333333333333    6882.666666666667    8129.333333333334    6644.666666666667    6872.333333333333    9219.333333333334    5984.333333333333    7070.333333333333    7275.0
15076.666666666666    31711.666666666668    38401.0    44484.33333333333    43800.66666666667    41418.99999999999    30149.666666666668    18169.666666666668    8580.0    7591.0    5980.333333333334    7243.666666666667    5187.0    4533.333333333334    4667.333333333334    4826.666666666667    4039.666666666667    5025.666666666667
20619.000000000004    29114.333333333332    43853.0    46417.0    43530.333333333336    36431.333333333336    30636.666666666664    17999.666666666668    12055.333333333334    9203.333333333332    7236.666666666666    7536.333333333333    7740.333333333334    6551.999999999999    4194.0    6056.666666666667    3683.333333333333    4796.666666666667
3243.0000000000005    3348.3333333333335    3404.666666666667    5160.999999999999    4303.333333333333    3743.666666666666    5347.333333333333    6422.0    8361.0    5340.333333333333    7649.666666666667    14766.000000000002    20068.666666666668    34882.66666666667    41232.666666666664    44693.0    38978.0    27274.999999999996
3414.0    5069.000000000001    3588.6666666666665    4611.0    3164.0    5411.666666666667    4902.0    5803.666666666666    6104.333333333334    6563.333333333333    7194.999999999999    13233.333333333334    18854.666666666668    29140.0    45508.666666666664    49494.0    44503.66666666667    31798.666666666664
3841.0    4826.0    3962.666666666666    4196.333333333334    4058.3333333333335    4759.666666666666    6199.0    5660.333333333333    5328.666666666667    7695.000000000001    7632.666666666666    10514.666666666666    19450.333333333332    35456.66666666667    49715.333333333336    50030.666666666664    47166.333333333336    31454.999999999996
3350.333333333333    5678.333333333333    4906.333333333333    3358.0    5329.0    5147.333333333333    5560.333333333334    5884.0    5515.333333333333    7456.0    9756.0    9973.333333333334    16442.333333333336    30967.333333333332    47054.666666666664    53995.66666666667    42605.0    27886.333333333332
3625.333333333333    4780.333333333334    4480.333333333333    3791.9999999999995    5060.0    3962.6666666666665    4633.333333333333    4781.0    7048.333333333334    8492.333333333334    9990.333333333334    11952.0    13698.0    34659.666666666664    50025.66666666667    52862.0    48103.33333333333    32261.000000000004
3990.6666666666665    4647.333333333333    4403.666666666666    4144.666666666666    4241.0    4807.0    5371.666666666666    5826.0    6396.333333333334    6272.333333333333    7982.666666666666    8067.999999999999    14347.333333333334    32259.999999999996    47035.666666666664    56608.0    42223.33333333333    27032.999999999996
4235.333333333333    4768.0    4088.333333333333    3413.6666666666665    4286.333333333333    5691.0    4096.0    4506.333333333334    7731.0    6252.666666666667    8116.333333333333    9593.0    14947.999999999998    31959.0    53267.33333333333    56807.333333333336    41684.666666666664    32979.666666666664
5374.0    5842.333333333334    3928.333333333333    4275.333333333333    3880.6666666666665    5120.666666666667    6395.666666666667    5550.0    5313.0    8068.333333333333    11204.666666666666    12480.0    14677.666666666668    33858.666666666664    52893.666666666664    55882.333333333336    50657.00000000001    26611.666666666668
