23685.666666666668    41136.66666666667    66836.0    58008.33333333333    26385.666666666664    19091.333333333332
17939.0    49192.33333333333    64558.666666666664    58218.666666666664    28662.333333333336    17246.333333333336
15391.000000000002    31059.0    62032.666666666664    61208.666666666664    34541.333333333336    17248.333333333332
19312.0    31494.666666666668    58365.0    64028.333333333336    35264.66666666667    16508.666666666668
17708.333333333332    34214.0    60189.66666666667    57429.00000000001    35328.0    19780.0
18787.333333333336    32930.0    54621.333333333336    55989.0    32506.666666666664    16486.000000000004
15057.666666666668    27934.999999999996    60783.33333333333    60982.666666666664    30571.0    18331.666666666668
18711.999999999996    31915.0    61079.666666666664    54223.666666666664    34957.0    17951.666666666668
16339.999999999998    28933.000000000004    56192.0    60098.666666666664    38038.666666666664    19825.333333333332
18683.666666666664    34643.333333333336    52384.66666666667    58071.0    32875.0    18212.66666666666
13716.666666666666    27413.0    51406.99999999999    55887.99999999999    35304.33333333333    20944.66666666667
15705.666666666666    28202.333333333336    40519.333333333336    37774.0    21906.33333333333    16862.0
17221.0    32039.999999999993    60380.0    50042.00000000001    28767.333333333332    17505.0
19948.0    33678.33333333333    50214.666666666664    45906.00000000001    25999.666666666668    21820.333333333336
15159.666666666666    29162.000000000004    46324.0    47959.333333333336    27381.33333333333    19940.33333333334
16958.666666666664    30477.999999999996    45414.33333333333    43673.66666666667    30954.333333333332    15144.666666666668
17677.666666666668    27013.333333333332    40374.333333333336    38915.333333333336    24918.333333333332    15092.333333333334
16336.999999999996    21365.666666666664    32867.0    33922.99999999999    25688.0    14426.000000000002
21961.333333333336    39200.33333333332    61882.0    46503.66666666668    32729.999999999996    23500.666666666668
20752.33333333333    43183.33333333333    59227.99999999999    63692.666666666664    35919.33333333334    20169.66666666666
17941.333333333332    30278.000000000004    53534.0    59822.333333333336    33992.0    21172.666666666668
19360.666666666668    28515.666666666664    64061.99999999999    60022.666666666664    31998.333333333332    19157.666666666664
18705.0    26390.000000000004    57923.0    69983.0    37494.0    20508.333333333336
20143.000000000004    28977.999999999996    62948.33333333333    65631.0    40206.666666666664    18604.999999999996
18586.333333333332    31146.666666666668    58052.666666666664    58369.0    39682.99999999999    19423.666666666664
15803.666666666666    36324.333333333336    62171.333333333336    59245.66666666667    33610.666666666664    17290.0
19403.333333333336    36299.333333333336    59664.0    67668.66666666667    37099.666666666664    17944.333333333332
20808.000000000004    44816.33333333332    68907.66666666667    60899.66666666667    31361.0    18672.333333333336
21584.666666666668    38094.33333333333    63021.66666666667    73024.99999999999    32813.0    21573.66666666666
20711.666666666668    37455.666666666664    65628.66666666667    62683.99999999999    33155.666666666664    16123.666666666666
22836.333333333332    42966.66666666668    65308.99999999999    59885.0    32687.333333333332    23012.666666666664
