10416.0    15325.666666666666    27752.0    36708.99999999999    36681.666666666664    26850.333333333332    20018.666666666668    7585.666666666666    7757.000000000001    7540.666666666666    5895.0    4390.333333333334    4503.333333333333    4974.333333333334    4112.0    5063.0    3902.3333333333335    5666.666666666666
11383.333333333332    17334.666666666668    30868.666666666664    39124.666666666664    38621.0    25973.666666666668    12860.0    9534.333333333334    9083.666666666668    7086.000000000001    4804.0    5812.666666666667    3729.0    4565.0    3256.3333333333335    3946.3333333333335    3240.3333333333335    4593.666666666667
3573.0    3221.333333333333    3430.0    4883.000000000001    4178.333333333334    4383.000000000001    4102.666666666667    3619.0    4604.333333333333    6460.0    6404.333333333333    7984.666666666667    11800.333333333332    20387.333333333332    32482.0    43111.333333333336    33540.33333333333    23316.0
4527.333333333334    2943.3333333333335    4040.6666666666665    3604.6666666666665    5233.000000000001    3539.666666666667    5556.666666666667    4144.0    5301.333333333333    5225.333333333333    6470.0    7912.666666666667    19146.333333333336    26662.333333333332    36324.0    31870.666666666664    29218.0    23253.333333333336
4883.0    3717.3333333333335    4318.333333333333    4320.666666666667    2959.3333333333335    3843.6666666666665    3923.6666666666665    4595.333333333333    5042.0    7564.0    9414.0    8312.666666666666    13180.999999999998    25547.66666666667    33218.66666666667    35764.333333333336    29680.666666666668    24362.666666666664
3867.0    3262.333333333333    3657.0    3188.333333333333    4213.0    2948.0    3638.0    4241.666666666666    5211.0    5465.0    7008.0    10167.0    15717.000000000002    24411.0    31080.333333333332    33150.666666666664    26089.33333333333    24005.666666666668
4188.333333333333    3193.6666666666665    3721.0    4217.000000000001    3462.0    5182.333333333333    3919.0    5705.000000000001    4355.333333333334    5046.0    5839.666666666667    12336.0    15541.666666666666    25073.333333333332    30077.0    28856.333333333336    30688.333333333332    22259.333333333336
5054.333333333333    3795.3333333333335    4336.666666666666    4488.333333333333    6394.666666666666    4238.333333333333    4680.666666666667    7041.333333333333    6136.333333333334    4581.666666666666    6936.333333333334    11580.666666666666    17572.666666666668    26229.333333333336    25088.333333333332    30779.333333333336    26995.0    22909.666666666668
4885.333333333333    4087.3333333333335    3523.666666666667    5192.0    3563.3333333333335    5740.666666666667    5046.0    5011.333333333333    5462.0    6571.333333333333    9612.666666666666    16657.666666666668    19219.000000000004    20031.666666666664    25646.999999999996    28173.999999999996    25333.666666666664    25669.000000000004
3328.6666666666665    3207.9999999999995    3596.6666666666665    4987.666666666667    3349.666666666667    4559.0    4834.0    5317.333333333334    4203.333333333334    7150.666666666666    12599.666666666666    20230.0    19924.666666666668    22372.0    25236.333333333336    25428.333333333336    23805.666666666664    20738.666666666668
4793.0    2798.666666666667    3591.333333333333    5412.666666666667    3603.3333333333335    5388.666666666667    5548.333333333333    6561.333333333333    6826.333333333334    9078.000000000002    16450.333333333336    17847.000000000004    17122.666666666664    16364.666666666666    23332.333333333336    23461.666666666664    22378.333333333332    14115.0
11453.333333333334    14364.0    12084.0    11526.666666666668    11586.666666666666    12113.666666666666    10764.666666666666    10352.999999999998    12560.0    13961.666666666668    8409.0    5512.333333333332    3938.0    4247.333333333333    4690.333333333333    4674.333333333333    5085.666666666666    3645.0
12720.0    11241.666666666668    19284.333333333336    19847.333333333332    18019.333333333332    18664.666666666668    13516.333333333334    10837.333333333332    12987.666666666666    12904.333333333334    12259.333333333334    11258.666666666668    6827.0    6177.666666666666    5442.0    4992.666666666667    4729.0    4246.0
8757.666666666668    9060.0    12304.333333333334    14540.333333333334    14746.333333333334    13619.000000000002    13310.666666666666    10375.0    12175.666666666664    12491.666666666666    10358.0    13370.333333333332    9233.666666666668    11616.666666666666    10180.0    8826.666666666666    6617.333333333333    5983.666666666668
5497.666666666666    5718.666666666667    9168.0    9686.333333333334    8837.000000000002    11596.333333333332    12372.0    12910.666666666666    9531.000000000002    8743.333333333334    9357.999999999998    8924.333333333332    8568.0    9019.333333333334    16754.0    18425.0    11126.666666666666    9690.333333333334
11388.0    9857.666666666668    11287.333333333332    10115.0    7604.666666666666    9449.0    11696.333333333332    7465.666666666666    9741.0    6919.666666666667    10510.0    8156.666666666666    6337.666666666666    7986.000000000001    11976.666666666666    16151.666666666668    14222.0    11758.666666666668
10436.666666666668    10331.666666666666    10473.0    16303.333333333332    14948.000000000002    11703.0    7824.333333333334    5902.333333333333    5882.333333333334    9264.666666666666    8144.333333333334    9199.0    8394.666666666666    7599.000000000001    5911.0    7315.333333333334    7585.0    6773.666666666667
8124.333333333333    10908.666666666666    9625.666666666666    11023.333333333334    14444.666666666666    10705.666666666666    7616.999999999999    4162.0    6298.333333333333    7382.0    6055.333333333333    6717.0    8004.666666666667    6925.333333333334    6864.666666666667    5579.0    5883.0    8286.0
18432.333333333336    16223.666666666666    18608.666666666668    24554.333333333336    19617.666666666664    16703.0    14071.333333333334    18953.0    19666.0    12610.333333333334    10955.000000000002    6205.666666666667    5259.333333333334    5711.333333333332    4581.666666666666    4453.0    4601.666666666666    4570.0
15349.66666666667    21302.666666666664    23010.666666666664    34634.333333333336    26960.666666666664    20064.333333333336    18442.0    17873.000000000004    13177.0    8451.0    6481.0    5407.666666666667    4545.666666666667    5245.333333333333    6364.666666666666    4820.999999999999    5066.0    5748.666666666666
3510.3333333333335    3679.666666666667    4874.666666666666    4645.333333333333    3305.0    4758.666666666666    5402.0    5450.0    4874.666666666666    9008.666666666668    9311.666666666668    14184.000000000002    18618.999999999996    25311.333333333332    26773.333333333332    25190.666666666664    27200.0    20641.333333333336
3527.0    3912.666666666666    4266.666666666666    3008.0    3651.0000000000005    4264.666666666667    4183.333333333333    4181.0    6170.333333333333    6742.666666666667    6899.666666666667    13941.0    17255.333333333332    26550.0    30991.0    30764.333333333332    28632.0    24176.333333333332
4242.0    4101.0    4209.0    2766.6666666666665    3304.0    3538.0    4368.000000000001    6007.0    6532.0    6512.666666666667    7527.666666666666    9890.666666666666    18103.0    25595.666666666668    33138.666666666664    32244.333333333336    29830.666666666664    29092.333333333336
4215.666666666666    3154.3333333333335    4214.333333333333    4005.333333333333    4954.0    3995.0    4392.333333333333    5623.666666666667    5647.666666666667    7460.666666666666    9620.666666666668    11241.999999999998    18293.333333333336    25814.0    34605.666666666664    38396.0    27921.000000000004    22956.333333333332
3453.666666666667    3884.0000000000005    4310.666666666666    3344.333333333333    3688.0    5067.333333333333    3675.3333333333335    3985.666666666667    4804.333333333334    8933.666666666666    7761.666666666666    11013.000000000002    16543.333333333336    23596.333333333336    35433.0    34820.0    30507.333333333332    20439.666666666668
2877.0    4508.666666666667    3312.3333333333335    4594.333333333334    4805.333333333333    4324.666666666667    5065.0    4399.666666666667    5582.000000000001    6827.333333333333    7869.666666666667    8996.333333333334    14840.333333333332    19701.0    33108.66666666667    37568.66666666667    35113.0    20951.666666666668
5616.000000000001    9070.999999999998    13706.666666666666    15536.666666666666    17678.666666666668    14417.999999999998    7592.999999999999    7748.333333333333    6757.666666666666    7014.333333333333    7725.333333333333    7777.0    10383.0    16953.333333333336    22122.333333333332    30101.999999999996    21006.333333333332    16869.666666666668
10553.0    20159.333333333332    33440.333333333336    36812.0    39308.99999999999    25258.666666666668    15111.333333333334    9526.333333333334    8328.666666666668    10015.0    5674.666666666667    5154.333333333333    4802.333333333333    3744.333333333333    4494.333333333333    4841.333333333334    3665.0    4575.0
10559.333333333332    17193.333333333332    33156.666666666664    40169.33333333333    37291.333333333336    26111.333333333336    16394.666666666664    12047.333333333334    8800.333333333332    9144.333333333334    4934.333333333333    4020.333333333333    4304.666666666667    4391.0    4654.666666666667    5465.0    6033.666666666667    5440.666666666666
10651.333333333334    17045.666666666664    31180.0    41114.333333333336    38268.666666666664    21334.33333333333    14763.666666666666    8623.0    8477.0    6450.666666666667    7110.000000000001    5290.666666666666    3875.666666666667    5551.333333333333    4344.666666666667    3578.0    3594.6666666666665    4505.666666666667
9785.666666666666    16898.333333333336    27420.333333333332    44444.0    41332.0    22626.333333333332    14465.333333333332    10556.333333333334    9921.666666666666    9370.333333333332    5951.666666666666    5763.333333333333    5267.666666666666    5214.999999999999    3948.333333333333    4124.0    4207.333333333333    5399.333333333333
