36493    32286    38493    87486    98905    57661    28342    27709
43145    28431    48645    80178    92588    66716    30991    28466
31646    25958    44054    101008    99324    62820    24144    29615
28452    27628    64811    87259    106501    67776    31780    35874
26562    25640    31805    70271    92236    76272    38752    27481
37465    28764    42102    89447    97938    63203    33060    30415
36043    22606    37121    76223    90239    64035    33612    26932
25345    27068    35255    70208    95966    74807    31339    35227
29349    22621    30678    64140    73246    71993    34199    23472
24344    25728    24502    63019    84742    60016    37535    24886
27406    24147    40100    75402    98582    45171    27894    19943
32516    28372    38551    68820    85087    53598    32846    31218
32580    25757    29484    48901    66113    56625    33443    22197
31931    18536    27413    54434    64872    54652    28120    29041
25631    23329    25823    55524    66143    42810    22523    23852
24620    22407    31226    73882    62144    45334    25934    30458
30939    26480    39180    83038    100053    63906    35922    26506
29705    24830    36190    66583    92497    66483    31814    27910
33891    31063    33632    70761    104717    72049    42201    26280
25875    22331    31024    63280    88998    73070    33239    33747
32328    30536    29278    69245    105799    67411    40763    20458
31937    24446    32667    79706    97019    87980    34967    32301
41887    30684    53623    83204    91958    61137    29534    33448
42374    26006    47671    88346    107432    74742    34592    34825
44227    31251    36178    94889    97996    51129    34994    34582
31663    24970    40329    75168    103869    82065    41287    29082
31581    17728    35052    78365    87267    71857    37996    31155
38593    32457    35345    73725    78213    79530    32988    26290
28061    24883    32866    63467    92485    61102    38286    26724
27320    23079    33214    59249    90872    80264    47555    25742
35498    25945    34058    72163    87163    63717    25281    30019
