14324    14643    35641    36721    49409    53343    46047    25255    22989    20121    14843    10854    6755    9054    6276    6001    9472    6288    8325    11014
19583    20320    29282    39233    53592    55066    42433    38211    21597    10815    12927    11152    12596    5752    9118    6099    7309    8337    5672    10066
14034    17289    25952    49378    54732    48215    50653    30344    31832    14897    16274    11509    5269    5580    8186    8568    5720    7358    7696    5083
13839    21554    35652    55123    46944    47223    47682    42043    27220    24650    10251    9152    8511    8611    7474    8084    6191    9369    10308    10200
8167    11442    11291    17340    20465    19537    18878    17360    14521    11743    10202    13169    13581    16962    28634    27511    27803    43399    32446    24568
14226    29128    36575    56148    39782    44681    38840    38754    31985    16192    8924    9065    12375    8562    6035    4043    8386    5403    6630    6660
6792    9229    4552    9517    8640    6822    5223    5514    12357    12335    7886    13245    19882    38433    40319    43640    32045    39273    38260    32847
7770    6850    5412    9328    7597    3720    6489    7801    9280    10996    9734    15367    20847    44331    48692    35060    33383    32805    42401    37352
6357    10503    5887    7853    4269    4557    6694    5801    9500    8220    10862    21575    34464    31142    36615    28631    25703    34031    28175    28859
8543    3377    6062    6877    6723    4706    7105    8733    7559    10312    14995    26816    28362    30426    29569    36089    30570    23653    26119    28176
23145    25762    23643    27271    16225    25797    24526    22893    29523    25776    23721    21408    16152    10729    5913    7272    7126    7919    8467    5377
24170    22351    23978    20944    24820    22095    24501    20300    18839    24767    24761    23188    19746    16039    11496    15939    10149    5993    7583    9349
20121    17281    16983    18274    14746    19975    15207    14159    21446    21307    16743    15566    21260    21408    12331    13784    9955    9485    5820    9249
18258    15325    15939    16368    10347    14108    18853    14259    16647    13486    18192    15620    14912    12575    14934    20669    24576    14652    9613    9666
13091    13795    11615    14918    15482    13105    16188    15342    11796    11603    11388    14448    13460    13293    17133    16670    11475    16207    20434    14192
19002    16723    19638    14478    17279    21138    13801    17725    18950    14573    16629    16761    13539    14441    12437    12957    13597    16580    11868    13889
19719    14918    19531    15208    13710    14140    15072    17009    18206    19839    14596    15415    17968    26537    25824    33923    26829    30504    26850    20226
6653    5752    6306    7524    6129    8490    6349    10936    11807    14535    18696    38000    28203    35316    36358    24859    28945    18940    33043    29171
4166    5141    3205    9596    8365    8195    9106    9398    13040    16140    10888    15594    17240    40825    35666    45889    41777    39475    46371    34517
6867    5214    7230    6994    7637    7351    7419    4784    8670    10335    9906    14648    24502    31860    38817    45744    30340    27648    37780    37818
5521    7546    5989    4140    7363    8589    7428    5512    8392    10409    10083    13697    17405    39805    52673    44881    33495    42580    39964    30346
3756    7932    10599    6462    6120    7004    6988    8267    8630    8681    12724    12494    16516    33778    36350    49572    58261    56093    42565    28231
14784    16380    33257    48779    54733    45303    37450    39748    25712    14630    14850    12479    8828    9051    6714    8313    6730    8552    8278    10904
10863    24031    43258    52030    53844    57569    45210    35358    34004    16983    12302    11023    9933    7900    7373    5513    4570    7348    7054    9822
11206    23385    31722    47479    53538    54803    51085    26144    24495    20193    15219    6512    6970    4547    6087    10038    9330    8850    4860    8783
6228    6724    3934    5589    6110    5960    7201    7607    13063    11263    12860    10903    19311    23667    48806    65022    53661    50409    47517    22598
5986    5010    5240    7774    6255    5219    5933    8388    9286    7299    10156    13756    17381    23712    39117    54287    60473    44695    38942    22092
6643    5055    4635    7567    9665    5674    5741    11306    12109    11868    10864    15267    15607    23000    36113    49053    63049    45261    38160    20504
5974    6318    6349    4344    3709    7768    8219    8914    6244    9483    9208    9666    13543    15088    33704    50726    54445    58496    34962    20714
5436    6504    3547    5775    8037    5384    9156    10704    10006    11090    10877    11325    17669    13607    31165    62556    51604    54697    39040    19116
5574    10408    6286    7170    6856    5012    5912    4515    7133    7885    6765    8616    16124    18546    24432    51900    60744    47901    49405    22660
