18762.666666666668    29655.666666666668    62566.66666666666    89231.33333333336    86295.99999999999    47758.00000000001
16862.666666666668    23661.666666666668    45837.66666666667    77596.33333333333    76258.33333333333    49937.666666666664
18123.666666666664    20298.0    44678.333333333336    81304.66666666667    78242.0    54931.00000000001
15662.000000000002    22526.000000000004    50464.0    77161.66666666666    77999.99999999999    52963.0
16292.666666666668    22861.666666666668    43230.0    73738.66666666667    72630.0    47505.333333333336
16871.0    20763.0    46863.0    69386.0    72569.66666666666    48771.333333333336
19170.666666666668    31504.000000000007    65881.33333333336    95271.66666666669    95283.33333333333    48142.66666666667
18371.0    30683.666666666664    60178.00000000001    96358.66666666666    83762.0    48494.99999999999
19799.333333333332    30252.666666666664    67346.66666666667    96497.33333333333    79174.99999999999    44717.0
19235.666666666668    22751.666666666668    45665.33333333334    75592.66666666667    70527.66666666667    43687.33333333334
13754.999999999998    21995.999999999996    40813.99999999999    63313.66666666666    70064.33333333334    43639.66666666667
16879.666666666668    23904.666666666668    60375.666666666664    82093.33333333333    74233.33333333334    39988.666666666664
18649.333333333332    25350.999999999993    52534.33333333333    83510.66666666669    70451.33333333334    42335.333333333336
8782.666666666666    9407.333333333334    9238.000000000002    8622.666666666668    9565.333333333334    9686.333333333332
10575.666666666668    8320.333333333332    9984.333333333336    8350.333333333332    9152.666666666668    8807.0
10147.333333333334    9147.666666666668    9234.0    8398.333333333334    8252.333333333334    11037.333333333334
21243.666666666668    21834.666666666664    51780.666666666664    70400.66666666667    58820.00000000001    38019.00000000001
14918.999999999998    18873.000000000004    43736.666666666664    66953.66666666666    63627.0    37920.0
16386.333333333332    21569.666666666664    52789.99999999999    80423.66666666667    70845.0    41457.333333333336
15221.333333333332    20209.0    41814.00000000001    68789.66666666667    66858.33333333334    45474.0
15581.999999999998    22786.33333333333    42985.666666666664    72564.0    76678.66666666667    43410.666666666664
17153.666666666664    20915.999999999996    40415.66666666667    84039.00000000001    84576.33333333333    44569.99999999999
19683.999999999996    33279.666666666664    69420.99999999999    93005.66666666666    75446.33333333333    41630.33333333332
19936.000000000004    25953.000000000004    66427.33333333334    93134.66666666669    85803.66666666667    45244.33333333333
21823.333333333332    21718.333333333336    51855.99999999999    76829.66666666666    74724.0    47949.333333333336
15602.0    24890.0    55181.0    75056.0    73913.33333333333    48774.33333333333
17110.0    27317.66666666666    63617.33333333333    80806.66666666666    77729.66666666667    47494.0
18007.0    34220.333333333336    69255.0    85821.00000000003    82972.0    43975.333333333336
16636.333333333332    23878.666666666664    50419.33333333333    77517.66666666666    80493.33333333334    49946.33333333333
18606.333333333332    21850.666666666668    52158.666666666664    82057.33333333334    71923.0    41986.0
19452.0    20445.0    48239.333333333336    69745.33333333334    79418.66666666667    44787.333333333336
