9151.666666666668    15484.999999999998    37660.0    50723.666666666664    55926.0    46498.00000000001    33387.0    18104.666666666668    10297.0    9467.333333333332    7424.0    8908.333333333334    4612.666666666666    5508.333333333334    4614.333333333333    5863.666666666667    5588.0    5050.666666666666
4130.0    3907.0    2786.3333333333335    4610.333333333334    4474.0    4193.0    6736.999999999999    4590.333333333333    5603.333333333334    9628.0    8778.666666666666    8891.333333333334    13325.0    25637.333333333336    40797.333333333336    54441.333333333336    47571.666666666664    40052.333333333336
3544.0    3138.3333333333335    3992.0000000000005    4152.333333333334    5777.333333333333    6981.333333333333    7133.000000000001    4604.666666666666    5927.666666666666    5550.666666666667    8153.333333333334    9293.666666666668    16132.0    30200.0    44705.333333333336    46970.66666666667    49005.333333333336    42316.0
3878.666666666666    5185.000000000001    4900.333333333334    3932.0    4172.0    4824.333333333333    4709.666666666666    5930.333333333333    6064.333333333334    7079.0    9798.0    9848.333333333334    16601.666666666668    30414.000000000004    41407.33333333333    52369.33333333333    50091.66666666667    35570.666666666664
4380.0    3317.3333333333335    5139.666666666667    3203.6666666666665    3405.666666666667    6427.666666666667    5918.0    5718.333333333334    6611.666666666666    6189.333333333333    6368.0    11195.333333333334    16148.999999999998    28153.333333333336    34101.0    45732.0    45342.666666666664    38905.666666666664
3465.666666666667    3717.3333333333335    3776.0    4958.333333333333    5406.333333333333    3934.3333333333335    4805.666666666666    5737.0    7533.666666666667    6017.666666666667    7426.333333333333    10991.333333333332    18833.333333333336    25953.0    38240.666666666664    42986.33333333333    41403.66666666667    40037.333333333336
15360.000000000002    28573.333333333332    31745.66666666666    34715.666666666664    37370.0    38819.99999999999    33281.0    22710.0    19447.333333333332    14165.333333333336    7579.0    7006.999999999999    6702.666666666666    8767.666666666668    9208.666666666668    14674.666666666666    14797.666666666666    10328.0
20166.0    31794.333333333332    36341.333333333336    36891.66666666667    35541.33333333333    35806.33333333333    35937.0    24926.666666666668    18975.666666666668    14595.666666666666    8559.333333333332    7082.000000000001    6640.666666666666    5993.0    4217.333333333333    4262.333333333333    4862.333333333334    5255.333333333333
21257.333333333336    25295.333333333332    36247.0    31287.666666666664    37447.99999999999    33808.333333333336    32849.0    30251.333333333336    22249.333333333336    16053.0    7607.333333333334    7737.666666666666    6328.333333333333    6543.666666666667    6423.333333333334    4967.333333333334    6021.999999999999    5412.0
9141.0    10128.999999999998    13728.666666666666    15209.333333333334    17055.666666666664    18318.333333333332    13243.0    9753.666666666666    12396.666666666666    11888.666666666666    12909.333333333332    16458.666666666664    20315.333333333336    23024.333333333332    17516.333333333332    19087.999999999996    18218.666666666668    19065.666666666668
4806.333333333334    4044.3333333333335    5750.666666666667    3493.9999999999995    2711.6666666666665    5086.0    6425.333333333334    5736.333333333333    8997.0    15037.666666666666    20831.666666666668    21241.666666666668    25270.0    25796.333333333336    23466.0    26333.0    27284.000000000004    21270.666666666664
21668.0    16635.0    19678.666666666668    23256.666666666668    28537.0    25498.000000000004    20331.666666666668    18709.333333333336    19953.999999999996    20865.0    22016.333333333332    19371.0    10850.0    9443.0    5968.0    4913.333333333333    4954.666666666666    4825.666666666667
20508.666666666668    18812.333333333332    19676.999999999996    22806.000000000004    27987.333333333332    24216.0    18380.333333333332    20745.999999999996    16366.0    14975.666666666666    17329.000000000004    17308.333333333332    14525.333333333334    14341.0    10293.999999999998    5418.333333333333    4507.333333333333    4633.333333333334
4111.0    2897.9999999999995    3079.333333333333    3053.0    2839.333333333333    2990.6666666666665    2919.333333333333    3473.0    2992.6666666666665    3011.0    2502.0    2372.6666666666665    3458.6666666666665    3537.666666666667    3192.333333333333    2810.6666666666665    2407.6666666666665    3653.3333333333335
2950.0    2426.6666666666665    2430.333333333333    2415.3333333333335    2623.666666666667    3825.666666666667    3035.3333333333335    3159.6666666666665    3555.333333333333    3795.0000000000005    2877.333333333333    3104.9999999999995    3427.3333333333335    2663.0    3644.6666666666665    2778.9999999999995    3116.3333333333335    3360.6666666666665
3149.6666666666665    2679.666666666667    3898.0    3154.333333333333    2507.6666666666665    2302.3333333333335    3384.666666666667    4601.0    3404.666666666667    3854.3333333333335    3104.6666666666665    2627.3333333333335    3460.333333333333    2445.333333333333    2907.0    2579.333333333333    2899.6666666666665    3257.0
14886.666666666668    12567.666666666666    12967.666666666666    10762.666666666668    13358.0    13359.999999999998    14334.333333333334    14103.333333333332    19120.333333333336    21815.666666666668    23127.666666666668    22737.666666666668    15086.333333333334    12148.333333333332    9777.666666666666    11712.666666666666    9295.333333333334    10936.666666666666
5169.0    4018.6666666666665    6747.333333333333    11567.666666666668    10190.0    8761.333333333332    6570.666666666667    6236.666666666666    10306.0    13406.333333333334    18272.333333333332    25503.0    25399.333333333332    20311.666666666668    14733.666666666666    21092.666666666664    19649.0    18094.0
13137.0    14205.999999999998    10970.666666666666    13980.666666666666    9242.666666666666    11924.333333333334    10933.000000000002    13715.333333333334    12745.666666666666    12657.333333333334    9519.333333333332    17385.333333333336    18660.0    20049.0    26525.666666666668    24717.0    23817.666666666668    19285.333333333332
4131.0    3194.3333333333335    4213.333333333333    5202.0    3478.3333333333335    5093.333333333334    4804.666666666667    4238.333333333333    6307.666666666666    10705.0    8197.333333333334    14448.0    20737.333333333336    29634.999999999996    34594.333333333336    34475.333333333336    32815.666666666664    32095.333333333332
4006.666666666667    4570.666666666666    4352.0    4313.333333333333    4449.0    4748.333333333334    7171.666666666668    5860.666666666667    4741.333333333334    8065.333333333334    9321.333333333332    14247.666666666666    19062.0    34529.0    39099.333333333336    40165.666666666664    32962.0    32341.333333333332
3578.9999999999995    5651.666666666667    3993.3333333333335    5360.666666666667    4378.333333333333    4121.0    5195.333333333334    6820.333333333334    6034.999999999999    7611.333333333333    7581.000000000001    11760.666666666666    21320.333333333336    38734.33333333333    44059.333333333336    44500.666666666664    33670.0    37298.33333333333
11473.333333333334    26600.999999999996    39783.66666666667    45705.666666666664    42214.33333333333    43873.666666666664    33588.33333333333    23747.666666666664    13141.666666666668    9192.0    7149.333333333334    6739.666666666667    6514.333333333332    5058.333333333334    4715.333333333334    4467.666666666667    4617.666666666667    3883.333333333333
12470.333333333334    22244.0    37410.0    45193.333333333336    48556.33333333333    45984.333333333336    33333.33333333333    19649.0    12803.333333333334    9128.666666666668    9232.0    8597.0    5289.666666666667    6635.000000000001    6511.666666666667    3749.9999999999995    4587.666666666666    5123.333333333334
4041.3333333333335    3811.0    5115.333333333333    4101.666666666667    5818.0    5059.333333333333    4883.333333333334    6786.666666666666    5709.0    9441.666666666666    8128.666666666667    7949.666666666667    16967.666666666668    28806.0    41969.0    50419.0    43175.333333333336    42718.0
4279.666666666667    3646.666666666667    4720.666666666666    5639.333333333333    4051.0    3634.0    3929.3333333333335    5178.0    6796.999999999999    5447.666666666667    8930.666666666666    9491.666666666668    16742.333333333332    26557.333333333332    41388.66666666667    55807.666666666664    49874.0    37301.0
8234.333333333334    14249.333333333332    18457.999999999996    32875.0    28640.666666666668    26900.333333333336    26850.999999999996    9776.666666666666    9645.333333333332    9033.0    9305.666666666666    7270.999999999999    9214.666666666666    11551.0    21564.666666666668    26904.666666666668    26524.333333333336    17075.666666666664
12321.666666666666    17584.0    35330.66666666667    53721.33333333333    55596.0    47071.333333333336    34051.666666666664    14130.0    9978.0    10487.333333333332    8552.666666666668    6576.666666666667    6131.666666666667    5042.333333333334    5045.333333333333    5016.0    4309.666666666667    3304.333333333333
4225.333333333334    4137.333333333334    3643.3333333333335    3928.333333333333    4313.0    6110.333333333334    4672.0    4451.0    6038.0    6644.0    9325.333333333334    9422.333333333332    15275.666666666666    23288.333333333332    44136.333333333336    58679.66666666667    49078.99999999999    41522.333333333336
3239.3333333333335    3315.6666666666665    4797.0    5952.666666666668    5415.0    3512.6666666666665    5765.666666666666    5461.666666666666    6548.333333333333    6394.333333333333    9330.0    10563.0    12599.333333333334    20440.000000000004    46045.0    53588.666666666664    50433.0    35180.666666666664
3468.6666666666665    3513.333333333333    4446.333333333334    4513.0    3372.6666666666665    4401.666666666667    4861.666666666666    5015.0    5827.666666666667    8998.666666666668    8043.666666666665    12079.0    12662.333333333334    21952.666666666668    40608.0    55463.33333333333    48850.333333333336    34009.66666666667
