34168    56929    86983    91471    55322    27086
24960    51476    80588    92386    46178    25199
26890    51203    88547    94209    50495    19502
23258    34560    62859    98051    68527    29104
26892    45015    72124    86141    62607    21947
25308    48463    88286    105272    46912    29202
23657    41073    72883    84826    44517    24624
22903    29791    78471    106697    59402    30787
19227    37266    71240    85648    52048    29090
24937    42367    72353    87618    44039    26337
25372    33739    61485    67899    39979    31421
25128    35237    50510    73436    36300    23843
20408    27127    59793    63867    33813    21927
22203    29546    56379    63662    42569    28678
21820    21453    47966    51092    39255    20397
19708    25726    41685    55849    35511    22268
21501    39568    63747    79117    53508    27650
24830    32767    66983    66555    51572    35645
20687    33260    60895    90042    61845    32224
24855    33414    62132    92819    56004    26234
24074    40707    82338    90626    74168    31693
24991    33339    72098    95310    73868    26214
23523    33297    70808    90178    74517    30237
23248    38150    74252    101362    70389    24922
15320    39620    81603    81264    63102    32637
26908    44589    94569    77696    62085    25985
25122    44953    80503    94899    51916    26117
25412    38501    94127    88873    56544    28004
29084    38655    89966    88052    54964    19624
33322    51906    69142    94043    56752    22529
25601    46797    84551    82556    44894    24629
