21234    38375    55957    53192    42222    31199    19041    12870    12784    7112    8627    8114    11760    5010    4197    6405    4433    9427
24161    38984    42041    51091    38318    31563    24230    15880    14171    5512    3586    2801    5330    5114    4751    5671    4259    3324
22982    34564    46301    51005    42807    33156    22135    12507    7981    9186    7855    6101    3696    6485    4866    6264    8055    4900
4689    3457    4654    4923    8965    4320    5757    7079    4913    7517    9779    19292    24765    42678    48659    33160    48987    32765
28136    34107    43492    42179    32288    33568    17576    11511    12262    10900    7253    5362    6099    6149    5072    4884    7028    6860
31278    41979    38625    33841    40681    40363    24362    18433    12190    9917    6826    7590    5035    5870    6351    5657    7756    6689
32915    37916    27440    30560    31606    26844    20329    15712    14077    11021    6759    7042    4618    3580    3852    6216    6081    5012
4638    5742    3906    5715    6877    4530    7525    6172    11928    8070    22347    37246    43299    32280    26395    36200    33453    31728
31928    28290    30770    23451    27606    27775    37210    26647    11269    9416    7045    7759    3269    3536    5923    5130    2655    4840
24683    25784    21930    25742    22963    24399    28128    24377    29058    13549    9876    7369    9457    3808    5993    7146    6087    7302
18488    13828    21251    24059    17927    17402    19272    16889    26486    17922    15654    9223    6262    7863    7126    10095    2939    7209
21717    19367    15315    15895    12184    20049    14022    13138    15931    15256    21439    19479    7272    5377    7595    5613    8596    6209
15961    17037    11336    12724    16918    13907    9820    11563    7257    11068    17648    20215    18100    17958    5745    5700    7934    6044
17079    8461    10339    10482    11086    13077    17168    16122    13410    18277    17834    11998    18009    15328    18306    10684    7935    7442
11033    6218    7471    10024    14358    9994    10243    12230    12496    10688    12101    10239    9355    12776    13161    12879    14163    12554
7845    11256    9108    7675    10308    9237    9050    8166    7802    8425    13129    15010    14661    12953    10844    13032    18199    14047
18217    17904    25368    21567    26540    14842    21316    25655    17692    16544    11065    12810    9600    8388    10167    7417    10787    9212
4164    5335    6652    6546    5066    6993    8883    8292    13242    19543    24421    26329    24796    22905    22997    25125    27221    19842
4578    2695    5899    3439    6022    3406    3615    9418    6999    8027    17206    32135    29686    26809    25310    29744    43006    40959
4573    2024    4647    4919    3813    5643    6247    7328    7293    8506    14185    33772    27875    34567    29649    36206    29205    35006
4011    2930    4341    6066    5304    5626    8711    7390    10340    11601    13433    26531    39300    42644    44576    32423    45935    32444
2748    3210    4708    5022    4892    8271    7436    8775    4586    6219    7768    22287    29753    45815    42426    52248    42246    27410
2315    4000    5388    4105    6276    7802    6161    8257    7434    9492    11374    16603    35882    45654    46691    40473    30928    33725
2447    3924    4810    6730    5339    4249    8129    7373    9872    12914    8523    16026    31010    45330    43975    45801    41544    34327
5443    4598    4758    4475    5164    3876    7396    7949    6073    7580    9914    14525    23175    57479    51313    45269    35211    19348
16111    31880    53260    54533    45682    35373    20675    9433    12709    9833    8002    4529    5459    4504    3035    3280    7216    6318
19856    32026    48246    51600    41169    28330    15540    14221    13057    11792    8745    4390    6870    4490    4657    10827    3437    4257
18610    38775    51262    51372    44198    40107    22948    6556    10186    7746    6315    7533    4891    2979    6153    3784    3528    4518
30434    30363    39415    49969    49482    22934    17334    15497    8021    10577    7500    6808    6457    3304    4206    6571    4151    7322
11886    25625    47022    57696    45578    30734    18768    14032    14361    9336    6232    7757    4186    7560    7989    4767    7659    6506
15586    29927    53261    54291    46425    19456    18775    7530    8204    10580    5098    4148    5336    4877    5057    8990    6428    5059
