15392    22109    47622    71194    54077    20085
13935    23595    56752    64940    47697    27560
13743    23272    51037    57939    39311    29591
16016    31445    50870    54953    40252    20536
19734    25482    53313    62596    27672    30000
14054    27373    40225    38408    32742    18469
14275    28047    30156    36869    25877    19371
19052    22663    27482    42875    25505    20155
14323    27381    35908    29672    28937    18635
10285    16409    25027    27983    24951    12648
8920    17534    25456    22243    27185    14278
15160    30052    45040    49982    45416    19129
10313    28693    51501    69426    39283    24230
15846    28718    37442    57612    33330    17981
14645    28764    54038    57958    38056    17089
20487    45267    68696    59474    35725    15041
17053    30023    53370    79750    41587    15906
21473    28666    59406    68191    51805    20040
11840    36504    63651    66730    41117    21164
16047    24647    67182    75472    37825    20679
17198    32977    62364    83583    50696    22381
