2978    5489    4234    4067    7214    8546    7166    13934    16261    17334    22006    25626    21225    28807    22322    23270
11498    5141    5515    3930    4914    5513    8406    17890    22467    27563    20064    24310    16670    24973    19634    15991
9397    3572    6174    6052    9111    10161    20152    14827    19997    16203    18278    12424    15891    17722    15729    19203
5090    5945    3271    4605    6607    10595    22296    22330    22549    16534    13781    14357    14576    15606    19004    16926
5845    5810    5209    10369    16283    13378    24578    24709    16158    17222    15382    14436    12975    12243    13335    10865
9951    13226    9798    7550    11334    9028    12594    9375    14270    12494    12450    10317    14793    11189    7611    5291
11565    13175    6564    6824    8191    7099    9575    8327    7492    11668    9508    8518    13055    11433    11663    9938
9643    13670    8995    6525    11235    8186    8980    9611    6442    8350    9559    9365    6514    13486    14640    12531
11104    12972    11988    9903    9211    6676    9387    7275    9575    11519    10495    10090    6093    6987    9351    12230
8273    11095    5834    7520    5762    10374    4902    7049    8466    7121    6903    5983    7745    6968    5917    7391
9876    7328    11836    6901    7891    9593    8943    6481    5098    7584    5792    5100    6106    4014    7735    5338
11728    8137    8626    7915    9618    12804    16800    12754    19873    14645    14750    12567    12494    16220    13502    12346
4248    3775    5323    11922    11833    15927    14614    29187    17637    15817    19632    17784    16114    14961    10069    14603
15202    12753    10910    17506    11750    17097    16299    15235    19962    12129    14051    7838    5078    5323    3810    5986
15995    17341    28561    14900    14636    12339    20041    20323    17960    13311    6555    4317    5485    5780    7649    5357
29431    20216    23197    20087    23054    17727    18664    29061    14166    13996    7896    3842    6094    7009    5752    4498
22780    24867    22525    25072    25916    35129    15394    19186    9060    8385    4711    4294    5866    5369    5817    3318
26699    31166    23817    26228    25548    25291    23679    12318    7920    11078    8355    6096    4397    4828    6762    5399
31919    27418    27315    25155    29021    25736    16523    15779    4958    7200    8421    4229    5542    4836    3514    3440
30339    30998    27214    31537    27644    21426    12638    8732    9154    11867    7035    4256    6067    4869    3566    4510
38087    45689    30523    30913    29080    21310    17320    12321    6335    7249    6132    3747    7268    3346    3567    6312
