12589    20202    54433    59970    46420    18670
13996    22869    41748    62711    43487    30356
13525    26728    37291    53149    47554    31420
17801    17586    38082    54454    42704    29434
17115    19010    38839    60066    46390    18102
14923    22369    42869    51574    40869    18964
14317    20453    38663    57983    45734    16840
14707    20288    35633    44971    40293    20612
14241    19944    27080    56307    30726    22899
13819    13742    26243    31628    20236    14963
16762    26395    40009    41294    31917    22640
18606    21329    34009    50239    34559    23680
13715    18536    48687    66078    44821    23460
14925    20556    38887    40623    36190    16977
20558    20578    40309    57628    35233    21276
12439    30038    49090    63766    35825    13468
9838    27470    50211    53198    33631    25592
15583    31022    51951    57782    44828    18613
22383    23238    62230    66314    39015    26763
14458    24339    52193    59374    49006    28077
16237    35423    58382    67403    37373    18922
