5412    3227    3949    4826    6243    4852    10045    9565    12952    30430    20866    17767    19433    15513    24481    22723
4331    4910    5935    4732    6356    12324    21553    19854    18601    19438    21490    14985    15292    15137    14266    15963
4006    5154    4948    4636    3857    11086    11058    12343    20488    23282    25199    12620    10797    16441    16906    26846
4276    4312    7439    4394    14365    12463    18184    19257    26010    14263    13822    11420    12469    12255    14166    10966
7140    6368    6695    9769    15735    23424    19085    14761    14853    14023    9651    11545    12249    10945    11829    11450
3006    6217    15444    10901    16572    21512    12419    15236    15843    20148    9202    6614    11891    12971    8117    5475
12359    12116    14592    16020    18760    9777    17893    6333    11969    14270    10892    13276    11038    8700    7110    8885
11797    19256    10875    14351    12879    11662    9311    9333    13830    12646    11114    7712    7282    10301    7171    6984
14598    10274    14997    16304    13404    10554    10014    7738    7958    12200    7361    8977    7776    10191    14267    4584
7927    7849    9611    6314    8822    4902    5773    6473    10065    7015    7691    4776    8922    7682    9533    7276
10536    11836    14439    8356    10797    18010    19285    11513    14252    11297    10604    8469    9252    9385    5790    5196
15898    10304    14186    11261    10981    14673    19690    15613    10301    7950    11861    10176    6917    9242    7368    6001
7422    6103    6781    10915    10424    9419    11451    24618    18316    20787    17182    10723    10384    15913    18568    16291
13892    13350    16005    14478    12305    12407    13127    9484    15840    10925    10408    5719    8869    2892    3619    4838
14266    17582    13588    15785    13621    17041    16957    19579    23116    9464    6904    8162    6445    4621    4319    4132
25884    15274    18511    17181    22549    21878    23384    13635    9381    7980    3673    6301    3862    9554    3001    2578
19728    19733    19170    19213    20118    27436    21154    8233    7365    6367    5192    9125    4731    4478    4306    3591
29968    24383    29677    13933    22009    22933    15040    13175    7582    5792    6904    5362    8393    6015    3690    4923
20465    32722    28510    23425    26548    26342    12889    10883    12238    7472    9841    6970    5562    6157    5233    4686
24744    30183    21061    30763    25489    28257    15379    9062    4935    7215    6048    4669    4527    3190    4251    7674
35628    34731    24949    24584    23336    27793    11486    6301    7132    6175    6941    3688    6698    3850    6784    3664
