20135.666666666664    31844.000000000004    57693.0    59431.333333333336    35206.333333333336    18983.0
18717.666666666668    35841.66666666667    60240.333333333336    63668.33333333334    28749.333333333332    19560.0
18517.333333333332    31643.666666666668    63214.0    64835.333333333336    35371.33333333333    15884.666666666668
17555.666666666668    31651.666666666664    60007.66666666666    60326.33333333333    39716.666666666664    19642.0
23093.333333333336    43419.33333333334    66214.0    58802.66666666667    27021.333333333336    14729.666666666668
22728.666666666668    47446.999999999985    62442.00000000001    62351.66666666667    28255.333333333332    19467.0
20850.999999999996    43592.666666666664    69549.66666666666    59814.00000000001    29481.666666666664    20283.333333333332
20207.0    41887.00000000001    76585.33333333336    61578.333333333336    27339.333333333332    20757.333333333336
23592.0    45413.0    67029.66666666667    57943.66666666668    26231.33333333334    19562.333333333332
18633.333333333332    41344.66666666667    70471.0    57619.00000000001    30579.333333333332    17092.333333333336
20591.333333333332    40775.33333333334    61108.99999999999    62247.666666666664    28147.66666666667    17521.666666666668
19823.666666666668    35660.333333333336    55911.666666666664    51353.0    27388.333333333332    16784.333333333336
15837.000000000002    33974.666666666664    53072.666666666664    57217.99999999999    24900.666666666668    19456.999999999996
17834.999999999996    33197.333333333336    49207.0    48107.66666666667    29625.666666666668    18225.0
16475.333333333336    28330.0    53590.0    46610.666666666664    31494.0    17050.333333333332
18387.333333333336    29041.33333333334    51574.0    45936.666666666664    24085.666666666664    16980.333333333336
23135.999999999996    34811.66666666666    45129.0    47491.99999999999    24165.0    17290.666666666664
17398.333333333332    35306.666666666664    41609.66666666667    48594.666666666664    30811.333333333332    17960.666666666664
14618.333333333332    30064.000000000004    53367.0    57605.33333333333    37877.33333333333    17134.333333333336
21976.0    37826.33333333333    62640.66666666667    62193.33333333334    27523.66666666667    19143.0
22333.666666666668    42100.333333333336    70197.0    55590.00000000001    29092.000000000004    19475.666666666664
21563.333333333332    39202.33333333333    71043.66666666666    62461.666666666664    26102.333333333336    16021.666666666666
23769.33333333334    45686.00000000001    76324.99999999999    63156.33333333333    29421.000000000004    21147.333333333332
20454.666666666664    32948.66666666667    61720.66666666667    61086.33333333333    39470.0    19413.0
18682.333333333332    29965.0    59403.333333333336    56548.333333333336    39534.0    20004.333333333332
15396.666666666664    36398.0    64511.0    61336.333333333336    38929.0    18562.666666666668
17389.666666666668    33599.333333333336    55709.66666666667    67697.0    36041.0    21332.666666666664
15373.333333333336    32717.666666666664    65311.666666666664    61795.66666666667    38548.00000000001    17367.666666666664
17467.666666666668    31363.33333333334    63657.33333333333    63800.66666666667    35700.0    16827.0
23993.0    45319.33333333333    64799.33333333333    52489.000000000015    25429.66666666667    17707.333333333332
21981.66666666667    38687.0    59976.33333333334    60800.666666666664    31941.33333333333    17639.333333333332
