10143    21537    33942    33279
11860    32656    30677    30819
14708    23909    38710    28449
16988    26643    39169    26138
13570    24147    32702    28705
10581    26284    35043    28376
17116    26429    36037    27683
8697    25453    31879    28148
11221    27852    36274    27887
12662    22342    25927    31609
7874    20623    27801    26580
9235    19668    29185    21740
13434    20689    27294    23298
8909    22948    29034    28565
9118    14186    20125    22207
12270    15546    26096    18982
11311    12510    13231    15192
10589    20269    31641    30941
11796    18223    24365    21256
9428    19098    22227    30990
10731    19253    28527    21311
7263    19267    29895    24048
10818    9134    14353    12982
16515    31450    38794    31934
11689    19216    27521    29974
13516    15629    36137    33280
