14586    24149    17972    12720    5911    4063    4534    2186    1813    1833    3613    1300    2291    1930
19110    17252    11353    19878    9245    9204    2759    3101    3929    2111    2209    2589    1699    1573
16391    15194    17511    11943    8258    10601    4270    4232    2844    4296    2093    2650    2066    3427
15857    13977    15469    13540    10304    9971    6054    2755    6659    2574    2793    4235    2753    1997
15055    5035    11574    17376    15955    8046    6219    3993    3963    2247    2370    3644    2251    1396
11988    12688    8676    11914    16505    12091    5474    4839    2089    1817    3582    4660    1683    2278
13069    11157    9435    13381    12366    15800    11277    5747    3271    3532    1274    2333    2940    1683
12097    9769    8934    10322    10814    10325    10042    6844    3455    2682    1708    2810    2585    1790
12157    14586    11267    8349    11991    11037    7227    7002    6418    3148    2140    3722    1993    2197
7418    6063    12785    6624    8747    9289    12936    6718    8023    4352    3195    1665    3099    1626
6874    4917    6460    7731    7429    3824    9767    9452    5552    7966    5262    3059    2273    2312
3245    2522    2308    3880    4694    6133    8977    6916    6561    8490    11260    7173    3073    4596
3122    4231    3241    6286    8431    7591    5948    6959    7531    5279    5546    5833    8043    6674
6424    7247    6677    7719    4724    6462    5609    5969    5556    6447    7534    8300    5100    5688
3968    6412    1962    3812    4467    5162    5282    4419    3058    4855    3317    6575    4930    7417
4248    3030    9751    9157    6027    3675    4440    2861    5827    4658    4590    4615    2832    7183
3209    3297    2639    5719    3240    3448    4248    3866    4018    3719    3172    5326    3788    2555
5457    6568    5685    6024    6243    10341    10513    5477    7959    7598    6578    6711    5335    2951
2416    2906    7670    9429    4807    7193    6576    5252    5998    5590    4913    5851    3012    4027
4266    3824    7782    9015    8887    4965    3488    7252    5495    4925    7537    6860    3858    3589
6991    4955    7438    7989    8497    6436    7132    5302    4950    5170    6495    3244    2940    2283
2260    1835    4804    5392    3755    2691    7139    9878    9124    7313    8516    5763    6386    5617
3736    3864    4101    4454    2242    3545    6938    4816    1760    2106    2884    2337    2880    1624
2655    3243    4224    3757    8771    10776    20415    22820    13144    10390    5429    5568    3687    3814
1898    1931    1729    2484    3638    3181    2230    4823    10032    14537    9674    9508    13254    9481
2068    6541    1390    4011    2604    3244    2200    6315    7608    11755    8833    15114    9988    16891
