33267.99999999999    58149.333333333336    59709.0    37232.0
33070.33333333333    52017.33333333334    54219.66666666666    36214.0
40169.33333333333    53726.66666666667    60636.33333333332    38416.666666666664
36455.66666666667    58576.0    51654.33333333334    37188.666666666664
42607.66666666667    61257.66666666667    51365.99999999999    36431.0
35947.33333333333    54832.0    56915.33333333334    31997.333333333332
26579.333333333336    49336.99999999999    53741.33333333334    42882.666666666664
26016.0    53286.66666666667    54963.333333333336    34241.333333333336
21183.0    47490.66666666667    45799.99999999999    35937.99999999999
24058.666666666668    47517.333333333336    51651.333333333336    33618.666666666664
38387.99999999999    52298.66666666667    47462.333333333336    30821.33333333334
27914.333333333332    54783.66666666666    45802.666666666664    32371.666666666664
25258.333333333336    52454.33333333332    51475.333333333336    34740.66666666667
32017.333333333336    43818.333333333336    51583.66666666666    29007.999999999996
33389.333333333336    42820.666666666664    42229.33333333333    29124.666666666675
26572.666666666668    38965.666666666664    45264.0    29665.999999999996
27637.000000000004    38923.333333333336    46567.666666666664    35344.666666666664
22557.333333333336    49203.33333333333    50018.66666666667    38587.66666666666
25719.666666666664    36822.333333333336    45661.666666666664    40698.0
24060.0    41553.0    51450.66666666667    40393.0
23083.666666666668    42851.666666666664    57094.66666666666    36903.0
27169.333333333332    48624.0    57106.66666666667    33807.33333333333
31899.333333333332    58212.66666666667    56998.66666666668    42091.0
27530.333333333332    52854.0    59565.333333333336    47306.33333333334
33558.66666666667    61221.66666666667    56977.666666666664    39410.66666666667
38965.33333333333    64162.99999999999    52732.00000000001    31560.333333333325
33475.0    63047.333333333336    61419.66666666666    32486.333333333336
37963.0    61316.666666666664    64580.00000000001    37222.66666666666
40461.33333333333    63575.99999999999    57284.33333333334    34614.99999999999
44477.33333333333    63213.99999999999    64623.66666666667    35740.66666666667
33071.33333333333    52648.66666666668    62860.000000000015    43612.66666666667
