18416.0    32079.666666666664    43565.333333333336    30471.0    16861.333333333332    8392.333333333334    5363.333333333333    4294.0    5567.0    3909.3333333333335    4397.333333333334    3202.3333333333335    4857.666666666667    1889.3333333333333    2341.6666666666665    2750.6666666666665
18642.666666666664    29732.666666666664    33454.333333333336    28628.0    20471.666666666668    10477.666666666666    6356.999999999999    3732.666666666667    3104.3333333333335    3364.666666666666    3393.9999999999995    3015.333333333333    3499.0    2908.0    2225.3333333333335    2514.0
18874.0    28503.999999999996    43043.33333333333    29229.0    23140.0    11519.333333333334    7891.0    4055.0    4168.333333333333    3795.6666666666665    3289.0    2773.0000000000005    3317.6666666666665    2650.0    2696.0    4003.666666666666
16734.666666666668    33248.666666666664    34299.0    31490.666666666668    19520.999999999996    10103.333333333334    4906.0    4881.0    4361.333333333333    4374.333333333333    4067.3333333333326    3000.333333333333    2562.0    3153.9999999999995    3171.0    4000.0
16458.0    27876.333333333332    38279.66666666667    38673.333333333336    22007.0    12166.666666666666    5880.0    4980.666666666667    4331.666666666667    3306.3333333333335    3942.333333333333    3679.9999999999995    3070.3333333333335    2504.0    2644.3333333333335    1861.6666666666665
19035.666666666668    26201.666666666664    35286.666666666664    29373.666666666668    21266.666666666664    10757.333333333332    6883.999999999999    4589.0    4312.0    4361.333333333333    3129.0    2317.6666666666665    4494.0    2877.3333333333335    1937.6666666666665    2868.3333333333335
7775.999999999999    12587.0    17831.0    9031.0    6203.333333333334    6478.666666666667    2545.3333333333335    4246.0    5182.333333333333    6117.333333333333    8929.333333333334    14331.333333333332    15195.333333333332    20412.0    16371.0    19303.333333333332
2563.666666666667    3263.0    3079.6666666666665    2812.0    2090.3333333333335    2764.666666666667    3980.0    2511.0    4497.666666666667    7522.333333333334    15381.666666666666    20916.666666666664    22649.0    25040.666666666668    28535.333333333332    20899.666666666668
2054.333333333333    2443.333333333333    2296.333333333333    2066.3333333333335    3173.333333333333    3266.3333333333335    3092.0    3332.333333333334    5913.333333333333    9457.666666666666    10628.0    13977.333333333336    18749.0    23291.333333333336    25208.666666666664    21462.0
1584.3333333333333    2245.666666666667    2947.3333333333335    2023.0    3142.3333333333335    4230.0    3377.0    4660.333333333333    7904.666666666666    12382.333333333334    11179.999999999998    14534.666666666668    19906.333333333332    21771.333333333332    23751.666666666664    21205.0
14737.333333333334    22413.333333333332    30234.333333333332    20671.0    13407.0    10513.666666666666    12469.333333333334    11182.333333333332    8447.666666666666    5818.666666666667    3478.0    2577.6666666666665    4118.666666666667    3419.333333333334    2337.333333333333    3144.6666666666665
13278.0    21258.0    21303.333333333332    17338.0    13868.333333333332    10378.666666666666    10232.333333333334    12078.666666666666    11048.0    8150.333333333332    6121.333333333333    4855.666666666667    3219.9999999999995    2812.0    2687.6666666666665    2242.0
14860.333333333332    20428.0    18413.666666666668    13052.666666666668    11044.333333333334    7721.666666666667    9373.333333333334    8970.666666666666    10440.666666666668    14250.666666666666    11639.333333333334    9018.0    5503.666666666666    3382.333333333333    2754.0    3075.333333333333
12318.666666666666    18614.666666666668    21347.0    20076.999999999996    10639.0    5071.0    8188.666666666666    6922.000000000001    5838.666666666667    10473.333333333334    8345.333333333334    6393.0    8360.333333333332    5491.999999999999    5123.0    3223.6666666666665
8483.333333333332    16460.666666666664    18714.333333333336    16332.666666666666    12895.333333333334    8103.666666666666    5728.333333333333    8676.0    7434.000000000001    10867.666666666666    6032.0    5559.333333333333    5275.0    5334.333333333333    5977.333333333333    5690.0
7414.333333333333    9127.0    15734.0    15446.666666666668    10489.333333333334    6109.666666666667    4286.0    5724.666666666667    6431.0    5199.333333333333    5013.0    5512.0    10479.666666666668    11255.666666666668    10187.0    12059.0
4505.333333333334    3082.3333333333335    4350.666666666667    3749.3333333333335    6162.0    6693.666666666667    6346.333333333333    5607.333333333334    7365.666666666667    8918.0    8537.666666666666    12567.666666666666    15202.333333333332    19777.666666666668    22824.666666666668    12781.999999999998
7326.666666666668    11757.0    18110.0    12566.333333333334    10013.666666666666    4024.0    6213.000000000001    10159.0    11275.333333333334    14296.0    8289.666666666666    9451.333333333334    7862.999999999999    12809.666666666666    6996.000000000001    9216.333333333334
3296.333333333333    2290.333333333333    2487.0    1875.3333333333333    2673.3333333333335    3168.666666666667    2870.0    5891.666666666667    7434.666666666667    11899.333333333332    11969.0    11709.666666666666    18347.333333333332    20904.0    24088.666666666668    17996.333333333332
1831.6666666666667    2133.0    1885.3333333333335    2546.666666666667    2612.666666666667    3089.0    2536.3333333333335    3418.3333333333335    4448.666666666667    7177.0    13409.999999999998    15778.666666666668    22024.333333333336    28265.333333333332    26290.0    20009.666666666668
1849.0000000000002    2157.666666666667    2879.6666666666665    1534.3333333333333    2816.0    3259.6666666666665    2736.0    3950.666666666667    4692.0    7103.333333333334    9880.666666666666    16112.0    23332.666666666664    29068.999999999996    23712.333333333332    24847.999999999996
1705.6666666666667    2302.3333333333335    2020.6666666666665    2271.3333333333335    2788.0    2539.0    2378.3333333333335    2435.333333333333    4517.666666666667    5588.666666666666    8239.0    16298.666666666666    25845.333333333332    29355.666666666668    31522.666666666664    26899.0
14520.333333333334    18309.333333333336    17810.666666666664    16461.666666666668    14796.0    9495.0    7135.333333333334    7651.666666666668    4770.0    4045.6666666666665    5079.333333333333    9680.0    14422.333333333332    15934.666666666666    17146.333333333332    11943.333333333334
10626.0    14669.333333333334    15844.333333333332    18135.666666666668    13273.666666666666    10047.999999999998    3673.9999999999995    5059.666666666667    5887.0    3783.6666666666665    6562.666666666668    8398.666666666666    15748.333333333334    20975.666666666668    21323.333333333332    13246.0
20665.0    28354.0    36015.66666666667    33810.33333333333    18642.666666666668    15125.666666666668    6750.333333333333    3403.0    4149.0    3329.0    4377.333333333333    4045.9999999999995    3958.333333333333    3256.3333333333335    3010.6666666666665    2275.3333333333335
22785.0    29572.0    33614.333333333336    31307.666666666668    22663.666666666664    11223.666666666668    5215.0    4599.0    4454.666666666667    4966.0    3817.3333333333335    2520.666666666667    3090.0    2271.666666666667    2484.3333333333335    2835.666666666667
22860.333333333336    31962.000000000004    37989.666666666664    30566.333333333332    21595.666666666668    10250.666666666666    5223.0    5209.333333333333    3924.3333333333335    2770.3333333333335    3024.0    2248.3333333333335    3753.666666666667    2807.0    2419.0    3824.666666666667
18594.333333333332    35171.666666666664    46397.666666666664    31208.666666666668    23459.666666666668    11671.666666666668    5281.0    4438.0    3728.666666666667    3687.0    4313.0    3039.0    2971.0    2351.333333333333    2855.3333333333335    1914.3333333333333
23209.333333333332    37078.333333333336    36087.0    34129.33333333333    20738.333333333332    7483.666666666667    5884.666666666667    6166.666666666666    4807.0    3560.333333333333    2733.3333333333335    3790.3333333333335    2298.3333333333335    3071.333333333333    2279.333333333333    2619.333333333333
19411.666666666668    33682.0    43990.0    33661.666666666664    24194.0    9326.0    7656.333333333333    6757.666666666666    4985.333333333333    6480.999999999999    3537.6666666666665    2793.0    2654.0    3164.3333333333335    2637.3333333333335    3123.666666666667
15921.0    28365.333333333332    32352.666666666668    28565.0    19431.333333333336    8069.666666666666    4025.0    5072.333333333333    3957.0    4318.666666666667    4471.666666666666    3766.6666666666665    5539.999999999999    10853.333333333334    8166.333333333333    9316.666666666666
