25915    24444    22017    24115    18139    16601    17614    15248    14485    6741    6659    4682    7123    5735    5359    4742
22319    19048    22141    14719    20970    20896    29291    16825    13784    11320    7576    6252    4937    6525    3495    5071
20346    17188    19713    15248    17902    17210    22077    11924    21167    14994    15012    4814    8546    5542    6434    3524
16375    17630    20231    13981    17973    14852    12314    15966    15381    12302    9823    9103    6262    6121    7628    5948
5918    6162    6389    8083    19141    16494    13924    15557    14031    11954    7311    14290    12166    16172    12849    13099
5953    13196    12832    15599    18173    13254    17338    12228    7417    9032    14523    18058    11400    12385    9100    11661
19698    16108    18699    15286    13649    15879    12757    12535    15510    8788    11082    13542    8564    7529    8676    9992
11283    15523    12058    17253    8744    10144    9748    11977    13897    8970    10470    7541    8580    12571    9786    13263
12936    8231    9023    15915    10740    9635    17186    16324    18703    12008    15289    16190    8786    15316    12873    14284
12120    12301    17725    9701    8608    15755    13852    14452    14601    9888    15338    12074    14833    7767    10091    11937
4143    4324    4492    11530    5224    12276    14821    20416    14977    33011    16223    17397    13342    15409    20387    18021
7571    6835    7476    6834    16768    12638    18289    26762    21296    21148    21514    15820    16749    13535    13521    14122
7505    8696    7381    8198    14680    18440    16503    16761    19934    18237    14479    17433    10331    14515    12647    12299
4321    4911    7001    7980    6195    11163    13649    21391    27899    23954    21199    15404    18244    16837    20089    17545
2980    5468    5309    4374    3645    8434    13247    11993    17636    23409    26164    34432    24417    17417    22048    22131
3492    3187    3839    7786    5131    7366    6403    7705    12300    18815    28674    35589    22132    15257    20873    17930
5706    5952    4769    7041    5608    5933    4785    10023    11673    23393    28650    27774    23783    28386    22363    17198
5894    4278    8789    4230    6161    5346    7836    7978    14805    17173    29940    25919    25916    24756    22341    35834
4412    6041    5726    6547    4243    7744    6008    4586    6025    16292    25703    30342    27977    25011    31320    23670
4523    5559    5940    3805    4817    5892    4320    7649    9788    15596    19143    27549    34356    28787    26499    23802
5100    3759    4951    5394    4079    8829    4066    8523    9446    13186    26580    29827    29916    32706    29968    32082
