20895.0    41358.0    72633.66666666667    66933.0    31240.333333333332    20417.000000000004
17794.999999999996    34526.00000000001    63946.0    58719.66666666667    35148.333333333336    19795.333333333332
14822.666666666666    31070.33333333333    58226.0    58734.0    37690.666666666664    21589.666666666668
15997.666666666666    28417.333333333332    53819.666666666664    62005.666666666664    38916.0    17899.666666666668
15555.000000000002    31007.666666666664    55790.0    58919.0    39009.333333333336    18669.0
18372.0    28832.333333333336    52726.66666666667    61108.333333333336    34353.0    18543.333333333332
18933.0    27922.999999999996    60344.333333333336    62980.33333333333    40450.0    16940.333333333332
20194.33333333333    41429.66666666666    72879.33333333333    55665.33333333334    30981.0    20630.0
20879.666666666668    37492.0    67066.66666666666    62739.0    32070.0    16919.666666666668
21137.333333333332    44476.99999999999    65665.33333333334    53522.66666666667    30168.000000000007    17399.999999999993
18145.0    32481.33333333333    52757.0    57017.0    29775.000000000004    17670.666666666664
16318.66666666667    27597.0    53627.66666666666    53443.0    30730.999999999996    19132.0
14427.000000000002    30016.666666666668    45871.0    51738.333333333336    26416.66666666667    15744.666666666668
19212.666666666664    29709.333333333332    55211.33333333334    43565.333333333336    26088.333333333336    19397.33333333333
16596.999999999996    28877.666666666664    51331.66666666666    44915.00000000001    27938.0    17592.0
16591.333333333336    25773.0    44293.666666666664    40333.66666666667    24349.0    16662.333333333332
13791.666666666668    27124.999999999996    46365.33333333334    45585.666666666664    25851.333333333332    16011.666666666666
15937.000000000002    24862.999999999996    38585.0    38641.0    20748.666666666668    16153.66666666667
20522.666666666668    43694.99999999999    59572.333333333336    55331.000000000015    29494.666666666668    19942.333333333336
17131.000000000004    30431.000000000004    56283.33333333333    50258.333333333336    35052.0    19817.666666666668
13921.0    32473.333333333332    56215.333333333336    57724.666666666664    30547.0    20137.333333333336
17570.666666666664    27412.333333333332    50946.0    55699.666666666664    33302.333333333336    19050.333333333336
16756.0    44747.66666666666    70111.0    64672.0    32096.666666666664    20709.333333333336
20030.333333333336    46078.66666666666    60578.666666666664    59096.666666666664    31281.000000000004    17650.666666666668
23012.66666666666    43365.66666666667    66180.66666666669    62316.66666666667    30860.666666666668    20678.333333333336
21079.000000000004    39568.0    65005.66666666667    54777.33333333332    31294.000000000004    19328.333333333336
22697.666666666668    47716.66666666667    59996.333333333336    60437.000000000015    28799.333333333336    19669.666666666668
21151.0    48271.66666666666    72458.99999999999    59903.66666666667    32426.333333333336    19759.666666666664
21447.33333333333    41163.333333333336    66317.99999999999    58730.0    33121.666666666664    20574.66666666666
25162.0    46592.666666666664    66221.0    63536.66666666667    29704.000000000004    16887.0
21196.333333333332    38509.666666666664    71994.33333333333    53844.999999999985    30011.666666666664    17143.666666666664
