10395.666666666668    15923.0    26940.666666666668    36060.333333333336    43744.666666666664    31653.0    20687.0    9104.666666666666    9020.666666666666    8314.666666666666    6284.666666666666    5169.333333333333    5687.0    6205.666666666667    5455.666666666667    3603.666666666666    4718.666666666666    4508.0
3353.6666666666665    2799.333333333333    4040.6666666666665    3607.0    3867.3333333333335    5158.666666666667    5402.666666666666    3844.9999999999995    8327.666666666666    5128.333333333334    6569.666666666666    8116.0    8993.0    21977.333333333336    39003.666666666664    38503.333333333336    35737.66666666667    25499.333333333336
3452.3333333333335    3288.0    4181.666666666666    3445.6666666666665    3966.0    3707.9999999999995    4463.666666666667    4394.0    4619.333333333333    6804.333333333332    7028.0    7660.666666666666    11866.0    22773.0    31630.0    39388.333333333336    36906.00000000001    22558.333333333332
3329.3333333333335    3584.333333333333    3445.0    3967.3333333333335    4049.666666666667    5010.0    4618.0    4816.666666666666    4578.333333333334    5802.333333333333    7408.666666666666    8509.333333333334    11555.000000000002    19813.333333333332    31249.0    37829.33333333333    34897.0    22593.333333333336
5726.333333333333    3631.6666666666665    3025.3333333333335    3286.0    3019.333333333333    4128.666666666666    3187.0    3231.333333333333    2953.333333333333    7183.666666666667    7142.666666666667    9386.333333333334    12613.333333333336    26312.666666666668    29288.0    38735.333333333336    30680.333333333332    25418.666666666668
2622.666666666667    3235.3333333333335    4240.666666666667    4693.0    3936.666666666666    4364.333333333334    5071.0    4637.666666666667    5157.666666666667    5722.666666666667    8384.333333333332    7165.333333333334    12323.666666666666    21854.333333333332    32007.333333333332    34374.0    31879.666666666668    22265.333333333332
3547.666666666667    2794.3333333333335    3666.3333333333335    3460.0    5005.666666666667    5241.666666666667    4407.666666666667    4557.666666666666    5165.666666666667    7481.0    6075.666666666666    10272.000000000002    16873.333333333332    24263.000000000004    32185.666666666668    33133.0    29873.0    29567.666666666664
18505.666666666664    20779.333333333332    26730.333333333332    26410.0    27634.333333333336    28115.0    18323.666666666668    16328.333333333332    10336.666666666666    6945.0    7725.000000000001    6063.0    4119.333333333334    6005.333333333333    4299.333333333334    3587.3333333333335    4889.000000000001    4983.0
14638.0    19257.666666666668    23491.0    27284.666666666668    27131.333333333332    23549.666666666668    21233.333333333336    19994.666666666664    10496.666666666666    7899.333333333333    6921.666666666667    5944.0    4505.333333333333    5363.333333333334    5260.666666666666    3839.6666666666665    5590.333333333334    4765.666666666667
17460.666666666668    20109.333333333332    26248.666666666668    24990.333333333336    23804.333333333332    19535.0    20847.666666666664    17233.666666666664    15711.333333333332    8146.333333333334    7353.333333333334    5555.000000000001    5098.333333333334    4416.333333333333    3674.333333333333    4325.0    3607.6666666666665    4253.0
7003.666666666667    7622.333333333332    10907.666666666666    12456.666666666666    16631.666666666668    8996.333333333334    8298.333333333332    8726.0    8940.0    12465.333333333332    13094.0    13813.666666666666    13181.666666666666    12140.0    12525.0    12488.000000000002    14155.333333333334    14400.333333333334
4803.333333333333    4661.0    4191.0    4328.333333333333    4095.333333333333    5150.0    6223.666666666667    4544.333333333334    9292.0    13673.333333333334    14737.666666666668    18898.0    15485.333333333334    14281.0    16528.333333333336    20461.000000000004    24407.999999999996    15087.666666666666
3276.3333333333335    3875.0    4395.333333333333    5576.666666666666    5373.0    5899.0    8862.0    10237.999999999998    13563.333333333334    14060.0    10516.333333333334    9863.0    11964.333333333334    11187.666666666666    15352.333333333332    20952.0    16603.333333333332    12656.666666666666
12076.0    11450.333333333332    12198.000000000002    18191.333333333332    15172.000000000002    14296.333333333334    10100.666666666666    14007.000000000002    11110.333333333334    9175.0    10476.666666666666    11394.666666666666    9114.333333333332    10670.0    8703.0    6391.666666666666    4732.666666666667    3924.3333333333335
10194.333333333332    7518.0    14960.666666666668    16896.0    18310.333333333332    13114.666666666666    10195.666666666666    6723.333333333333    8362.0    12519.333333333334    8847.333333333334    9659.0    6117.000000000001    10801.000000000002    9612.333333333332    10627.0    6706.999999999999    6086.333333333334
10307.999999999998    9876.666666666666    9681.333333333334    14654.333333333332    16673.333333333332    11028.666666666666    8037.0    8518.0    7191.666666666666    10218.666666666666    8149.000000000001    6474.666666666667    8264.666666666668    7756.333333333334    6701.666666666666    6602.0    7547.333333333334    10319.666666666666
9833.333333333332    11336.999999999998    10082.333333333334    8810.666666666666    11696.666666666668    9085.333333333332    7524.666666666667    6961.0    9966.666666666668    7753.333333333334    9348.666666666666    8414.666666666664    7599.0    9448.666666666666    15364.333333333334    12879.999999999998    10605.666666666668    8018.666666666666
7335.666666666666    9720.333333333332    7957.666666666667    14035.333333333332    15587.666666666668    11469.999999999998    10576.0    8447.0    8668.666666666666    8701.0    6106.666666666666    7105.0    6970.0    5838.666666666667    5101.0    7693.0    6000.666666666667    7613.999999999999
21292.0    13470.666666666664    14421.666666666666    21419.666666666664    24250.333333333336    25180.666666666668    16119.000000000002    16337.333333333334    17247.0    13601.0    9262.333333333332    6567.666666666666    7122.333333333333    4732.999999999999    3892.0    5138.0    4356.333333333334    4147.0
3453.3333333333335    3879.3333333333335    3962.6666666666665    4105.333333333333    3643.6666666666665    3682.333333333333    5018.000000000001    5979.999999999999    6382.666666666667    7003.0    12226.666666666666    15128.333333333334    19312.333333333332    20846.0    25507.333333333332    22589.333333333332    25413.0    20840.0
2730.3333333333335    3351.666666666667    3936.3333333333335    3805.3333333333335    4550.666666666666    4240.333333333333    5002.333333333333    5571.333333333334    8017.333333333334    5088.666666666666    7171.0    9961.666666666666    20622.666666666664    24353.666666666668    27235.333333333332    26677.666666666668    25608.333333333336    23094.000000000004
4678.333333333333    6092.0    5191.0    5296.0    4156.333333333333    4661.0    5528.666666666667    4438.0    6774.0    6910.666666666667    7456.666666666666    9920.333333333334    13383.333333333334    19992.666666666664    21435.333333333332    30046.666666666664    25440.333333333332    22580.0
11430.666666666668    18823.333333333332    29163.999999999996    29309.666666666668    32212.0    30779.333333333332    24290.666666666664    15861.999999999998    11670.000000000002    7321.666666666667    5620.666666666667    6693.333333333333    3127.0    4074.0    4287.333333333334    3935.3333333333335    5177.0    5314.666666666667
9588.666666666666    19805.333333333336    28459.333333333332    32175.0    31692.0    27221.666666666668    15890.333333333332    12328.666666666666    11459.666666666668    8255.333333333334    6245.666666666666    5211.0    4910.666666666666    4696.000000000001    5046.666666666667    4819.333333333333    3678.333333333333    3232.3333333333335
10358.0    15861.333333333334    32864.666666666664    35892.66666666667    35408.66666666667    25745.333333333332    17843.333333333332    10956.666666666666    10258.666666666666    7076.666666666667    6833.333333333333    4124.333333333333    6041.0    4185.666666666667    6938.333333333332    4916.666666666666    5704.666666666666    5404.666666666667
9336.666666666666    14210.333333333334    29670.666666666664    35296.333333333336    36821.0    21665.666666666668    18929.333333333336    12450.666666666666    9766.0    6557.0    6115.666666666667    5558.666666666667    5284.0    3718.333333333333    4611.0    3457.9999999999995    4356.666666666666    3246.3333333333335
9478.666666666666    13646.0    22535.666666666664    39794.99999999999    34030.333333333336    32055.999999999996    17872.333333333336    13713.666666666666    9065.333333333332    7781.666666666666    6799.666666666666    5183.000000000001    4342.0    4082.333333333334    4292.333333333333    6038.333333333334    4837.0    3767.3333333333335
9396.333333333332    12998.333333333332    26002.333333333332    40488.333333333336    47631.0    27558.333333333332    17355.666666666668    14454.666666666666    9989.666666666666    11002.666666666666    6759.333333333333    4468.333333333333    4199.999999999999    3145.3333333333335    4302.0    4877.666666666666    4209.666666666667    5131.666666666666
11354.333333333334    11820.666666666666    24247.333333333332    39216.333333333336    40904.66666666667    31009.666666666668    14798.0    13523.0    7107.666666666666    9596.0    7356.666666666667    4776.333333333334    3833.6666666666665    4335.666666666667    4968.333333333334    4894.666666666667    3313.6666666666665    4298.333333333333
10942.999999999998    14181.666666666666    22667.0    41629.666666666664    42300.0    31130.66666666667    16031.333333333334    12214.666666666666    10634.0    7080.666666666667    6896.333333333334    6591.333333333332    4115.0    5152.666666666667    4291.666666666667    3983.3333333333335    3726.666666666667    4533.666666666667
7663.666666666666    12526.333333333334    21777.999999999996    41824.666666666664    42770.00000000001    31674.666666666668    15026.333333333332    8509.0    7715.0    7199.333333333332    7211.0    4790.333333333334    4010.333333333333    3796.3333333333335    3424.666666666667    5224.333333333333    3834.0    3722.666666666666
