15551    10253    17261    21243    36300    40147    19334    12149
15124    12197    27324    27005    43974    32296    23183    11173
16674    13128    20086    38419    40876    30116    19552    13510
15404    12499    16018    25601    42561    39713    18266    16293
14807    13350    12879    26166    40730    35585    17904    11192
14912    11179    18026    26067    40993    33096    20214    15623
10694    9239    15308    15477    26526    29839    24280    11478
17407    9142    13240    16494    27794    27803    19730    12336
12740    9489    10959    22651    26137    23027    18128    16823
13319    12562    13472    18467    23102    32463    18150    14359
11006    10440    13828    21296    26104    26706    13537    12637
15423    12706    13531    22542    29540    25392    17130    9954
17737    13929    13573    24492    24650    30274    20637    10255
12665    10371    10056    19907    27839    29287    13085    12590
10916    16586    10249    17791    26664    30513    18679    14396
13366    16029    15619    25562    30117    27372    15697    10581
11095    10590    14895    20604    25928    22239    15189    9296
11132    10771    9477    18956    19735    19104    9994    11605
12692    12145    12838    15343    30461    26348    21206    11599
13992    10618    10416    19697    23294    21367    15202    10408
16077    12369    13430    19367    25292    24716    19740    12373
9316    10752    12292    19549    28610    22434    17377    12485
15045    14054    11078    18965    25344    30682    18317    12390
15339    12610    11499    17362    24705    28725    18911    9873
12116    16337    13904    28380    34536    24637    15025    11834
11821    11416    11988    20218    34227    27225    12527    11899
