5723    8650    13288    26953    32380    21727    8133    7186    5095    3946    6757    4577    5080    4692    5839    4348    4904    2960
13414    12604    24345    22096    19119    17122    15711    10218    8395    8213    7555    6337    4055    3889    4185    7301    3057    4660
13964    18474    17304    11753    22099    11670    25283    9524    5875    6088    5191    7094    5785    9329    6112    5559    6561    4696
15491    16826    18975    18183    13318    13193    15706    20148    11932    6546    5856    3338    4193    4077    3455    5849    5238    4031
16257    11440    10863    17583    15005    15694    13408    10767    14278    9196    5552    3882    4369    4439    4031    5627    3884    6338
16838    17501    13049    16042    14880    12560    19162    7387    11652    9713    7517    7908    4810    4420    4616    5160    3719    3176
5272    7194    3695    4949    3996    3497    4401    6106    6199    8641    8846    12941    13351    10189    11763    8620    12295    10886
5403    4626    4467    3835    2923    4241    6350    7596    5290    6336    9347    14286    10539    15281    10906    10507    11421    10592
3174    4468    3134    4487    3493    3526    5156    5376    7078    5755    14620    12505    8331    9615    8466    17495    15113    8162
5359    4082    3035    3879    7241    6624    7328    3477    10892    8913    11544    14995    7580    10765    9454    10035    11619    9072
7736    3707    6113    3734    4329    6584    5227    6913    5112    8847    9339    9091    8727    6683    7450    9914    12692    13356
11368    11284    9722    8103    8113    12827    10684    7522    11451    5907    8628    9679    7595    6175    5247    4236    3855    3822
4538    8137    4088    5698    6399    7206    9848    9662    10969    8942    8924    8401    11368    12224    10405    11068    12989    4681
3850    4561    4576    4873    7777    8767    9140    11380    9911    6898    10075    6283    7115    6615    12073    7193    6457    8256
6334    6855    9305    6469    6758    6239    10203    8930    8270    7609    8024    8669    6307    8366    14528    5603    7837    9488
5475    8920    7207    15076    9603    8080    8297    7061    12685    11370    10124    8391    8811    8480    7092    7572    5434    4665
7388    6276    8380    11843    7370    9809    7759    4085    5787    6131    8010    6503    4408    6730    7346    9367    6835    5809
3454    6903    5855    9331    6957    5225    6108    3906    8384    5011    4859    8059    7768    6839    5021    4585    5567    6942
10542    7077    5494    7231    5024    13866    8351    9009    8797    8712    9999    8290    6429    6449    4355    7159    6643    9205
4057    4183    4855    3307    4934    7478    6476    5633    7945    9441    11177    9552    6127    8318    8895    5171    9988    7457
7486    11042    7593    8657    6513    8511    12354    7319    7203    9528    11296    9498    8522    6325    4049    6989    5168    5311
4708    4644    3719    3653    4744    4779    5722    4551    5638    9711    9987    9358    11458    8107    11745    9280    8563    12448
5190    4280    3273    4293    4763    3945    5849    5791    4800    8715    16031    13523    11021    11967    9995    10315    10416    11708
2783    3366    4416    3390    4572    5812    4860    3202    5088    9553    8264    10431    15408    15122    16417    8221    9749    8370
12093    13932    11544    16265    11193    11119    11703    8518    9056    8839    7057    4783    5839    4755    5863    5549    3951    4710
13587    9491    10042    9288    8608    10868    13548    12018    7206    7811    7654    5065    3776    6954    3154    3500    3988    4763
