17880.0    22692.0    50411.666666666664    78165.33333333333    81606.33333333333    53654.333333333336
19786.333333333332    27878.666666666668    61250.00000000001    91169.66666666667    81039.33333333333    50035.0
16537.333333333332    35373.333333333336    64796.66666666667    89939.33333333333    83480.0    50187.66666666666
20620.999999999996    29463.999999999993    66939.33333333333    88455.33333333334    76829.33333333333    52328.66666666666
18915.000000000004    28491.66666666666    61625.333333333336    86311.0    79571.0    45186.33333333332
18178.000000000004    32148.333333333336    63928.0    91617.33333333337    71810.0    44277.666666666664
17776.666666666668    22718.66666666667    48444.0    84789.66666666667    89221.33333333333    48622.333333333336
18532.0    19162.33333333333    45644.33333333333    73964.33333333333    81911.0    41443.333333333336
20016.33333333333    30671.66666666667    65860.0    87732.0    81669.66666666666    41443.99999999999
17373.333333333336    26131.000000000004    53203.0    85217.6666666667    71240.66666666666    42005.666666666664
19016.666666666664    24215.0    62613.666666666664    81987.0    71814.66666666666    39756.99999999999
20308.0    28099.000000000004    56694.33333333332    69962.66666666667    67890.66666666667    34853.00000000001
19013.33333333333    28415.666666666668    50696.0    78438.00000000003    67698.0    39138.33333333334
18444.33333333333    25719.666666666664    48108.000000000015    77577.00000000001    67228.0    34507.333333333336
20650.000000000004    24271.333333333332    45068.66666666667    63544.33333333334    74753.33333333334    39517.333333333336
19010.999999999996    26510.000000000004    53627.66666666668    63653.666666666664    68111.33333333331    40955.666666666664
18373.0    25467.33333333334    48418.666666666664    72878.0    68672.66666666667    40423.666666666664
17394.666666666664    23743.333333333336    40423.333333333336    72517.66666666667    77337.66666666667    42137.66666666667
19305.999999999996    24450.333333333336    59745.333333333336    89847.66666666666    72079.66666666666    45447.33333333333
17750.666666666664    30870.666666666664    68862.66666666669    90095.0    79851.66666666666    38814.0
16437.333333333332    19100.666666666668    46574.0    87470.0    84540.66666666666    53810.00000000001
19859.999999999996    24998.333333333332    46703.33333333333    72263.99999999999    77818.0    53063.0
18252.000000000004    21703.0    55558.666666666664    83286.33333333334    76314.33333333333    50187.00000000001
17244.666666666664    21995.333333333332    57536.0    80169.0    83802.0    55398.666666666664
17343.333333333332    21370.333333333332    50410.0    81205.66666666667    76482.66666666667    45245.666666666664
16250.33333333333    24682.666666666664    50493.99999999999    78683.66666666667    78305.33333333334    49841.333333333336
16509.666666666668    27770.0    53547.666666666664    81962.66666666666    79945.0    49360.333333333336
23532.000000000004    30048.33333333333    69216.0    87652.33333333334    77106.66666666669    50256.66666666667
19442.0    28925.666666666664    66010.33333333333    87758.99999999996    73343.33333333334    39274.66666666667
18067.333333333336    28014.666666666668    57942.66666666667    84722.33333333333    75843.33333333334    41876.0
14721.333333333332    21819.333333333336    49989.666666666664    80211.00000000001    81277.0    52454.66666666666
