5063.333333333333    13325.333333333334    17275.666666666664    19261.666666666668    17828.666666666664    10029.666666666666    9385.333333333334    5910.000000000001    8306.333333333334    11429.333333333334    8352.0    10900.999999999998    17663.333333333336    28319.333333333332    40742.0    37095.0    26754.333333333332    16767.333333333332
18402.333333333332    27257.0    36013.666666666664    42496.666666666664    34370.666666666664    26214.0    14482.666666666666    8917.0    8674.333333333334    8954.666666666668    9223.333333333332    8036.0    9637.0    17694.666666666664    20134.999999999996    17340.666666666664    13332.333333333332    9977.0
20305.333333333332    35776.0    51733.333333333336    57781.666666666664    46383.666666666664    35589.333333333336    17253.666666666668    13171.333333333334    10133.0    7898.666666666666    7827.666666666667    7202.666666666668    6358.0    4647.0    4824.0    4544.333333333333    4614.333333333334    4270.333333333333
19050.333333333332    39668.666666666664    48327.333333333336    50132.0    46230.66666666667    31922.66666666667    22192.666666666668    10241.666666666666    9652.666666666666    7334.666666666666    7067.333333333334    6935.333333333334    6388.0    8384.333333333334    5726.333333333333    6473.666666666666    4351.666666666667    4557.666666666667
25577.999999999996    30918.333333333332    45462.0    46986.33333333333    38331.333333333336    36045.33333333333    15553.0    14576.999999999998    9410.333333333334    10326.0    9681.666666666666    9224.666666666666    5017.000000000001    4676.333333333333    4684.0    3509.6666666666665    5032.333333333334    5087.0
25885.0    33811.33333333333    42915.333333333336    46862.0    39567.666666666664    34867.666666666664    21259.666666666668    14590.333333333332    8858.0    8174.333333333334    7255.666666666667    6745.666666666666    5891.666666666667    5363.333333333333    5141.666666666666    5765.666666666666    4562.666666666667    4441.666666666666
3583.333333333333    4270.0    4079.3333333333335    5126.999999999999    4406.0    4111.333333333333    5784.333333333334    5310.0    7717.666666666666    8812.333333333332    13850.666666666666    19697.333333333332    36101.66666666667    40252.666666666664    37034.0    43088.99999999999    41301.33333333333    27044.666666666668
3900.3333333333335    4423.0    3791.3333333333335    4077.333333333334    4111.333333333333    5289.0    4698.333333333333    4393.666666666667    7050.0    8809.666666666666    12814.666666666668    21285.666666666668    27147.333333333332    34595.99999999999    39103.66666666667    35751.33333333333    30365.666666666668    29049.000000000004
32541.0    39802.0    32951.00000000001    36535.333333333336    34032.66666666667    40854.333333333336    25689.0    20428.666666666664    13685.666666666666    8162.333333333333    6713.666666666666    5063.0    6928.666666666667    5600.666666666666    3788.6666666666665    5502.999999999999    4301.333333333334    4812.666666666667
34280.333333333336    27947.333333333332    33606.333333333336    29452.0    24585.333333333332    25587.333333333332    26139.0    22471.666666666664    15925.666666666666    11128.0    7877.000000000001    6180.333333333334    6547.0    5045.333333333333    3732.666666666667    4256.0    5867.333333333333    4542.666666666666
29888.666666666668    25803.0    30486.000000000004    29742.000000000004    26134.999999999996    26340.666666666668    24091.0    23524.666666666668    18088.333333333336    15173.666666666666    9549.0    8102.333333333334    6729.0    5576.333333333332    4979.666666666666    5778.666666666667    5331.666666666667    4084.333333333333
23427.666666666668    21463.666666666664    21695.333333333332    30122.333333333332    29439.666666666664    18611.0    15231.333333333334    19589.666666666668    19836.666666666668    18003.0    18331.666666666668    8613.0    8363.0    6199.333333333334    4953.666666666667    4917.333333333333    5014.0    3995.333333333333
15399.666666666666    16930.000000000004    23272.0    24994.333333333332    21577.0    19177.666666666668    18130.666666666668    13860.666666666668    18779.333333333332    19697.666666666664    20111.666666666668    19004.666666666668    17189.333333333336    9831.666666666666    7127.333333333333    6304.333333333334    6734.666666666667    5276.666666666666
12399.666666666664    16423.0    22115.333333333336    25837.999999999996    17618.333333333332    18493.0    16671.0    13975.333333333332    16130.666666666666    14833.666666666666    15425.333333333334    12933.333333333332    18031.666666666668    15075.666666666668    15722.666666666668    8485.666666666666    6203.000000000001    5209.0
12876.0    19385.333333333332    20624.666666666664    27137.333333333332    20958.333333333336    16281.333333333334    11904.000000000002    10825.000000000002    12498.666666666668    14222.333333333334    13514.666666666668    11356.333333333332    13959.666666666666    14719.333333333332    13767.999999999998    14645.333333333332    8920.666666666666    10208.0
16933.0    15830.333333333336    19938.666666666664    16196.000000000002    18243.666666666664    16111.333333333334    14373.333333333334    16071.666666666664    16392.333333333336    13532.666666666668    10547.666666666666    11507.666666666666    14549.333333333332    16015.0    14962.999999999998    17006.0    12307.666666666668    11349.999999999998
11998.000000000002    9204.666666666668    12012.666666666668    12461.333333333334    10561.333333333334    12182.333333333334    17548.333333333332    14052.333333333336    13632.333333333332    18219.666666666668    17299.333333333332    15415.000000000002    19346.0    16573.666666666664    18648.0    19830.333333333332    19861.0    15387.0
4874.333333333334    4106.333333333334    5064.666666666667    4147.666666666667    5139.0    6914.333333333334    7280.666666666667    11628.333333333332    18114.333333333336    19588.666666666668    26042.666666666668    19895.0    21087.333333333332    19879.666666666668    24330.999999999996    26241.0    28092.666666666664    21126.666666666668
19201.666666666668    21484.0    18354.333333333332    17830.333333333336    20943.0    21492.0    27205.0    17299.0    15281.666666666666    13523.333333333334    12360.666666666666    14701.0    12548.666666666666    12920.666666666666    20353.333333333336    17640.333333333336    16163.333333333334    11573.999999999998
25362.0    39094.66666666667    35962.66666666667    40669.666666666664    32483.333333333332    34267.666666666664    29188.666666666668    22492.666666666664    16251.0    8100.0    6169.0    6681.666666666666    5692.333333333334    4980.333333333334    5153.0    4863.999999999999    4431.0    4401.0
3482.6666666666665    2926.3333333333335    5588.666666666667    3892.0    4628.333333333334    6279.0    4886.666666666667    6861.666666666667    5786.333333333333    9491.666666666666    13823.666666666668    23919.666666666668    32785.0    39639.33333333333    36585.0    38001.333333333336    37082.666666666664    32272.666666666664
5254.333333333333    5150.666666666667    4954.0    4144.666666666667    4875.0    5521.666666666666    4633.333333333333    5672.0    7441.666666666667    7106.0    12136.666666666666    17866.0    27901.666666666668    37169.0    39171.0    44482.333333333336    37572.33333333333    23654.333333333332
3445.666666666666    5313.333333333333    3603.0    3436.9999999999995    5463.333333333334    4471.666666666666    5332.333333333334    6450.666666666666    5777.666666666667    8121.0    9281.333333333332    15834.666666666666    32190.333333333332    41219.33333333333    40986.666666666664    45701.666666666664    37199.333333333336    31472.333333333332
3698.333333333333    4560.0    4719.333333333334    4150.666666666666    4617.666666666667    5871.0    5577.666666666667    6698.666666666667    6326.333333333333    10084.333333333332    8959.333333333332    16227.0    29391.666666666668    42873.99999999999    49815.666666666664    51411.99999999999    36228.33333333333    24933.666666666664
3080.333333333333    3438.3333333333335    3884.0    5782.999999999999    4878.666666666666    4795.666666666667    4517.333333333334    5616.333333333333    5963.0    7243.999999999999    9870.0    15679.666666666666    27416.666666666668    35806.66666666667    45803.666666666664    45281.333333333336    38363.33333333333    24635.666666666664
3906.6666666666665    4445.666666666666    4319.0    4430.666666666666    3727.6666666666665    5295.333333333333    6065.666666666667    6355.333333333334    7803.0    7246.0    9841.0    15429.666666666666    23632.333333333336    33943.33333333333    50692.666666666664    52908.0    33158.666666666664    25056.66666666667
3976.333333333333    3805.666666666667    5434.333333333334    4358.333333333333    4877.333333333333    6861.333333333333    5668.666666666667    5824.666666666666    5923.333333333333    7209.666666666667    10101.000000000002    13091.0    29090.333333333332    40797.66666666667    56865.666666666664    48220.66666666667    32950.0    24039.333333333336
19116.333333333332    38457.333333333336    56428.00000000001    55933.666666666664    48344.66666666667    32071.333333333336    17440.0    8419.0    7149.0    7961.333333333333    8426.666666666668    5943.333333333333    7232.333333333333    5592.333333333333    3636.3333333333335    6188.666666666667    6014.333333333334    3457.333333333333
17822.333333333336    29598.333333333336    50228.333333333336    57165.33333333333    47737.0    24630.666666666668    16525.333333333332    8481.333333333332    8825.333333333332    7559.666666666667    6731.666666666666    7010.0    8053.666666666667    4810.333333333333    4932.0    5356.333333333334    4148.0    5139.333333333333
13801.0    21822.333333333336    33720.0    38477.99999999999    34579.333333333336    21489.999999999996    12274.666666666668    8238.666666666666    9435.666666666666    8775.333333333332    6402.0    8384.333333333332    11741.333333333334    14042.999999999998    20100.999999999996    19550.333333333332    16670.0    6959.333333333334
3896.3333333333335    4365.333333333334    4354.666666666666    3938.0    3940.3333333333335    4428.666666666666    4376.0    5020.666666666667    5352.333333333333    11423.666666666666    7867.333333333333    13666.999999999998    27253.333333333332    42113.66666666667    51821.333333333336    54301.333333333336    35085.666666666664    17267.333333333336
