20292    22407    55707    55229    50900    28891
21390    31410    63767    69544    37561    23773
12326    27607    56545    58227    44812    21833
22290    26911    44574    51105    42954    13881
14366    24795    47610    48622    44019    16247
16193    21955    41099    49060    37741    20103
17164    22402    37817    59375    30030    18359
10362    19700    45394    49689    33518    21293
12953    16490    32726    37772    25181    12220
14636    17741    23974    26381    20706    16789
22316    27202    48527    47837    33810    21878
17613    21409    38330    54457    44949    29196
15555    22753    41586    51674    38352    19045
17579    29919    41874    58500    35814    21933
11931    29202    58184    56325    37705    28428
16626    18006    43684    54228    45350    26871
15923    24358    41189    69419    54082    25904
14998    17905    44487    66259    57196    34826
14773    16622    41021    65353    55423    34863
11206    21755    51884    66215    46326    24122
11839    24064    50961    64161    41883    24054
