3841    6696    4831    6948    10519    5594    4590    17129    15215    18821    19594    31170    20231    17495    29508    21244
23652    18529    21549    20587    16512    20782    20372    17944    18396    17051    11526    11912    6057    7170    6959    8447
22653    12928    19533    14966    13819    13677    18701    14756    16543    19327    14368    10603    9418    8522    5907    5629
17898    13438    15970    17850    11766    20140    14024    15554    15431    13851    14258    12695    5882    5040    3108    4810
16750    13951    13051    15281    9277    10281    11101    17755    15982    12318    14810    14530    9378    8385    8379    4430
11363    9757    12766    11700    12165    13450    12660    11330    11346    10841    8806    15362    13500    11669    11321    8115
9400    13460    16086    17997    13296    8274    10385    13270    13673    9504    9483    7548    11641    9025    12779    9326
16507    20020    14453    13656    11970    12325    12722    10359    9694    10615    7154    5619    10710    6200    8726    9226
11753    8421    6243    10130    7659    9015    9868    9766    9379    7597    7781    8351    8261    8455    5801    8862
9412    10802    8089    6692    10632    7293    8727    7881    5985    5350    9002    7797    4830    5712    5310    6713
11947    15509    15734    12849    13446    7252    18039    12259    10969    16250    10983    13896    11988    11685    8748    10016
15843    16724    11971    11007    13330    18276    12128    17378    13564    14483    12962    16833    11263    6143    7252    6797
7917    6016    4388    7014    8110    12891    11870    14442    17945    15743    16779    14182    13338    16161    12936    9233
6122    5326    6634    7435    7383    7322    11332    15049    17987    21003    22290    15852    19390    15083    14330    13081
5336    3628    3759    4140    4634    7603    8235    12578    20808    22612    31604    23199    21273    18016    14689    19661
4902    4628    3385    4906    6023    7158    7024    8300    10515    16954    22818    23718    17798    25955    21086    19595
3691    4530    4267    7027    4032    5884    8346    8716    9989    24536    20337    27849    23496    22404    29370    26401
4931    4589    4952    5192    3808    4343    6063    6952    10250    13967    22615    32132    29856    33627    25379    27015
3424    5879    5377    6700    2879    5705    7835    5692    8563    8131    17322    24074    31180    30403    39650    25241
4317    6720    3237    3282    4034    3997    6788    3355    9405    10402    15465    21940    35821    41103    25287    26355
4231    5323    4520    3026    5962    4814    4800    6848    6158    13071    16557    18618    35128    29258    28829    29819
