23515.666666666664    40048.666666666664    66946.0    64846.33333333334    35487.33333333333    16388.0
20353.0    42130.000000000015    62433.666666666664    58324.0    36036.33333333333    19582.0
16619.000000000004    37305.33333333333    61977.0    59746.66666666666    28602.666666666668    18985.666666666664
19413.666666666668    27746.666666666664    59216.33333333334    66665.0    39957.0    20461.666666666664
22205.66666666667    40562.33333333333    71038.66666666667    69110.66666666667    35048.666666666664    14807.333333333336
21650.0    41479.33333333334    75241.0    62947.333333333336    40235.99999999999    21573.0
18747.333333333336    35482.0    59490.66666666667    63834.0    43323.0    18784.666666666668
17303.0    30316.333333333332    60714.66666666667    61387.0    34676.0    19418.0
20328.0    35841.99999999999    64623.00000000001    68873.99999999999    37209.66666666668    21800.999999999996
23858.666666666668    35942.666666666664    63081.666666666664    63466.00000000001    29671.66666666666    21525.0
23778.333333333332    36750.33333333334    57104.33333333333    60728.66666666668    29018.666666666664    19319.33333333334
19861.666666666664    37871.666666666664    60443.0    58164.99999999999    29806.999999999993    21411.333333333332
15939.666666666668    34194.333333333336    54762.33333333333    47782.66666666667    30807.333333333332    15413.333333333336
16433.0    27782.333333333332    51945.0    49024.66666666667    31466.000000000004    16721.666666666668
18934.666666666668    27431.0    45866.0    52423.333333333336    33352.0    17291.333333333332
16493.333333333332    23738.999999999996    46012.0    36082.99999999999    25755.0    17509.333333333332
16352.0    28470.33333333333    47512.0    48503.0    24859.0    16099.999999999996
15866.33333333333    21246.333333333332    34353.666666666664    38255.66666666667    21708.666666666664    15982.666666666668
22381.666666666668    40182.33333333334    61084.66666666667    61358.0    28851.333333333336    18774.000000000004
17147.666666666668    41819.66666666666    63882.333333333336    58354.33333333333    32290.999999999996    15777.666666666666
18696.333333333332    39550.00000000001    55706.66666666666    53073.333333333336    29911.333333333332    21079.666666666664
17865.999999999996    29257.999999999996    53907.99999999999    57473.00000000001    33417.66666666667    17543.333333333336
16452.0    33241.333333333336    56556.00000000001    66834.33333333334    35137.333333333336    17748.0
18158.333333333332    30612.66666666667    56845.00000000001    61769.0    36566.99999999999    17133.333333333332
19679.333333333332    36727.66666666666    67813.66666666667    64115.66666666666    29988.333333333336    17033.333333333332
19310.666666666668    43281.333333333336    57995.33333333334    66886.33333333333    34718.666666666664    20098.66666666667
19892.66666666666    40400.33333333333    71680.00000000001    65929.33333333333    33649.66666666667    20075.0
19861.333333333332    35471.66666666667    61053.333333333336    62025.33333333332    34767.99999999999    19023.0
21537.666666666664    47014.66666666667    66595.00000000001    61545.333333333336    33386.333333333336    18926.999999999996
22997.000000000004    43240.99999999999    66512.66666666667    68165.66666666666    36018.666666666664    20132.666666666668
20241.0    38580.00000000001    69304.33333333334    67043.33333333333    33709.666666666664    25234.333333333336
