8821.0    14620.333333333336    29904.666666666664    40929.333333333336    39715.66666666667    26446.333333333332    19114.666666666668    10434.0    10743.0    9326.666666666668    6479.666666666666    3680.666666666667    5142.666666666667    6025.333333333333    3925.666666666667    4081.333333333333    3831.9999999999995    4008.9999999999995
9930.666666666666    16117.666666666664    27663.0    39341.33333333333    34187.333333333336    26339.333333333332    15160.0    9879.000000000002    10448.0    7376.0    7162.666666666667    6215.0    4691.666666666666    4453.666666666667    6191.666666666667    5605.333333333334    3903.666666666667    4193.0
10660.333333333332    16031.666666666666    27104.666666666668    31847.333333333336    33158.666666666664    23389.666666666668    15124.0    8075.666666666666    8415.666666666668    9834.333333333334    6475.666666666666    6855.666666666667    4767.0    3776.3333333333335    5576.0    4184.333333333333    3357.666666666667    4601.666666666666
3823.9999999999995    3883.6666666666665    3836.0    4516.666666666667    4150.0    5105.333333333334    3663.6666666666665    5747.0    5835.333333333333    8125.333333333334    8200.666666666666    9070.666666666668    14445.666666666666    21377.666666666668    36758.333333333336    36242.66666666667    34705.0    23972.666666666664
11212.666666666666    19512.666666666668    29656.333333333332    38444.666666666664    33621.333333333336    31187.666666666664    20490.333333333332    12327.666666666666    9460.666666666668    9923.0    5427.333333333333    5854.333333333333    5549.666666666667    3491.333333333333    3906.0    4681.666666666666    4174.333333333333    3851.666666666667
13934.333333333332    18575.000000000004    31124.0    33242.0    35229.666666666664    34539.33333333333    23862.333333333332    14230.333333333332    11911.666666666666    8835.0    6644.333333333333    3751.0    6683.666666666667    3913.6666666666665    3668.6666666666665    4669.0    4908.333333333334    3404.333333333333
5569.333333333333    6781.666666666667    8805.333333333332    17939.0    15279.666666666668    13390.333333333334    8438.666666666666    9378.999999999998    6262.333333333333    7684.0    7813.666666666667    9226.666666666666    16467.333333333332    22996.66666666667    21359.666666666668    20756.666666666664    21222.666666666668    20289.0
4741.0    4756.333333333333    3712.6666666666665    3494.666666666667    4547.666666666667    5329.666666666667    4743.666666666667    4513.333333333334    5638.0    5994.000000000001    7498.666666666666    12768.666666666666    19192.0    23931.333333333336    27355.0    30015.0    28125.0    27458.33333333333
16080.333333333336    21810.333333333332    25833.0    27121.666666666664    28275.0    24735.33333333333    22214.333333333336    16487.0    10638.333333333332    11360.333333333332    7905.0    5342.0    5450.0    6026.666666666666    5878.666666666666    4367.666666666667    5156.333333333333    3995.666666666667
18575.0    19317.666666666668    20507.666666666664    24547.0    24557.0    23530.333333333332    18226.0    21133.0    14217.333333333334    9838.666666666666    6843.666666666667    5604.666666666666    6070.666666666667    5568.666666666667    6155.666666666667    3864.0    5863.000000000001    3125.666666666667
19425.0    17476.333333333336    18435.333333333332    22811.999999999996    24659.0    17456.666666666664    15626.333333333332    17920.333333333332    16489.0    12126.333333333334    8221.666666666668    7550.333333333334    7406.0    4261.333333333333    4405.0    4037.0    4653.333333333334    3738.666666666667
18610.666666666664    15591.333333333332    17162.666666666668    18970.0    23457.0    20539.333333333332    19203.000000000004    13930.333333333332    15664.333333333332    15608.333333333334    11212.333333333334    6426.666666666667    7514.333333333333    4253.0    4216.333333333333    5235.333333333334    4719.666666666667    5244.999999999999
11678.666666666668    14213.333333333334    14834.666666666666    17126.333333333332    19387.0    14803.333333333334    12251.333333333334    9129.333333333334    9801.666666666666    12570.333333333332    15925.999999999998    11878.0    9018.0    5425.0    5873.666666666666    5131.333333333333    5410.333333333333    4441.333333333334
4649.333333333334    3691.3333333333335    4584.333333333333    4952.0    5628.0    8553.666666666666    12695.333333333332    13286.666666666666    11129.0    11439.666666666666    12047.666666666666    12293.666666666666    10240.333333333332    12990.000000000002    18496.0    20160.333333333332    17226.0    9309.333333333332
5057.333333333333    4875.0    6286.333333333333    9350.333333333334    11091.333333333334    11648.333333333334    9279.666666666666    9436.666666666666    11964.333333333332    9684.666666666666    12941.666666666666    12493.0    9982.0    12278.333333333332    14535.0    17753.333333333336    16488.333333333332    10152.666666666666
7064.0    9860.999999999998    8756.333333333332    9783.666666666668    7150.666666666667    6648.666666666668    7779.333333333333    6900.0    6414.333333333334    7976.666666666667    9189.666666666666    8559.333333333334    7615.333333333334    9850.666666666666    11942.666666666668    10608.333333333334    17478.666666666668    12012.333333333332
14185.333333333334    11848.666666666666    12242.999999999998    17322.0    15108.0    13156.333333333332    8360.666666666666    12396.666666666668    13704.333333333332    8943.333333333334    7931.666666666666    7063.000000000001    5877.000000000001    5815.666666666667    7859.0    6263.666666666666    7021.666666666667    6696.333333333334
8364.666666666668    8380.333333333334    8688.333333333332    13203.0    14197.666666666668    11897.0    6816.666666666667    7015.000000000001    6690.333333333332    7788.666666666668    5799.000000000001    5607.0    7537.333333333333    5590.999999999999    5074.333333333333    7116.0    7745.333333333334    9901.666666666668
17541.666666666664    14498.333333333332    19915.333333333332    23854.666666666664    26609.333333333336    20114.999999999996    14596.0    18044.333333333332    18156.999999999996    14772.0    8808.0    5806.333333333334    6354.0    5419.333333333333    5522.666666666667    4120.333333333333    3199.9999999999995    5297.666666666667
18882.0    15637.666666666666    20961.666666666668    24844.333333333332    22643.333333333332    24335.666666666664    19362.333333333332    19837.333333333332    12637.333333333334    10731.0    6143.0    7627.666666666667    4820.0    4141.333333333333    3634.0    4376.0    4175.666666666666    4482.333333333334
4737.666666666666    7126.666666666668    11485.0    17485.0    18674.0    12086.666666666666    7679.666666666667    7390.666666666666    8118.666666666667    8926.333333333332    6202.333333333333    8979.333333333332    13452.666666666668    15676.000000000002    17903.333333333332    14798.0    19593.0    17702.333333333336
2590.3333333333335    3886.333333333333    4294.666666666667    3036.666666666667    3709.6666666666665    4451.666666666667    4086.0    4860.333333333334    4954.666666666666    8607.0    9549.000000000002    11813.333333333334    15250.333333333332    21328.333333333332    25971.0    27590.666666666664    30589.666666666664    22896.333333333332
4438.333333333334    4081.666666666667    3686.333333333334    4350.0    3112.3333333333335    5492.666666666667    5673.333333333333    3903.0    6989.0    8576.333333333334    7061.0    8243.333333333334    17265.333333333332    25214.333333333336    28157.333333333332    32483.0    30718.666666666668    26523.0
3371.6666666666665    4318.0    3948.6666666666665    3325.6666666666665    4035.666666666667    5042.666666666667    4675.333333333333    4361.0    6005.333333333334    5421.666666666667    7773.333333333333    8481.333333333332    13573.999999999998    23545.333333333332    31533.333333333332    31357.0    32751.666666666664    27563.666666666668
7016.0    14251.0    18649.333333333336    22197.666666666664    26736.66666666667    22999.333333333332    17117.0    12163.333333333334    6061.0    7655.666666666668    8302.666666666666    5092.666666666667    7026.0    8593.333333333334    13250.0    16428.0    13869.333333333332    7949.000000000001
7190.0    16663.333333333332    26183.333333333336    29616.66666666667    37041.333333333336    32031.000000000004    19531.333333333332    15152.333333333334    9656.333333333334    8713.333333333334    6550.0    5892.999999999999    4722.333333333333    4773.333333333334    4746.666666666667    5139.666666666667    3854.0    4833.0
10072.666666666666    14410.0    32503.333333333336    35912.666666666664    40778.00000000001    31337.333333333332    16251.0    12154.666666666666    10518.0    7446.333333333334    6364.333333333334    4204.666666666667    4098.333333333333    5717.666666666667    4869.666666666667    4411.333333333333    5342.666666666666    5234.333333333333
9419.666666666668    11601.0    19884.0    26685.333333333332    26579.333333333332    19847.0    12375.333333333336    9545.0    7872.000000000001    7991.666666666666    6366.333333333333    6634.0    5193.333333333333    6737.666666666666    12679.666666666668    19044.333333333332    14079.666666666666    9667.333333333334
9164.0    15611.0    31902.999999999996    34341.666666666664    43145.0    31645.666666666664    17182.333333333336    11653.0    8826.666666666668    8220.666666666666    7736.0    4506.666666666667    4101.0    3915.6666666666674    3999.0000000000005    5824.333333333333    3746.3333333333335    3484.0
7953.333333333334    16272.0    26745.0    44972.00000000001    47773.0    29382.666666666664    15269.333333333334    10424.666666666666    10429.0    7978.666666666666    5762.000000000001    4815.666666666666    5143.333333333334    4165.333333333333    5698.666666666666    5188.666666666667    4264.0    4830.333333333333
10416.666666666666    13875.333333333332    26078.999999999996    40050.99999999999    44571.99999999999    32674.666666666668    17862.666666666664    11487.0    8188.333333333334    8781.333333333334    8603.333333333334    5633.0    4804.333333333333    3645.3333333333335    4997.0    3767.9999999999995    4327.0    4346.666666666667
