106599    157580    161454    89485
110106    150821    157062    90544
87129    154483    159046    85139
84684    196347    143165    90686
97814    146052    150846    102567
92170    170046    164660    110591
88348    164183    166927    96627
105208    164580    157630    98489
112390    179528    166075    101207
118246    153046    184029    89494
96581    139369    123862    82929
46358    69405    71136    42586
96305    158322    149651    89484
114604    171920    164731    109030
108332    148947    171091    96874
119123    174513    169440    104797
96559    175684    175239    108908
95090    158886    185469    93142
95764    184136    173040    93427
89451    152951    160919    95005
101525    145364    171036    104736
