11381    15817    30158    21188
9945    15606    21230    16310
12721    12859    17322    24055
11097    19095    14516    9583
14717    16248    15582    12322
7098    8993    7814    9808
10087    9814    10140    10605
6833    9735    5898    7419
5458    4389    3106    3179
2122    2519    4519    3795
4043    3179    1568    2943
1933    3910    6372    2576
7672    3916    11817    3826
7954    9002    8365    9407
10608    16095    12542    12778
10648    12616    13592    16631
14001    20870    22219    14670
13503    19686    25901    19895
12112    18799    19754    23285
10023    15674    20061    27301
13319    17797    24893    25956
