3248    13473    28870    32953
3292    9573    20935    29291
3825    10317    21882    30933
1921    6737    17183    28450
4703    6679    20103    27384
2704    4879    10362    15768
2112    6173    14201    18160
1828    8360    9132    10565
3344    1636    7535    3617
2335    2308    4598    3714
1823    5009    2038    2863
2522    5226    3525    3518
1404    6194    14810    4823
1972    7468    9944    15344
4728    10157    13704    23434
5199    9717    20365    18206
5196    12083    31450    23031
4208    20327    28913    25537
3136    17902    29860    23052
3392    11100    27464    31103
3939    12761    31000    34265
