14625    26264    55864    60480    48519    28247
16722    25288    52492    74261    50638    26932
13185    29686    42547    50501    41976    33013
16166    20132    41430    52199    32463    18047
18481    28392    47023    49875    36762    22305
17135    22299    44679    53859    41811    23570
12338    23445    43553    53833    41432    19367
18003    28460    36477    48187    33875    23936
17359    21085    40256    48081    28221    22411
14061    21635    36369    39629    31394    12980
13925    18352    25900    35139    33749    16639
21835    18374    41213    70329    47394    26513
16366    25250    46389    54835    36197    26689
16098    27766    48930    47940    43410    22111
22241    21834    54495    56668    34597    24572
14498    25728    55567    52560    39917    19200
17755    22123    47089    64297    34333    15898
14865    18678    49069    67878    44358    19619
14823    39859    65835    72047    47323    26266
16253    26187    51525    66885    67357    33039
12127    28463    50876    61507    59392    26516
