3338    5349    9256    5652    9282    7363    6877    13603    15352    16326    12713    29738    21421    28671    20321    28737
9056    5107    5391    6330    5537    7972    8468    21244    23005    25203    19305    20705    25322    16008    21014    26666
4502    7114    4533    6237    9412    8750    14147    16425    24454    12738    21631    17663    17864    16991    16813    11634
9886    19075    12045    14980    8850    14184    15862    16698    16487    17521    8201    9144    4539    3320    6626    3019
15273    11172    19493    14196    12193    9004    14975    17382    15128    12479    18294    13405    9340    8570    7702    4232
4641    8227    6871    15505    21602    13670    17965    13383    14427    11689    14496    9275    15695    7276    9762    18869
7551    7585    13370    22148    17805    13267    9538    12256    8997    12454    8113    13270    10801    12802    14222    9789
10891    10913    17747    13495    13863    15364    7876    15185    7333    18097    9491    6957    10449    11419    10194    9664
14073    13808    14183    13446    12972    11617    14352    7489    9022    8731    12369    8946    13075    8108    7406    7816
7919    10947    15166    8199    9205    10319    12751    9813    12813    7907    11494    7748    6471    6694    7703    10919
14427    8861    7721    8847    10037    11168    10400    9593    7734    8526    6613    6674    8136    7286    8843    8838
10509    6494    6679    7481    9200    11466    16232    14868    21182    25604    15948    18075    14398    16633    15538    15351
4558    6998    3784    8539    10809    18184    15514    13639    26140    13548    13263    12726    15969    14159    13149    14747
15586    20904    12952    16811    10798    15708    16775    19432    19255    16473    13304    8869    5116    6557    3919    3796
19868    18071    13022    11945    18990    21704    21012    30928    13847    12334    9638    5571    3960    4614    5111    3792
20953    20076    20529    17573    18375    16510    17967    17945    12295    8263    6405    7835    6791    7274    3945    4734
25515    14958    17048    19732    18203    20989    21427    16059    5615    5432    4448    9095    5656    7108    5647    4563
27006    21543    18295    17225    22028    27048    22982    11668    14771    9467    4614    5658    3059    3226    2970    2907
16765    26293    19105    23650    27181    17924    16873    12199    9986    11997    13839    13914    17209    11608    16063    11547
3829    3580    3747    4537    6988    6762    8057    3540    8762    25074    36347    30097    33768    26519    31441    28198
5174    4885    3784    3734    3750    4847    10312    6120    8695    11871    24202    31859    27819    29160    35104    27565
