20131    29286    71023    86112    64830    21858
23947    43059    91399    94189    53492    29704
20455    43281    75720    85141    57935    27615
27858    39399    78852    92206    71640    26427
22088    44163    109665    93817    47240    21616
28239    51596    108506    78801    63825    30666
30661    47713    79783    87478    37165    23860
25938    27247    66929    92161    52759    26199
21229    44236    66360    78234    53485    27699
19152    54451    85794    81062    39418    26907
23752    40195    72730    68713    40358    23198
19638    30837    40895    41772    30266    20282
23850    41692    56400    74973    49150    18398
25264    36563    55251    70990    44757    19838
24384    31080    74937    69804    41940    25178
22234    28549    51942    60380    40075    17281
20596    35561    62342    76716    39402    30738
29558    43110    84353    81129    39512    24540
21062    29412    68680    84299    48053    28504
22961    27831    70206    78898    61305    23153
30018    48980    85886    88291    44163    25526
20686    39743    76005    93444    53268    33018
23067    39269    84650    110101    60372    33708
17032    38460    88073    90059    58214    22035
22871    31879    61958    95491    73859    30622
27117    51522    102600    88688    47586    25680
26331    32510    80148    77861    60212    27718
28031    41895    76357    92303    46141    24479
17139    37905    71635    85291    71319    26534
19876    36639    77589    87375    65074    29381
22334    38093    79843    86046    79023    31241
