3793    5159    6060    3400    5386    4343    4016    3856    7155    10569    5998    11121    18083    34136    44960    53705    46716    24784
13218    31895    38571    43311    54176    36885    26303    21453    14573    8921    8730    5045    4805    4812    6612    5329    4703    6448
8949    15951    22423    29485    21983    19104    20748    8164    10307    6700    6015    7959    13710    30335    25297    18485    21637    22895
2145    7897    4554    6219    7199    5265    4665    8330    8074    7733    13450    26410    40998    41707    40596    37898    39402    33840
20735    39235    43611    38740    38911    46595    31590    17452    10053    9128    8681    6415    5708    3974    5676    4436    4143    3506
38247    38627    42275    31821    47208    31589    37232    26296    11471    9442    14583    6339    4906    4695    4878    5008    3142    3874
22332    41331    31041    31841    25956    36482    25873    19268    12451    9906    10018    11605    4847    4427    4299    5908    4973    4102
4281    4306    3810    6022    3335    7513    5888    8226    15814    18310    20652    32250    28885    23214    26076    22716    34414    25521
16653    16016    23208    14111    14639    18342    18420    16116    13798    7790    9912    15315    20309    20763    22612    14864    12822    15553
33081    18991    27315    24849    21535    22618    22772    28797    29640    19508    11190    11484    10139    5339    4890    4225    6077    4334
20230    22060    22445    17890    21511    17317    17856    15707    23277    25103    17329    14116    5529    5262    4733    7689    6261    4631
14704    12996    11376    13062    11226    10538    14435    14834    13086    9540    7436    13027    7524    7068    5518    6265    6544    4511
3832    6786    4211    7327    11551    16552    17246    23496    15144    15550    16564    17681    15034    15942    19154    16954    17634    23805
4403    3484    10318    17666    15938    18296    14487    19299    15391    16088    10585    15404    12074    17904    13686    14478    16487    16675
18159    11831    22856    13276    17761    10393    20246    15696    18797    13851    12001    11863    16314    15148    15625    8589    14635    10282
14102    19731    14609    14729    12916    12197    13901    17003    12582    10055    8649    11643    11390    11793    9485    9588    7998    8090
13282    16647    9015    10003    13604    22876    12989    13651    27424    18443    17418    20709    8810    13342    9219    14416    9205    14302
31848    30672    20610    24963    32313    25044    28802    21837    14997    17324    9039    9787    8719    5155    4992    6035    4368    5697
6008    3497    4053    6218    3352    3798    7320    5552    8791    7278    14103    30165    27541    33453    23977    35574    22574    36756
3999    5467    4705    3918    3761    3630    4552    6865    8765    8429    15873    21390    34853    26024    32785    34482    32076    32780
27951    33923    38209    31720    37229    35798    38623    18251    10553    7285    7772    8862    6059    4525    3170    4551    3408    4975
3677    2717    3472    3798    5092    5214    7176    4943    10759    12115    11991    17531    32027    42215    41184    40365    41712    30176
6087    4292    3436    5703    3346    7838    8938    7105    13128    7262    8630    11887    26563    41411    49062    53148    51006    42325
4247    4239    2962    5788    3432    3554    3791    4332    6344    10411    5890    10498    22885    46562    44687    47950    45863    40438
5365    6694    4894    5471    7967    4448    3676    6953    9538    9048    7726    12680    23297    36016    45339    55991    41538    30039
15398    23311    47972    46324    55798    43682    20665    20689    11668    11381    7170    5164    5013    3381    3742    7456    6031    8348
4087    3947    5223    8050    8391    4729    5514    7453    9153    8010    13051    10393    18227    40680    50751    40530    43443    23148
3425    4601    3816    6907    4852    4402    12882    7446    5774    8943    8923    16078    19125    30783    54967    49095    42083    25104
3195    4112    3672    4248    3817    5674    5582    4992    6883    9378    13909    12767    13621    37119    53069    62767    35044    29974
3873    3569    8310    5095    4174    3652    6891    8976    4500    6154    8413    11038    15057    45723    47899    58247    42915    31448
4703    4718    5872    5229    6824    6229    4878    8458    7935    6507    7539    18928    16270    40979    59648    54299    50749    26815
