14663    20718    47529    59443    45373    16825
16607    19461    51950    66834    46678    25643
14284    21414    29456    42078    38754    21997
14490    28396    44637    48599    39382    22650
16854    18792    49325    49365    33980    17881
10769    18678    30307    37753    31093    14681
11532    27121    44453    48533    32719    22185
12006    20919    36964    33541    28169    21863
17724    19870    36774    52354    32262    18754
15514    11904    27251    31387    19017    19363
18912    27501    50822    48148    37247    27800
18018    23294    41225    35880    35519    21102
19068    19838    40203    65300    34844    17852
21358    22244    43468    55918    39275    23374
14691    26322    51387    59383    34853    18681
18432    35937    51421    60008    37965    13018
13257    33427    49649    63823    38984    18619
21699    32726    50708    60910    39087    18046
20200    30585    60674    59751    42281    21054
18950    18941    51548    87459    56196    28812
18983    29583    69903    75047    61458    21209
