5187    6506    5040    6382    4944    6608    10301    9134    13700    20016    20505    19174    18797    16484    19632    22141
5328    6984    3511    6140    5845    4457    7985    13513    16619    36868    23255    23820    18955    18705    18419    16769
14192    10113    7092    10541    8623    12067    12211    9186    11676    12216    8945    7283    14687    10975    10917    7259
20021    16720    18668    15826    12119    16915    12517    13302    15444    16954    14434    6805    5965    4416    4092    3956
11504    16432    15208    13635    12205    8445    14404    11371    12925    11482    17172    10938    11006    6640    6054    6776
13436    11706    8885    10508    8548    9351    8512    8207    10995    10110    8599    9677    6369    8445    6777    3156
10454    16712    16220    18539    10951    11611    12220    9804    9551    16252    10434    9332    8550    10216    8048    7649
8027    8360    12383    8338    8021    7779    12825    7832    8561    7710    10103    7727    12460    13363    9894    10079
9780    6886    8446    8100    10365    10490    17356    14615    11782    8267    12509    12403    15566    14599    6148    10426
5762    8774    7479    5448    9170    6652    7306    7702    9020    7420    8636    7442    7889    6952    9889    8895
14068    11981    7295    13433    17020    17599    13240    17502    10692    18537    16917    10342    8241    14372    9424    9767
11149    13890    8706    9773    12576    14593    15882    10527    10278    11649    12808    10606    11087    5488    8774    7252
8010    8605    7786    7605    8168    14837    19725    11579    19747    17142    16431    8937    15048    8455    12534    12496
18104    11493    15707    19730    12041    15718    11055    15838    22507    13281    11847    8746    7728    7732    7268    6842
20994    19250    17916    16883    16572    14006    16702    23912    16505    9599    7130    5777    3546    6147    6343    4035
20464    20264    19323    20590    19613    17258    29248    18288    12170    11520    4106    6211    3976    3699    5977    4074
32289    19264    13531    21200    14175    36379    17223    11863    9954    9922    4874    10050    4353    5123    4557    3002
27983    24575    23036    25438    20459    19911    17378    9508    6599    8443    6296    6846    9589    5809    7303    4003
27851    21700    21954    25266    25534    28188    17063    13834    7765    5646    8568    7028    9644    5458    5387    3659
29481    36108    22654    22659    41063    28420    22379    12521    7967    7446    5399    4189    5001    6000    4100    6519
31911    37275    36141    32584    28491    25854    19340    13501    10174    7243    6072    7052    6741    3271    7018    3515
