12133.0    24487.999999999996    40207.666666666664    35457.666666666664    21283.666666666668    13434.333333333334    7739.333333333333    6810.666666666667    7340.333333333334    3213.333333333333    4065.333333333334    2978.0    3973.666666666667    2160.0    2509.3333333333335    2322.6666666666665
7372.666666666666    12507.0    18927.333333333336    20061.333333333332    17631.0    6969.333333333333    4523.0    4846.333333333333    4245.000000000001    4878.0    5132.333333333333    8823.666666666668    11405.666666666668    17374.0    17525.0    15193.333333333332
15094.333333333334    26073.000000000004    36035.33333333333    35006.33333333333    25747.666666666668    14701.666666666666    6649.666666666666    7469.666666666666    6228.0    4616.333333333333    4203.666666666667    3562.666666666667    2841.6666666666665    3200.6666666666665    2708.6666666666665    2820.0
14208.666666666666    28444.0    26667.999999999996    33388.666666666664    27818.666666666664    15949.333333333334    14739.0    7331.666666666666    5877.0    4366.0    3620.333333333333    2672.9999999999995    3080.0    2412.6666666666665    3535.3333333333335    2740.6666666666665
15877.0    23885.333333333336    33958.66666666667    27774.999999999996    25483.333333333332    19109.333333333332    9503.666666666668    6530.333333333334    5136.333333333333    4690.666666666667    3319.666666666667    3117.6666666666665    1845.0    2587.0    2491.0    3403.6666666666665
15982.0    21483.666666666668    31294.0    29761.0    23259.0    17043.666666666668    13113.333333333334    5037.0    4812.000000000001    3599.6666666666665    3349.6666666666665    2853.333333333333    2398.0    3947.3333333333335    2504.666666666667    2566.6666666666665
19749.0    20279.333333333336    24116.666666666664    28902.333333333336    20244.0    19432.333333333336    11140.666666666666    7660.666666666668    3801.0    3179.0    3315.6666666666665    2826.666666666667    2723.666666666667    4066.3333333333335    2072.3333333333335    2921.6666666666665
7784.666666666667    8039.333333333333    14082.999999999998    12480.333333333334    10229.0    6206.666666666667    5795.333333333333    8914.666666666668    4736.0    8317.333333333334    8736.666666666666    14705.0    15283.333333333334    10968.0    13112.333333333334    10928.666666666666
3281.0    3504.3333333333335    3391.0    3827.3333333333335    2579.3333333333335    2854.0    3013.333333333333    4179.0    4554.666666666666    8844.0    13354.666666666668    15406.000000000002    21524.666666666664    23414.333333333332    21818.333333333332    20794.999999999996
15496.666666666666    16415.666666666668    18334.333333333332    20604.666666666668    14502.333333333334    13794.666666666668    14764.666666666666    17547.333333333336    12187.333333333332    9506.0    4484.333333333334    3758.6666666666665    4568.0    2771.3333333333335    2210.6666666666665    2590.666666666667
14155.666666666666    15938.666666666666    19553.333333333332    19551.333333333336    12766.333333333334    11218.333333333334    10247.0    15391.000000000002    12632.666666666666    7946.333333333333    5383.0    4050.9999999999995    4668.666666666667    2702.3333333333335    3031.0    3001.0
10857.666666666666    11668.333333333334    14581.666666666666    14797.333333333334    15148.666666666666    13159.333333333334    12911.666666666666    9739.0    11856.999999999998    11536.0    10046.333333333332    6010.666666666667    7005.666666666666    3142.3333333333335    3036.3333333333335    3453.0
11271.666666666668    10879.333333333334    18181.666666666668    12572.000000000002    9032.000000000002    7568.333333333333    8806.666666666666    6448.666666666667    7589.333333333333    9462.666666666666    9634.666666666666    7517.666666666667    7315.999999999999    7334.0    4742.0    2469.666666666667
10913.333333333334    13478.666666666666    14070.000000000002    13035.666666666666    10263.0    7856.666666666667    7467.333333333333    8085.333333333333    6961.666666666668    6748.666666666667    7009.999999999999    7358.0    8892.333333333334    9001.333333333334    6312.333333333333    4980.333333333333
7129.0    12261.666666666668    18807.666666666668    13952.333333333334    10021.666666666666    6754.0    7712.666666666667    7376.999999999999    6350.0    5482.000000000001    3876.9999999999995    5453.333333333334    5533.333333333334    6259.333333333333    7107.666666666667    7492.0
6837.000000000001    7990.333333333333    13739.666666666666    12449.0    9138.333333333334    8890.0    5729.666666666667    4890.0    5398.333333333333    5674.0    7787.333333333333    5445.666666666666    6801.0    5909.0    6982.666666666667    7175.666666666666
7324.333333333334    7301.666666666667    7740.333333333333    8941.666666666666    8967.0    7809.0    9345.666666666666    11265.333333333334    10423.333333333334    11799.666666666666    7388.333333333333    6827.666666666667    8246.0    15095.666666666666    12385.333333333332    13130.0
10620.999999999998    15772.666666666666    21822.666666666664    20717.999999999996    14040.333333333332    11748.333333333334    12689.333333333334    11359.666666666668    12127.666666666668    5257.333333333333    3099.6666666666665    3355.0    4325.0    2366.666666666667    3444.9999999999995    2319.3333333333335
17561.666666666668    18188.333333333332    23619.666666666664    23111.0    20632.0    14499.999999999998    15669.999999999998    13670.0    9659.333333333334    4161.0    3683.0    4617.333333333334    3620.6666666666665    3634.3333333333335    2325.0    3410.3333333333335
9586.333333333334    10181.333333333332    10252.666666666668    7935.666666666667    9355.333333333332    10230.333333333334    9484.666666666668    6097.666666666667    4299.666666666667    5899.0    9448.666666666668    10402.999999999998    13790.0    16471.0    17388.0    15570.333333333332
11702.333333333334    16745.666666666664    17506.333333333332    23172.0    16634.0    11592.333333333332    11419.666666666668    6772.666666666666    4589.333333333334    4305.0    3777.6666666666665    6874.333333333333    9117.666666666666    11173.333333333334    11942.333333333334    11033.0
2603.0    2765.6666666666665    3656.0    3243.666666666667    3127.3333333333335    2964.9999999999995    4543.666666666667    4371.666666666667    3727.0    3804.0    7338.0    17129.333333333336    21467.0    25076.999999999996    29806.333333333332    28434.0
13809.333333333334    15953.666666666666    20068.333333333336    21024.666666666668    14760.333333333332    16242.000000000002    7506.333333333333    5795.666666666666    4671.666666666666    4662.0    6859.666666666666    6579.666666666667    9764.333333333334    14791.666666666666    16144.666666666666    10461.333333333332
15083.666666666668    30683.333333333332    36643.00000000001    33870.66666666667    28180.333333333332    18738.0    8860.0    5686.0    6045.0    5359.333333333334    3282.0    3018.0    3638.666666666667    2375.666666666667    3558.0000000000005    2783.333333333333
13696.0    25660.0    35010.0    33166.666666666664    27947.000000000004    13187.333333333334    8008.0    5846.666666666667    4226.0    4774.666666666667    3572.3333333333335    2216.6666666666665    2313.0    3194.6666666666665    3208.3333333333335    2614.6666666666665
14315.333333333332    30380.666666666668    35021.0    38030.66666666667    24778.0    14639.000000000002    7176.333333333334    5424.333333333333    4423.333333333334    4561.333333333333    3791.6666666666665    2913.3333333333335    2731.0    2417.6666666666665    2082.0    3922.0
15609.333333333334    24840.666666666664    36997.0    38009.99999999999    24973.666666666668    15515.000000000002    8797.333333333334    6030.999999999999    6608.000000000001    4025.3333333333335    2900.0    3047.0    4503.0    2172.666666666667    2665.0    2941.6666666666665
3687.0    4154.666666666666    2101.0    2454.0    3974.0    2974.333333333333    2830.3333333333335    3429.0    4027.3333333333335    4900.0    6017.666666666666    8829.666666666666    16766.333333333332    31877.666666666668    37387.66666666667    31273.666666666664
9588.0    19375.999999999996    36970.333333333336    46617.666666666664    29455.666666666668    15326.0    8878.333333333334    7931.000000000001    6238.666666666667    4657.0    2849.3333333333335    3421.0    1500.0    1824.3333333333335    2430.6666666666665    2832.3333333333335
15564.0    22550.0    39238.333333333336    41760.33333333333    21143.0    10077.333333333334    8064.999999999999    5977.666666666667    5242.0    3812.0    2944.6666666666665    3027.666666666667    2308.666666666667    4034.6666666666665    2647.0    3054.6666666666665
9910.666666666668    24306.333333333332    37898.33333333333    44179.0    20914.333333333332    11910.333333333334    6451.333333333333    6620.0    4843.0    4106.666666666666    2279.6666666666665    3264.333333333333    2061.3333333333335    2547.333333333333    2812.6666666666665    3201.3333333333335
