17707.0    13470.333333333336    34718.0    57869.0    63044.666666666664    36142.66666666667
18707.333333333332    15454.666666666666    34918.0    67043.66666666667    57852.333333333336    33145.0
21509.333333333336    15507.66666666667    26691.333333333336    55251.666666666664    68665.0    38262.333333333336
18519.333333333332    20352.666666666664    29629.999999999996    63085.33333333333    68158.33333333334    36142.99999999999
18148.0    19110.000000000004    32136.33333333334    63583.00000000001    62776.0    34985.666666666664
17568.0    18155.666666666664    32643.333333333336    59454.66666666667    53606.66666666667    36589.666666666664
20615.0    19610.0    44013.0    68540.33333333334    56816.66666666667    29651.999999999993
20649.0    23404.000000000004    45281.333333333336    69190.33333333334    65482.0    30692.333333333332
21537.999999999996    21517.666666666668    36487.99999999999    60974.99999999999    61168.66666666666    34629.66666666667
20442.666666666668    21780.666666666668    40993.0    67154.66666666667    58151.66666666668    32591.000000000004
18695.0    18117.0    28010.0    59218.666666666664    54657.333333333336    31891.666666666664
17964.0    19011.666666666668    32691.33333333333    56916.66666666667    48584.333333333336    34324.0
16409.333333333332    16829.999999999996    29809.999999999996    52595.0    49118.66666666667    29351.666666666668
18721.666666666668    18354.999999999996    34145.33333333333    51054.00000000001    44540.666666666664    28285.66666666667
19045.333333333332    16126.0    35235.00000000001    51436.0    46542.333333333336    27988.666666666668
19384.333333333336    17200.66666666667    29572.666666666668    48143.00000000001    49733.66666666667    29316.66666666667
16795.0    18586.33333333334    28424.999999999996    43784.33333333333    46312.66666666667    24444.333333333332
18826.333333333336    13931.999999999998    26907.666666666664    43274.666666666664    45282.333333333336    24360.333333333336
21057.666666666664    20997.333333333332    37167.00000000001    57146.66666666667    48368.33333333334    24942.999999999996
19401.333333333336    22392.999999999996    43196.666666666664    59852.666666666664    57561.666666666664    32454.666666666664
16650.666666666668    20274.333333333336    34841.33333333333    53496.666666666664    60166.0    33170.333333333336
19947.666666666668    13922.333333333334    36980.0    58142.99999999999    54602.99999999999    29754.666666666664
19230.000000000004    15527.0    29714.666666666668    57088.33333333334    62860.99999999999    34303.0
19094.666666666668    16233.000000000002    37913.666666666664    58733.333333333336    61649.333333333336    27505.0
18279.666666666664    17654.0    33015.66666666667    58670.333333333336    59831.666666666664    42317.66666666667
18566.666666666664    24019.000000000004    36629.333333333336    63941.00000000001    59781.66666666666    30526.666666666668
22422.666666666664    16384.333333333332    38843.66666666666    65514.0    62664.666666666664    33438.333333333336
20625.333333333332    20192.333333333332    45870.0    64324.66666666666    61318.0    29461.333333333332
19249.0    24428.666666666668    49191.66666666667    68027.66666666666    55714.33333333333    28064.333333333332
22439.33333333333    19627.999999999996    40920.66666666667    69290.66666666666    57631.33333333333    26802.333333333343
18599.666666666664    21978.333333333332    40835.0    65551.0    58237.66666666667    28908.66666666666
