2447.0    2747.6666666666665    4431.0    4142.0    4297.0    4183.666666666667    4754.666666666667    4292.0    5065.333333333333    5328.333333333334    6363.666666666666    8202.0    11062.333333333334    23082.333333333332    38530.0    40071.333333333336    33054.333333333336    20897.0
4393.0    3288.0000000000005    3458.3333333333335    3770.6666666666665    4051.6666666666665    5317.666666666666    4942.333333333333    5042.666666666667    4537.333333333334    7027.000000000001    5710.333333333333    7676.333333333333    15827.0    26268.0    35668.333333333336    39404.00000000001    32906.0    17832.333333333332
4189.0    4750.333333333333    6286.000000000001    2935.6666666666665    3592.6666666666665    3825.3333333333335    4230.0    4102.333333333333    4768.333333333334    5512.999999999999    8995.999999999998    8409.0    17302.0    24393.333333333332    34520.33333333333    37806.0    30668.666666666668    19599.333333333332
5172.666666666667    4010.6666666666665    4854.999999999999    3210.0    4555.0    3247.0000000000005    4713.333333333334    5989.333333333333    5899.333333333334    7560.333333333333    8971.333333333332    7869.333333333334    13379.333333333332    23583.666666666664    33022.33333333333    41685.666666666664    30828.666666666668    27335.666666666664
4356.666666666666    4618.666666666667    2936.333333333333    2222.333333333333    3355.6666666666665    3197.666666666667    4742.0    5133.0    6019.0    6615.333333333333    6673.333333333333    9118.666666666666    14909.0    24420.0    35048.0    35683.66666666667    32245.333333333336    29444.333333333332
3377.0000000000005    4112.666666666666    3969.0    3718.9999999999995    3970.333333333333    4215.0    6165.333333333333    5300.666666666667    4278.333333333333    5423.0    7047.333333333333    8498.666666666666    15444.666666666666    28232.0    32004.333333333332    29526.333333333332    29303.666666666668    23430.666666666664
14197.000000000002    19564.666666666668    27604.999999999996    25775.999999999996    31198.999999999996    28940.333333333332    25687.333333333332    12557.333333333334    11012.0    7722.333333333333    5261.666666666666    6393.0    4645.0    4567.0    4011.3333333333335    2759.666666666667    3884.0    3464.3333333333335
15490.333333333334    21925.999999999996    33635.0    31191.333333333336    25292.999999999996    27805.666666666668    19139.666666666668    19778.333333333336    9604.0    8118.333333333333    7766.666666666667    6506.666666666666    5638.333333333333    5416.333333333333    5523.333333333334    4276.333333333334    3221.3333333333335    4368.333333333333
17338.0    21168.666666666668    21312.999999999996    26554.0    27429.999999999996    23568.333333333332    22116.666666666668    16829.0    15204.000000000002    6280.333333333334    7125.666666666667    7425.333333333334    4343.666666666667    4240.666666666667    4407.666666666666    3315.0    3242.666666666667    4414.333333333333
23206.333333333332    23342.666666666664    20123.000000000004    25455.0    27672.666666666664    21084.0    20869.0    15316.333333333334    14765.666666666668    12071.333333333332    5473.999999999999    6687.000000000001    5138.666666666666    4786.333333333333    4828.0    3794.0000000000005    3054.0    3445.6666666666665
3112.3333333333335    3259.666666666666    3701.666666666667    4338.666666666666    3666.0    5724.666666666667    5238.666666666666    4629.666666666667    6517.333333333333    10890.666666666668    17197.333333333332    16679.666666666668    17828.333333333336    17681.000000000004    24000.666666666668    25864.0    22338.0    17921.333333333332
4154.666666666666    4264.333333333333    3606.6666666666665    4055.666666666667    4475.333333333334    4329.0    3713.666666666667    6061.666666666667    7418.000000000001    12922.666666666666    19314.666666666668    17799.0    18968.666666666664    17720.333333333336    19487.333333333332    24271.666666666668    20836.666666666668    16092.000000000002
3320.666666666667    4340.333333333333    4347.333333333333    5597.666666666667    5129.333333333333    5646.666666666666    5933.333333333333    12564.666666666666    17117.666666666664    13189.333333333332    16430.666666666664    10363.0    10771.666666666668    14733.666666666668    14655.0    21325.0    15655.333333333332    12993.333333333334
10661.333333333334    11074.333333333334    15105.333333333334    18705.0    17356.666666666668    14824.0    10175.0    9812.0    10609.0    10072.999999999998    9826.666666666668    11255.0    11513.666666666666    9908.0    9535.0    4796.0    3631.0    6241.333333333334
9449.0    8470.666666666666    12994.666666666666    17238.666666666668    15368.666666666668    13262.333333333334    9942.333333333334    11581.0    11904.666666666668    11620.333333333334    8610.666666666666    10967.333333333334    8948.0    8599.0    13850.333333333334    10103.0    7357.999999999999    6104.666666666666
7788.666666666666    12414.0    9847.333333333332    10247.333333333334    10101.333333333334    10935.0    8486.0    10998.333333333332    9237.333333333334    7486.333333333333    7799.666666666667    12358.666666666666    8695.666666666666    8363.666666666666    16581.0    18560.333333333336    13126.666666666668    10323.666666666668
11764.666666666668    10182.333333333334    9336.0    9209.666666666666    9043.666666666666    8781.666666666666    8191.333333333334    8755.666666666666    8253.666666666666    7003.333333333333    6885.0    7493.333333333332    8548.333333333332    11545.333333333334    15252.333333333334    18362.333333333332    12993.666666666668    6745.333333333332
7909.666666666666    8552.666666666666    10175.666666666666    7985.333333333334    8486.0    6700.666666666668    7025.666666666667    6634.333333333333    8360.333333333332    8018.666666666667    8159.666666666667    7627.999999999999    7542.999999999999    10485.0    15908.0    17412.0    16083.333333333334    9515.333333333334
15518.666666666666    16070.333333333332    19055.333333333332    21464.333333333332    18474.0    19161.333333333332    18471.666666666668    15888.999999999998    15184.0    11107.666666666668    7465.0    6375.666666666667    3980.0    5383.333333333333    3871.0    4215.0    4133.666666666667    3860.0000000000005
21760.0    21044.666666666664    23772.333333333332    26465.666666666664    17625.666666666668    19462.666666666668    23278.333333333332    17069.666666666664    13196.0    9677.333333333332    5364.0    6680.666666666668    6686.333333333333    4446.333333333333    6528.666666666666    4974.666666666666    3299.6666666666665    3527.3333333333335
3063.6666666666665    3986.666666666667    3098.666666666667    4515.999999999999    3712.666666666667    4526.0    5214.666666666667    4521.333333333333    6230.0    5121.333333333333    8299.333333333334    13176.0    17715.333333333336    26086.333333333332    26391.666666666668    33168.99999999999    24669.0    25101.666666666668
3952.0    4567.0    3822.3333333333335    3906.333333333333    5056.0    3949.6666666666665    4041.6666666666665    4116.666666666667    5074.333333333333    5667.333333333334    7932.333333333333    8782.666666666668    18315.666666666664    28901.666666666668    25990.999999999996    30182.666666666664    28540.333333333332    20551.0
4233.0    4079.6666666666665    3740.6666666666665    3813.0    3176.3333333333335    2979.3333333333335    5483.666666666666    4540.666666666667    5696.333333333333    6198.666666666668    5867.333333333333    10703.666666666668    14621.333333333334    26522.333333333336    28984.666666666668    33233.66666666667    29659.0    25190.666666666668
4532.333333333333    3312.6666666666665    4482.666666666667    3918.0    4297.666666666667    4047.3333333333326    3080.666666666667    4030.333333333333    4744.666666666667    4432.333333333333    7801.333333333333    8092.333333333334    15868.333333333332    24181.333333333332    30724.66666666667    32395.66666666667    38009.0    23177.666666666668
3544.6666666666665    3235.666666666667    4373.999999999999    3377.3333333333335    4912.666666666667    4144.0    4152.666666666667    4128.0    6609.333333333333    5152.666666666666    5340.666666666666    9448.0    13318.666666666668    26268.0    29645.333333333332    43440.0    34644.0    24033.333333333336
8489.333333333334    14263.000000000002    26462.0    37797.66666666667    30303.0    27673.0    19307.666666666668    14041.333333333332    8221.333333333334    9866.333333333334    5518.0    5660.333333333334    4003.333333333333    3733.0    5072.666666666667    4873.333333333333    4285.0    3894.0
6166.333333333333    15130.333333333332    18756.666666666668    27170.33333333333    29077.666666666668    18852.666666666668    14897.0    8092.666666666666    9216.333333333332    7852.000000000001    4518.666666666666    5439.666666666667    7631.999999999999    7774.666666666667    15328.0    17530.666666666664    13331.333333333332    12500.666666666666
9661.666666666666    16608.666666666668    27637.999999999996    39311.333333333336    38560.0    29425.666666666668    17093.666666666664    10821.999999999998    7323.0    7866.000000000001    6396.666666666666    5880.0    5184.666666666667    4884.0    3714.6666666666665    3569.666666666667    4897.333333333333    2954.6666666666665
11311.0    16751.333333333336    31785.333333333336    38505.666666666664    43033.666666666664    25738.000000000004    15456.333333333334    9582.333333333334    9732.666666666666    7077.999999999999    5089.666666666666    4549.333333333333    4813.0    3831.333333333333    5495.333333333333    3754.333333333333    3228.666666666666    4939.666666666667
7674.333333333333    16501.333333333332    26350.666666666668    42110.33333333333    38620.333333333336    25919.0    15392.666666666666    9547.0    8281.333333333332    9897.333333333332    6094.333333333334    4311.0    4053.6666666666665    3657.333333333333    5243.666666666667    4242.333333333334    4667.0    4148.666666666667
9262.666666666668    14274.0    28794.333333333332    40739.666666666664    36509.333333333336    27755.999999999996    12144.0    11512.333333333336    9165.333333333334    8522.666666666668    6421.0    4697.333333333334    4953.666666666667    4354.0    4006.6666666666665    3237.3333333333335    4148.666666666667    3611.3333333333335
