19752.333333333332    26938.333333333336    45049.0    74714.0    60390.0    27535.666666666664
18343.333333333332    20927.333333333332    47636.66666666667    79234.33333333333    58108.99999999999    30432.66666666666
20273.666666666664    20825.000000000004    38480.666666666664    61994.666666666664    63062.666666666664    27933.666666666668
20047.333333333332    20333.666666666664    45344.666666666664    69187.66666666667    67536.0    32000.333333333336
19947.0    18412.999999999996    33091.666666666664    62051.333333333336    66436.66666666667    36304.33333333333
19340.333333333332    17837.0    36002.66666666667    59001.333333333336    56881.0    37739.666666666664
19989.333333333332    21040.000000000004    42302.0    68382.33333333334    66406.0    27601.666666666664
20408.0    23342.999999999996    44363.0    64322.333333333336    52025.0    29097.000000000004
25085.666666666664    21033.000000000004    42802.66666666667    68600.66666666669    53971.0    30437.666666666664
17242.666666666664    17734.666666666668    34672.33333333333    58570.66666666667    58228.666666666664    33121.333333333336
18947.333333333332    16715.333333333332    32925.333333333336    57995.33333333333    59336.66666666667    27531.0
20282.666666666668    20313.333333333332    34583.0    54483.66666666667    58078.333333333336    22763.0
20409.666666666668    18923.666666666664    34051.666666666664    54898.333333333336    49480.333333333336    23752.000000000004
18523.666666666668    16534.333333333332    31763.000000000004    54248.666666666664    43399.0    24074.999999999996
17675.666666666664    20754.666666666664    36590.666666666664    49817.33333333333    46793.333333333336    27310.666666666664
17447.333333333332    17430.000000000004    30877.33333333333    50702.66666666667    51318.66666666667    27689.999999999996
16724.333333333336    12597.999999999998    24403.333333333336    42936.99999999999    35576.33333333333    27576.333333333332
13914.33333333333    15804.666666666668    24929.999999999993    41792.00000000001    34988.66666666668    17618.333333333336
19780.666666666668    20444.666666666668    41222.66666666667    52842.666666666664    53822.0    30700.333333333332
15101.000000000002    21267.33333333333    37326.0    55120.666666666664    67091.66666666666    34553.66666666667
16356.333333333334    18070.333333333332    35030.333333333336    61777.66666666667    62752.0    29760.333333333332
20838.666666666664    17676.0    32520.000000000004    61133.66666666666    64350.99999999999    38360.66666666667
19578.666666666668    20065.000000000004    37440.33333333333    60479.333333333336    58544.0    27386.000000000004
20506.333333333332    18771.999999999996    35918.0    58497.333333333336    61393.00000000001    37418.33333333333
17159.333333333332    20477.0    37698.333333333336    66041.0    59339.0    30234.66666666666
24336.666666666668    21163.000000000007    36441.33333333333    66527.0    61870.00000000001    31486.333333333332
19746.333333333332    16504.333333333332    39378.0    63721.0    61278.666666666664    33319.66666666667
19707.0    15900.999999999998    36131.333333333336    63070.666666666664    68007.33333333334    36873.0
20802.666666666668    15589.333333333332    35572.666666666664    64669.666666666664    62703.0    35861.666666666664
19265.0    15335.0    35114.0    59113.333333333336    66763.66666666667    32900.666666666664
18254.666666666668    19267.666666666664    33939.66666666667    67210.33333333333    64978.666666666664    35633.99999999999
