13302.0    22583.333333333332    38383.0    39781.33333333333    40737.0    22620.0    15173.666666666666    10887.333333333332    8115.666666666667    6549.333333333334    5220.0    4251.333333333333    4468.666666666667    4999.666666666667    4679.333333333334    3933.6666666666665    3854.3333333333335    4839.666666666667
14344.0    20081.666666666668    40954.666666666664    41524.66666666667    39891.333333333336    21486.0    12414.0    10197.0    9613.333333333332    8725.0    8293.666666666668    4670.333333333334    5023.666666666666    4314.333333333333    3147.0    3110.0    3603.3333333333335    3289.3333333333335
7230.333333333334    18216.0    21783.333333333336    27451.999999999996    19065.999999999996    17714.0    11319.999999999998    9375.333333333334    10315.666666666666    7256.0    6494.0    6507.666666666666    8278.666666666666    12063.0    14053.666666666666    12129.666666666666    12736.999999999998    10577.999999999998
14690.333333333334    21402.666666666668    35676.666666666664    34595.66666666667    37774.99999999999    29532.666666666668    15967.999999999998    12126.333333333332    9172.333333333334    6828.333333333333    5112.0    4770.666666666667    4757.0    5515.333333333333    4173.666666666666    4929.0    4410.333333333334    3013.6666666666665
4309.0    4486.000000000001    3968.3333333333335    3688.0    4126.0    4167.0    4310.333333333333    5629.333333333333    6520.666666666666    8143.666666666667    7923.666666666667    11420.666666666668    23107.0    26986.0    33935.0    34384.333333333336    27305.666666666668    21833.333333333336
3771.0000000000005    2771.666666666667    3190.3333333333335    3972.3333333333335    3413.6666666666665    4445.0    4294.0    5146.333333333333    5240.0    8275.333333333334    8699.999999999998    10241.666666666668    19983.333333333336    27373.333333333332    32559.999999999996    34327.0    28217.333333333332    20879.666666666668
18602.666666666668    24360.333333333332    33220.0    29109.0    26673.333333333332    25004.333333333332    19987.333333333332    15005.666666666668    7952.666666666667    9248.666666666666    6535.0    4410.333333333334    4766.666666666666    3982.0    4360.666666666666    4399.666666666666    5050.0    3053.0
17379.666666666668    27499.0    23757.666666666668    32010.333333333332    25738.0    22325.333333333332    21154.0    10644.0    10095.666666666668    6938.999999999999    6878.0    5357.666666666667    3844.333333333333    4673.0    2978.0    3267.9999999999995    3606.0    5410.666666666667
17988.0    20104.333333333332    27695.333333333336    27308.666666666668    31878.333333333332    22253.0    20012.0    12922.0    10321.666666666668    9606.666666666668    5175.666666666667    6198.999999999999    6794.666666666666    5331.666666666666    5245.0    4442.666666666667    4790.666666666667    3861.333333333333
6750.666666666667    8380.666666666666    11379.0    16672.666666666664    9978.333333333332    11000.666666666666    7717.0    7305.333333333333    7887.0    8965.0    13167.666666666666    16737.666666666668    15037.666666666668    15909.666666666666    15432.666666666666    14835.666666666664    16458.0    15955.0
3627.6666666666665    3277.0000000000005    3930.0    2633.333333333333    4682.333333333334    4991.333333333333    6576.333333333334    6846.000000000001    7826.0    11581.333333333334    15131.000000000002    20336.666666666668    16762.333333333332    20686.666666666668    23990.0    24243.666666666664    17829.999999999996    18499.333333333332
2976.6666666666665    3596.0    4237.666666666667    4097.0    3920.666666666667    7028.333333333333    6941.000000000001    7545.0    10754.0    16217.333333333334    18156.0    15795.666666666668    17729.666666666664    17704.666666666668    17764.666666666668    24337.0    18134.666666666664    13568.0
11781.333333333332    14901.999999999998    18267.333333333336    20528.333333333336    20463.666666666664    13245.0    9376.0    13328.666666666666    11796.0    14330.999999999998    10817.333333333332    9793.0    6987.333333333333    6451.333333333333    5302.333333333333    5860.333333333333    4106.666666666667    4178.0
10353.333333333332    12588.666666666666    14282.333333333336    19087.333333333336    15631.666666666668    11481.0    9326.666666666668    12134.0    11709.666666666666    11903.999999999998    9913.333333333332    9915.666666666668    9368.333333333334    8641.666666666666    6489.0    6174.666666666667    4153.0    5389.333333333334
6489.666666666667    9152.666666666668    13039.666666666666    17732.0    17762.666666666664    11377.0    13417.999999999998    11687.333333333332    11397.333333333332    11892.999999999998    8510.0    9855.333333333334    9763.666666666668    10253.333333333334    11164.0    8247.333333333334    8274.0    8925.333333333334
8374.333333333334    12474.666666666666    11872.0    10989.666666666666    10309.333333333332    11673.0    9393.333333333332    11244.333333333334    10815.666666666668    8238.0    9722.0    8840.0    8661.666666666666    9881.333333333332    13439.666666666668    18168.999999999996    11473.333333333334    9894.666666666668
9084.666666666666    6722.666666666667    7883.999999999999    6670.333333333333    6523.000000000001    5814.666666666667    7401.666666666667    5696.0    7026.0    8524.0    7375.333333333333    9481.333333333332    7740.333333333333    9818.666666666668    15122.000000000002    13908.333333333332    13666.333333333332    11356.0
7136.000000000001    6757.666666666667    14574.0    14667.66666666667    16583.0    10215.000000000002    8359.0    7397.000000000001    6913.0    5239.0    7456.333333333333    6689.0    4918.666666666667    5201.333333333334    8092.666666666667    6636.0    5875.333333333334    6337.333333333333
9694.0    7416.0    9964.666666666666    7863.999999999999    8691.333333333334    9071.666666666666    10118.666666666666    8377.333333333334    11932.666666666666    11014.666666666666    12394.000000000002    12735.999999999998    11724.666666666666    17356.0    19515.000000000004    22041.666666666668    15185.0    13715.666666666668
3590.0    4057.333333333333    3815.666666666666    4093.3333333333335    4727.666666666667    3890.333333333334    4157.0    4453.0    5051.0    11004.666666666666    13946.333333333334    18450.666666666668    19798.333333333336    23002.666666666664    27249.666666666668    32796.666666666664    23564.0    22812.0
4739.0    4165.0    3928.333333333333    3988.0    4185.333333333333    3970.3333333333335    3996.0    4587.0    4312.0    6427.333333333333    10689.666666666666    17828.666666666664    23702.333333333332    24639.0    29168.666666666664    29358.0    21583.333333333332    22478.999999999996
3540.333333333334    4169.666666666667    3649.6666666666665    3562.3333333333335    3328.6666666666665    4670.666666666667    4983.000000000001    4299.666666666667    8934.333333333334    4852.666666666667    8428.0    12992.333333333332    20651.333333333332    28513.333333333336    32444.333333333336    31324.999999999996    29758.999999999996    24775.666666666664
12488.333333333332    16490.0    13842.333333333334    22733.0    18359.333333333332    17021.333333333336    11890.666666666666    8456.0    6002.999999999999    6327.0    6745.333333333333    6833.0    6590.0    12563.0    15480.666666666668    17724.333333333336    14283.0    9662.999999999998
4810.0    7222.666666666666    7221.999999999999    9800.666666666666    7321.0    7666.666666666667    5108.666666666667    6353.666666666667    6010.0    7588.333333333334    5813.666666666666    9224.0    18673.666666666668    22187.0    26775.333333333336    30940.999999999996    25979.666666666668    23807.0
8912.666666666668    11663.666666666666    11755.666666666666    13753.666666666666    11175.666666666666    10717.000000000002    9604.999999999998    5899.666666666666    5225.0    6951.666666666666    7881.333333333333    7793.0    11272.0    20776.0    23382.666666666664    29080.333333333332    20549.666666666664    14554.666666666666
9211.666666666668    17734.0    22080.0    27898.666666666664    26610.666666666668    17269.333333333336    11451.0    7021.000000000001    9591.0    4133.0    5887.666666666667    7297.0    11297.666666666666    13856.333333333336    14797.333333333334    14007.666666666666    11691.0    9989.333333333334
3433.6666666666665    4520.666666666667    3240.3333333333335    3494.6666666666665    3147.3333333333335    3393.6666666666665    4195.0    3667.3333333333335    4086.0    6002.000000000001    7976.666666666666    8826.0    17384.0    30574.333333333332    37501.0    40245.33333333333    27749.333333333336    24510.666666666668
2207.6666666666665    3344.0    5170.0    3407.3333333333335    3939.666666666667    3830.0    5637.666666666667    5191.0    4285.333333333333    5547.666666666667    6800.999999999999    9541.0    15842.333333333332    29513.333333333332    41370.0    41175.33333333333    33100.0    19787.0
3369.0    2399.3333333333335    4103.0    4416.333333333334    3369.3333333333335    4191.333333333334    3661.9999999999995    4821.666666666667    5414.666666666666    5640.333333333333    6716.666666666667    9795.333333333332    13026.333333333334    26955.666666666664    42601.333333333336    45863.666666666664    33618.99999999999    15234.000000000002
3561.3333333333335    4309.0    3283.333333333333    2907.6666666666665    3824.6666666666665    5196.666666666667    4309.333333333333    4844.333333333333    6591.666666666667    5073.333333333333    9421.333333333332    7779.333333333332    12696.333333333334    27226.333333333332    39654.666666666664    36777.0    30614.0    20421.333333333336
3674.3333333333335    3565.333333333334    4560.666666666667    3532.666666666667    3988.0    3904.666666666667    5006.666666666666    5526.333333333333    4288.666666666667    4839.0    9329.333333333334    8705.666666666666    12763.333333333332    26533.0    42825.333333333336    51631.0    26623.000000000004    17988.0
