18396.666666666668    31990.000000000004    31595.666666666668    33184.33333333333    37400.0    26875.666666666668    23481.333333333332    12940.666666666668    8387.333333333334    10734.666666666666    13939.000000000002    16582.666666666668    21880.333333333332    33505.0    37150.0    37927.66666666667    28702.000000000004    21875.666666666668
18304.666666666668    20850.0    30419.666666666668    34677.333333333336    33116.333333333336    27678.0    22213.000000000004    15862.666666666666    14885.666666666668    10175.333333333334    10075.666666666666    15421.0    19151.999999999996    24853.0    30544.666666666668    22527.333333333332    25314.0    23188.666666666668
21205.0    25339.0    26734.666666666668    24388.666666666668    26162.0    21912.333333333332    23505.666666666664    20341.0    16309.000000000002    13860.333333333332    15682.333333333334    21624.333333333332    27648.333333333336    27539.333333333336    25377.0    23035.333333333332    20828.333333333332    25428.0
16454.333333333332    20111.333333333336    23567.0    31073.0    26373.666666666668    24026.333333333332    21222.666666666668    21449.0    20634.0    17808.0    17841.666666666668    21577.0    20607.333333333332    25488.333333333332    32677.666666666664    23085.333333333336    28911.666666666668    19369.333333333332
16730.666666666668    18255.333333333332    32315.333333333336    32744.666666666664    31424.666666666664    23345.0    15480.333333333334    16660.333333333336    17854.0    16749.0    23351.666666666664    17575.0    17275.333333333336    22700.333333333336    30018.0    31121.000000000004    25485.666666666668    17899.333333333336
12857.333333333334    18061.333333333336    22982.0    33157.66666666667    27686.666666666668    21862.0    14785.666666666666    18436.666666666668    25216.333333333332    28013.666666666664    28304.0    19732.0    15216.666666666666    20160.333333333336    24631.333333333332    28871.666666666668    21733.666666666664    16757.0
14170.333333333334    17588.333333333332    26415.666666666668    29134.333333333332    25494.666666666668    21213.333333333332    17643.333333333336    21113.333333333332    23027.666666666664    23089.0    24047.333333333332    20307.666666666664    14961.0    18929.0    26842.666666666668    29009.666666666664    19094.666666666664    13621.000000000002
11893.333333333334    12833.666666666666    21320.333333333332    26741.0    23916.333333333332    22006.000000000004    20824.333333333332    22206.0    23791.333333333336    22098.66666666667    21407.999999999996    21384.333333333332    18315.333333333336    22476.999999999996    24161.0    26273.666666666668    21797.666666666664    18053.333333333336
10683.333333333334    14311.666666666668    23284.666666666668    27916.0    24141.333333333332    24576.333333333332    20147.666666666668    18651.333333333336    20802.333333333332    22292.333333333332    20813.666666666664    18661.333333333332    21523.333333333332    23990.999999999996    26533.666666666668    24662.666666666668    27535.666666666668    15078.666666666666
9606.333333333334    16211.333333333332    22102.666666666664    26530.666666666664    26869.333333333336    20848.333333333336    17433.666666666668    20636.666666666664    19374.666666666668    23551.999999999996    18789.0    20225.333333333332    16226.333333333334    20472.666666666664    23258.666666666664    21449.333333333332    20797.333333333336    11608.333333333334
14856.333333333332    18313.666666666668    22551.666666666668    23493.0    24129.333333333332    14428.000000000002    17105.666666666668    25171.666666666668    25999.0    28660.000000000004    25150.0    18092.0    18385.666666666668    18008.333333333332    19928.000000000004    20309.666666666664    17608.333333333336    16616.333333333332
15767.333333333336    15878.666666666668    28766.66666666667    35012.99999999999    30816.333333333336    21376.333333333336    14863.666666666666    14292.333333333334    19211.333333333332    24930.0    26687.333333333332    20307.000000000004    14890.333333333332    20370.666666666664    31554.66666666666    29253.333333333336    24829.999999999996    18841.666666666668
19965.333333333336    22096.666666666664    30298.0    30784.666666666668    28861.666666666664    21859.666666666664    18458.0    12619.666666666666    14145.333333333334    15990.666666666666    19254.0    16616.0    19349.666666666668    23292.333333333332    29376.666666666664    26208.0    26645.0    20576.666666666668
19880.0    24117.666666666668    26472.666666666664    35531.666666666664    26842.666666666668    25858.666666666668    15763.666666666666    19626.0    13581.333333333334    14054.666666666666    18815.333333333332    19911.0    22741.000000000004    21943.0    30437.0    28247.333333333332    24516.333333333336    17102.333333333336
20182.666666666668    27004.333333333336    29097.0    36365.333333333336    32354.33333333333    25705.0    22626.666666666668    17274.0    13767.666666666666    10673.0    12542.666666666668    15389.333333333334    18941.666666666668    30050.000000000004    29890.333333333332    33137.0    28777.0    20061.666666666664
18445.333333333332    20530.333333333336    28051.0    30245.000000000004    33031.333333333336    23580.0    18388.333333333336    17088.666666666668    14779.333333333334    11718.0    12258.666666666668    14823.333333333332    24372.0    30073.0    32444.666666666664    27365.333333333336    25485.333333333336    18815.0
17933.333333333332    21164.0    41190.66666666667    33538.0    35732.33333333333    25716.000000000004    19136.0    13660.666666666666    9904.333333333334    12093.333333333332    13310.333333333332    14531.999999999998    25264.0    27793.333333333336    34872.333333333336    30001.666666666664    30270.666666666668    20429.333333333332
20276.666666666668    30808.666666666664    37128.333333333336    36667.666666666664    37194.666666666664    25419.0    20241.666666666664    10604.0    8405.333333333334    9999.333333333334    9724.666666666666    15454.666666666668    25935.666666666664    26730.333333333332    38091.33333333333    34167.333333333336    26078.999999999996    18897.333333333336
16802.0    25190.333333333332    33517.66666666667    43271.333333333336    36583.0    27013.333333333332    15827.666666666666    11077.333333333334    8876.0    10139.333333333332    8546.333333333334    13434.333333333334    24409.666666666668    30721.999999999996    37803.0    38177.0    31090.000000000004    22151.333333333332
15121.666666666666    26568.666666666664    34927.66666666667    42254.666666666664    41096.333333333336    28219.0    18260.333333333336    9935.333333333334    10193.0    10497.666666666666    8961.666666666666    15096.666666666666    20348.0    30595.333333333332    37688.66666666667    42131.00000000001    27987.666666666668    20452.0
12648.999999999998    24248.333333333336    38975.0    36010.0    38293.33333333333    24835.999999999996    15165.666666666666    10826.000000000002    8737.333333333334    9805.666666666666    11308.999999999998    10361.333333333334    19211.333333333332    28494.333333333332    35757.333333333336    42201.333333333336    35720.0    20771.0
