19323.0    35057.0    79873.33333333334    116931.33333333336    116287.33333333331    79076.66666666669
18461.0    25249.333333333332    69631.66666666666    118196.99999999999    110432.99999999999    57287.0
20719.666666666668    29039.666666666668    67839.0    106864.66666666669    116384.33333333334    66073.33333333334
18255.000000000004    26028.333333333332    68978.0    113768.33333333333    113386.00000000001    71861.99999999999
23943.666666666664    34282.66666666667    64376.00000000001    114743.33333333333    106860.66666666667    62779.33333333333
22586.999999999996    26423.666666666668    72330.33333333333    105646.33333333333    106241.0    65237.666666666664
19115.666666666668    32261.333333333336    66243.0    111189.66666666666    94235.33333333333    62658.00000000001
18243.666666666664    28653.333333333336    80673.0    97660.33333333331    98749.66666666667    57521.33333333334
22515.333333333336    23882.0    59674.33333333334    108098.66666666667    105809.33333333331    65627.33333333333
20213.33333333333    26401.333333333336    55181.0    96637.33333333331    95770.33333333331    61789.333333333336
19764.333333333332    24913.666666666664    65971.33333333333    104963.66666666666    93919.66666666669    59273.99999999999
20236.666666666668    28404.333333333332    70846.0    116891.33333333336    107115.33333333333    64157.00000000001
20807.333333333332    28653.666666666668    79715.66666666666    107455.0    101706.33333333333    58060.00000000001
21722.333333333332    33641.33333333333    68783.33333333334    109118.66666666666    105889.66666666667    66287.0
24093.66666666667    31477.333333333343    70957.33333333333    115690.0    120501.66666666664    61119.666666666664
23347.333333333336    31437.333333333332    60774.66666666666    115149.33333333334    102288.0    68498.0
18941.666666666664    29760.000000000004    63556.0    116440.66666666666    124492.0    73352.0
19947.333333333332    32378.333333333332    80411.33333333333    125343.33333333333    113437.0    60308.33333333334
20531.0    27373.333333333332    76570.66666666667    125073.33333333333    118160.33333333334    66923.0
25074.666666666664    25816.33333333334    79648.33333333331    121534.66666666666    115164.33333333334    73096.99999999999
20006.0    33807.33333333333    75231.0    123599.99999999999    107323.66666666667    63404.0
