23882.666666666668    24070.333333333332    37625.33333333334    64043.999999999985    66984.33333333334    35894.33333333334
22493.999999999996    20153.0    42498.33333333334    69120.66666666666    57555.666666666664    36001.666666666664
23752.666666666664    21941.666666666664    37743.33333333333    67617.33333333333    61771.33333333333    29881.000000000007
20898.999999999996    21371.0    38651.666666666664    72121.66666666667    65763.66666666667    34035.0
20101.333333333336    17017.666666666668    39480.66666666666    75047.00000000001    60058.66666666667    32220.666666666668
24520.666666666664    22097.666666666668    41158.33333333333    72194.66666666667    60668.66666666667    33670.333333333336
19326.333333333332    20853.666666666664    31698.666666666664    59791.66666666667    65442.66666666667    38673.66666666666
19700.0    19069.666666666664    28160.666666666668    48420.66666666666    57966.333333333336    31684.333333333336
21709.666666666664    18064.0    31389.666666666668    52476.99999999999    55475.99999999999    36408.666666666664
18104.666666666668    17332.666666666668    33299.0    59043.00000000001    56302.66666666667    37830.0
21293.000000000004    23701.33333333334    36463.0    62453.66666666667    55265.33333333333    30486.0
20040.999999999996    21335.33333333333    32077.999999999996    51976.0    55254.99999999999    32314.666666666664
22652.66666666667    17700.0    30640.666666666664    49893.66666666666    52054.333333333336    31782.0
17856.666666666664    16081.000000000002    29735.0    51681.99999999999    50519.666666666664    28021.333333333336
17563.333333333332    18522.66666666667    31392.333333333336    53757.666666666664    51471.33333333333    30802.000000000004
20085.66666666667    17378.0    30454.999999999996    45653.66666666667    51290.333333333336    31807.0
18711.0    17418.666666666664    32715.0    54271.66666666667    54159.666666666664    33366.666666666664
15452.66666666667    15027.333333333332    28351.000000000004    34653.0    40012.0    29393.333333333336
19220.0    17987.333333333332    28177.0    52027.0    53202.333333333336    40527.33333333333
21130.0    16813.0    31507.333333333336    51692.666666666664    48923.66666666667    35085.66666666667
19260.000000000004    16532.333333333332    28792.0    53860.666666666664    52892.33333333333    35896.666666666664
19296.0    15458.666666666666    26625.666666666664    52435.33333333333    62397.0    36263.0
17636.0    16304.333333333336    32568.333333333332    53568.333333333336    60396.99999999999    39367.66666666667
22669.666666666664    16745.333333333332    30199.000000000004    55015.333333333336    62955.33333333333    32819.333333333336
15885.333333333336    15025.333333333332    31100.333333333332    51539.666666666664    59277.0    41397.33333333333
19430.0    19160.333333333336    36822.0    65945.66666666667    60921.66666666667    39872.66666666667
22578.666666666668    20694.333333333332    36541.666666666664    66642.66666666667    57321.00000000001    28757.333333333332
23385.666666666664    21339.0    40068.333333333336    60924.666666666664    57903.66666666666    38810.00000000001
22620.333333333332    19874.666666666668    35297.99999999999    65563.0    61041.33333333334    33767.0
21324.0    24152.000000000004    42782.66666666667    62230.00000000001    59775.33333333334    33259.0
21617.33333333334    19002.999999999996    37097.333333333336    62147.99999999999    61219.66666666667    36147.66666666666
