10284.666666666668    13257.333333333334    27002.33333333333    39202.666666666664    41912.666666666664    30165.0    19070.0    13374.0    11529.666666666666    6154.333333333333    5668.666666666666    6781.0    3811.6666666666665    4568.0    6260.333333333333    4944.666666666667    4304.0    4210.0
9151.666666666666    14458.333333333334    27387.666666666668    42505.0    40070.666666666664    30201.999999999996    18203.0    11123.666666666668    9220.333333333334    6580.666666666666    5464.666666666667    5966.0    4540.0    4651.666666666667    3950.9999999999995    5146.000000000001    4392.666666666667    4808.333333333334
8485.333333333332    14261.0    24153.333333333332    32832.0    35195.0    34752.66666666667    22016.000000000004    14546.999999999998    11079.0    9753.666666666666    5769.333333333333    4942.333333333334    4269.333333333334    3158.3333333333335    4753.0    4704.0    3954.3333333333335    4081.6666666666674
11941.666666666668    16759.666666666668    30201.999999999996    38140.33333333333    32751.000000000004    29715.999999999996    21633.333333333336    16818.666666666668    8693.333333333334    8632.333333333332    6118.000000000001    5671.0    6046.666666666666    3589.666666666667    4240.333333333334    3293.0    3348.6666666666665    5246.333333333333
12131.666666666666    15928.333333333332    26576.666666666668    29879.333333333332    31475.666666666668    35239.0    22591.666666666668    12958.0    10705.666666666668    6722.0    7761.333333333333    5295.0    4382.666666666666    3725.6666666666665    4092.666666666667    4668.0    4079.3333333333335    5713.333333333333
12522.666666666668    20674.000000000004    27650.333333333336    29013.000000000004    33983.0    28263.333333333336    22144.666666666668    16234.333333333332    11624.666666666668    7834.333333333333    8088.0    5885.000000000001    5219.0    4368.666666666667    7420.666666666666    3720.0    4260.666666666667    5404.0
3646.3333333333335    3524.3333333333335    4453.666666666667    3903.0    5045.333333333333    3108.0    4580.666666666666    5061.333333333333    7291.333333333333    6213.333333333333    5811.666666666666    10293.333333333332    23608.0    23995.333333333336    28206.0    32832.0    32274.666666666668    31938.333333333336
3756.6666666666665    3661.6666666666665    3793.666666666667    4217.0    4130.0    3454.6666666666665    4564.666666666667    4419.333333333334    5057.333333333334    5526.333333333334    7670.666666666668    13006.000000000002    17250.999999999996    20522.0    24727.0    27387.333333333332    24097.0    27759.333333333332
3783.6666666666665    3074.3333333333335    3757.6666666666665    4086.3333333333335    3425.0    3938.333333333334    5233.666666666667    8097.666666666667    6505.000000000001    6599.333333333333    10895.666666666666    12139.0    18791.000000000004    20388.999999999996    22822.666666666664    27180.0    29831.000000000004    24975.666666666668
10415.000000000002    8499.666666666668    9178.333333333334    8111.0    8695.333333333334    7601.666666666666    11941.666666666668    10020.666666666666    9718.666666666666    12627.0    10743.999999999998    14714.666666666666    12716.333333333334    14506.999999999998    16486.666666666668    19916.333333333332    18902.333333333332    17115.666666666664
16358.666666666666    12965.333333333334    16702.333333333332    21586.666666666668    26069.666666666664    24137.0    11670.0    19743.333333333332    17201.666666666664    17201.0    14147.0    6732.666666666667    4590.333333333334    4909.333333333334    3971.9999999999995    4225.000000000001    4134.0    3316.333333333333
7453.666666666666    5017.666666666667    9584.666666666666    15851.0    16343.333333333332    10499.666666666666    10696.000000000002    7537.333333333334    13180.0    15544.333333333332    13890.333333333334    14468.0    13494.666666666668    12003.0    11504.666666666666    11154.333333333334    13513.666666666666    11263.666666666666
7811.666666666666    11000.333333333332    12171.333333333332    18044.666666666668    18004.666666666668    15103.999999999998    13305.333333333332    10478.333333333334    12618.666666666666    11988.666666666666    12587.333333333334    10477.666666666668    12981.666666666666    11764.0    7372.0    6788.333333333334    5616.0    6608.666666666667
9399.666666666668    9913.333333333334    13150.666666666666    14549.666666666666    19176.0    16583.0    12178.0    10831.0    10981.666666666666    8503.666666666668    9498.666666666666    9165.0    8140.666666666667    7616.0    9279.0    10782.999999999998    8721.666666666666    5425.000000000001
8191.333333333333    9780.666666666668    11786.333333333334    11158.000000000002    11530.333333333334    10347.333333333334    8427.0    9212.0    9970.000000000002    10339.0    8564.666666666668    9593.666666666668    8844.666666666666    12700.333333333332    16279.666666666668    20198.666666666668    14133.333333333334    12452.333333333334
9278.333333333334    10449.0    11553.666666666666    10221.666666666666    11631.333333333334    7669.333333333333    8637.0    8228.666666666666    7261.333333333334    9158.333333333334    8995.0    8650.666666666666    9847.333333333334    10841.666666666666    17175.0    20442.0    16446.666666666668    10182.666666666668
6976.333333333334    7410.0    8593.333333333332    8114.333333333333    9524.0    7365.666666666666    7487.666666666667    9269.666666666666    10088.0    10272.000000000002    15542.666666666666    14893.0    14665.0    14297.666666666668    17138.333333333332    19188.333333333332    15555.666666666666    14260.999999999998
2583.0    4164.333333333333    3473.3333333333335    2896.333333333333    3705.9999999999995    4417.666666666667    4382.666666666666    5375.333333333333    6190.333333333333    7640.666666666666    7959.0    8468.666666666666    12349.666666666668    12035.666666666666    20040.0    19260.0    19382.333333333332    18564.333333333336
3261.3333333333335    3262.0    3212.3333333333335    4468.333333333333    3216.0000000000005    3676.0    4419.333333333334    5795.333333333333    5475.333333333334    5620.333333333333    13416.0    18021.666666666668    18690.0    19084.333333333336    21243.666666666668    27597.666666666668    27630.0    23051.333333333336
3161.6666666666665    3180.6666666666665    3801.3333333333335    3550.6666666666665    4966.333333333333    4818.0    3879.3333333333335    4998.333333333333    6110.666666666667    5880.333333333334    6557.333333333333    13744.666666666666    23265.333333333332    23343.333333333332    20801.333333333332    26686.333333333332    25536.666666666668    20869.999999999996
3297.6666666666665    3510.6666666666665    5178.333333333333    3447.0000000000005    4452.333333333334    4067.3333333333335    5432.666666666667    5523.333333333334    6598.333333333333    6494.0    6498.666666666666    10180.666666666666    13751.0    23375.666666666668    24701.333333333332    28099.333333333336    28289.666666666668    24336.0
3899.6666666666665    4835.0    3170.0    4814.333333333333    3425.666666666667    4182.666666666666    4316.0    5109.666666666667    5670.0    5704.0    5600.333333333334    9330.0    15998.0    20045.0    28407.333333333332    31632.666666666668    29417.666666666664    26917.666666666668
4156.0    3983.666666666666    4340.666666666667    3295.3333333333335    4818.666666666666    3371.3333333333335    4048.3333333333326    4802.333333333334    5494.666666666667    7018.666666666667    4929.999999999999    8234.0    13274.333333333334    21343.333333333332    31430.666666666664    34674.33333333333    33629.33333333333    26996.0
3484.333333333333    4977.0    2734.3333333333335    3741.0    4701.333333333334    4551.0    6627.0    4680.333333333333    5638.0    5910.666666666667    7004.333333333333    7453.0    11183.333333333334    15907.666666666666    35285.66666666667    34710.0    32361.333333333332    29453.666666666664
2904.6666666666665    3826.333333333333    4537.666666666667    2699.666666666667    4258.0    4009.666666666667    4563.333333333334    5509.666666666667    4938.0    5605.333333333333    5746.666666666666    5763.0    11809.333333333334    20790.666666666668    31110.0    35074.0    35291.666666666664    25787.333333333336
7814.333333333333    6707.0    14354.333333333334    15882.333333333334    13758.0    12707.333333333334    10703.666666666668    8956.333333333332    6755.666666666668    6104.333333333333    8224.666666666668    6069.0    10537.333333333332    15984.000000000002    24027.666666666664    28062.666666666668    29049.0    16454.666666666668
8189.666666666667    14596.333333333334    23165.666666666664    32501.0    41507.0    29032.999999999996    18730.666666666664    10361.000000000002    8950.0    8128.333333333332    5885.999999999999    4816.0    4371.333333333334    3746.3333333333335    4433.0    3978.0    4922.0    5220.333333333334
7509.0    12954.666666666666    17116.333333333336    36038.0    46060.33333333333    34673.333333333336    20689.333333333336    10808.0    9905.666666666668    8503.0    7227.999999999999    5874.333333333334    4451.0    4813.333333333333    3325.6666666666665    3524.0    3967.666666666666    4989.666666666667
11007.0    13780.666666666668    23955.666666666668    43156.0    40720.66666666667    26234.333333333336    15773.999999999998    9051.666666666668    10058.0    8205.0    6413.333333333332    5196.666666666666    4558.333333333333    4371.333333333333    3495.3333333333335    4138.333333333333    4600.333333333334    3447.6666666666665
8734.0    13249.333333333336    23459.333333333336    34060.666666666664    46623.666666666664    29385.333333333332    20190.0    11919.999999999998    9561.666666666666    9672.666666666668    5644.333333333334    5019.666666666666    5181.999999999999    3936.0000000000005    4825.333333333333    4014.3333333333335    3372.3333333333335    4672.333333333334
10174.666666666668    10383.000000000002    20477.0    30988.0    45250.66666666667    31490.333333333332    20008.333333333332    10514.666666666668    10429.333333333334    9990.0    5603.999999999999    5477.666666666666    5178.333333333333    3866.0    4310.0    4378.333333333333    4175.333333333333    4537.333333333334
