19899.333333333336    29564.66666666667    60739.333333333336    86205.33333333333    79957.33333333334    38363.33333333332
16968.0    29755.0    72041.99999999999    87499.33333333334    79051.66666666667    39258.666666666664
15846.66666666667    23740.0    61000.666666666664    84295.33333333333    72778.33333333333    39765.666666666664
16492.666666666668    28724.666666666668    63499.999999999985    88918.33333333331    77764.33333333336    40463.99999999999
18795.0    23358.333333333332    57862.333333333336    79683.66666666666    76399.99999999999    40094.666666666664
18049.333333333332    23766.333333333332    48904.333333333336    76595.0    75774.66666666667    44936.666666666664
19816.0    32592.000000000007    62969.00000000001    88006.33333333333    75667.99999999999    40593.333333333336
20677.333333333336    29794.999999999993    62590.666666666664    95851.66666666666    70961.99999999997    37731.33333333334
21560.333333333336    32403.666666666668    65041.66666666666    80128.66666666667    72667.66666666667    38745.666666666664
18659.666666666664    26758.333333333332    61865.0    84873.66666666667    72934.33333333334    42359.666666666664
21345.333333333332    28153.666666666668    52173.33333333332    77252.33333333333    65343.66666666666    40733.0
19055.666666666664    28248.33333333333    51800.0    75930.66666666666    64364.00000000001    38276.666666666664
18209.666666666668    22698.0    44751.333333333336    68195.66666666666    64808.66666666666    36450.666666666664
19581.666666666668    23747.333333333336    42662.666666666664    69982.0    70479.66666666666    38690.0
20384.333333333332    23549.66666666666    45807.666666666664    77652.0    68258.66666666666    34835.33333333333
15043.333333333334    29413.0    51990.333333333336    66660.0    58958.666666666664    35763.66666666666
19189.0    25474.666666666668    49636.333333333336    71409.00000000001    70472.0    43022.0
17705.0    24061.000000000004    48903.0    73918.66666666666    73452.33333333334    42725.333333333336
18458.666666666668    27445.333333333336    52825.333333333336    81293.33333333336    73533.33333333333    38581.33333333333
17537.333333333332    31561.333333333332    64341.33333333332    83381.33333333333    79657.33333333334    40521.666666666664
17960.333333333332    36747.33333333333    71614.33333333333    92486.33333333333    82855.33333333333    40977.66666666667
16793.999999999996    25505.0    56921.66666666667    81337.33333333333    80628.66666666666    39656.33333333333
17760.0    31310.66666666666    73332.66666666666    90547.66666666669    77478.00000000001    41258.00000000002
18685.666666666668    26330.333333333332    59369.333333333336    91259.66666666669    75400.66666666666    41584.33333333333
19508.33333333334    28926.999999999993    60616.333333333336    86712.33333333334    72201.66666666667    42241.66666666667
18057.333333333332    30140.33333333334    74097.99999999999    93449.33333333333    83742.33333333334    41420.33333333333
20564.333333333336    31636.666666666668    70305.66666666667    91656.33333333334    77189.66666666666    41057.666666666664
20082.33333333333    29367.666666666668    67906.33333333333    89377.33333333333    76465.66666666667    46427.33333333333
20565.66666666667    31683.0    65859.0    89675.66666666666    82978.66666666664    43741.999999999985
19087.333333333332    28812.333333333336    59723.99999999999    79863.33333333333    81979.33333333333    53574.666666666664
16984.666666666668    31025.666666666668    70750.33333333334    88749.0    75747.66666666667    38850.66666666667
