14321.000000000002    28223.33333333334    45529.0    54979.333333333336    45801.66666666667    33569.666666666664    20038.666666666664    11244.333333333332    8573.0    9500.0    7190.333333333333    5750.333333333333    5185.666666666667    4334.666666666666    5477.0    5061.333333333334    5234.333333333333    4715.666666666667
19354.0    23719.0    42376.333333333336    52802.66666666667    51290.0    34598.333333333336    24564.333333333332    14169.0    9859.666666666666    7827.666666666666    7868.666666666666    8736.0    4920.0    5004.666666666667    3874.3333333333335    4081.0    4356.333333333333    5172.666666666667
12363.000000000002    14339.333333333334    18102.666666666668    15824.666666666668    17618.666666666668    13866.666666666666    9412.666666666666    11803.0    6628.333333333334    7095.333333333332    9548.333333333334    9269.333333333334    13059.333333333332    23247.0    32501.666666666668    34043.666666666664    31068.0    17635.0
19979.333333333332    29698.333333333336    38599.0    46121.0    49371.0    33322.666666666664    25088.666666666668    12649.666666666666    11730.333333333332    6914.666666666667    7208.0    6910.333333333332    6467.666666666667    3800.666666666667    3900.6666666666665    3713.6666666666665    4739.999999999999    5648.333333333334
9811.333333333334    15784.333333333334    20073.000000000004    20246.666666666668    24761.333333333332    17745.666666666668    12956.999999999998    12114.333333333334    7655.0    9544.333333333334    9332.666666666668    10020.000000000002    13575.333333333334    18653.333333333332    25684.0    28688.666666666668    24777.0    14770.000000000002
4974.0    3722.666666666667    4918.666666666667    3909.6666666666665    5724.0    5646.0    5050.666666666667    6580.666666666666    6141.666666666666    5479.666666666667    8984.333333333334    19338.666666666664    25416.333333333332    36710.66666666667    43355.66666666667    37478.0    35134.0    29461.000000000004
24232.666666666664    31374.333333333336    35347.66666666667    38547.33333333333    43175.0    36264.66666666667    28977.333333333332    16964.666666666664    11264.000000000002    8462.666666666666    8593.0    6600.666666666666    5070.333333333333    6165.666666666667    3256.0    4616.333333333334    4164.666666666667    6567.666666666667
22240.666666666668    29067.0    36378.66666666667    38214.666666666664    36176.0    30506.666666666668    31040.666666666668    25383.0    12176.333333333332    10073.333333333334    9055.0    6291.666666666666    4746.999999999999    7054.666666666666    5283.666666666666    4261.0    5044.666666666667    4613.333333333334
30997.999999999996    29131.333333333332    38401.99999999999    29815.999999999996    35369.333333333336    29399.666666666664    24735.666666666664    20963.666666666664    11721.0    9820.0    9136.666666666668    8160.333333333333    7204.0    4618.0    6561.333333333333    5065.0    4539.333333333334    4906.333333333334
31478.333333333336    30161.0    31025.666666666664    32149.999999999996    27780.666666666668    24076.000000000004    25917.333333333336    24173.333333333332    17415.0    10507.0    8854.0    7793.0    9436.666666666668    6144.666666666666    5329.0    3314.9999999999995    5947.0    5947.0
19497.666666666664    17788.666666666668    16197.666666666668    15057.0    17985.0    18040.0    17105.0    21032.333333333332    20337.333333333336    18082.333333333336    13478.0    10466.666666666666    11888.333333333332    15007.666666666666    12508.666666666666    15557.333333333332    12199.0    12772.666666666668
20008.0    18569.666666666664    21240.0    27157.666666666668    25100.0    22969.333333333332    19815.0    15802.333333333334    20980.666666666668    19641.999999999996    19870.666666666664    13957.0    7359.0    6198.0    4917.333333333333    5233.0    4356.666666666667    4499.0
4559.0    4637.666666666667    6368.333333333333    4055.9999999999995    6470.0    12006.0    18558.666666666668    18923.333333333336    16137.333333333332    14940.666666666666    15964.000000000002    16053.66666666667    14584.333333333334    18638.333333333332    22998.333333333336    20542.0    19333.333333333336    20343.0
8930.666666666668    8560.0    10082.0    11428.333333333334    13839.333333333332    16624.666666666664    16695.333333333336    15195.666666666666    14288.666666666668    13757.333333333332    16189.666666666668    17018.333333333336    15807.999999999998    18229.666666666668    21551.666666666664    19561.333333333332    16912.333333333332    10470.333333333334
8768.0    14325.0    22378.666666666668    23545.333333333332    26552.666666666664    19593.333333333332    13355.666666666668    18044.0    15566.0    15071.999999999998    15725.0    13880.333333333332    10479.333333333332    10240.666666666668    11178.0    11580.333333333334    9683.0    10520.333333333332
13474.666666666668    17702.0    22559.999999999996    24224.000000000004    21947.999999999996    15169.333333333334    13969.0    12112.000000000002    9924.333333333334    13190.0    10342.000000000002    11444.333333333332    12500.333333333334    13367.666666666668    10530.666666666668    12994.333333333334    10898.333333333334    11478.0
5269.999999999999    7847.000000000001    13741.666666666666    16029.666666666666    16183.333333333332    12156.999999999998    12303.666666666666    13752.333333333332    15100.000000000002    18558.333333333336    23638.333333333336    20776.666666666668    16427.0    18185.666666666664    17155.666666666664    20470.000000000004    14033.333333333332    17573.333333333332
5219.666666666666    5490.666666666667    5507.0    4397.0    5399.0    5058.333333333334    7575.0    10313.333333333332    13101.333333333334    23001.333333333336    21877.0    22753.333333333336    20862.666666666668    28097.666666666668    26312.0    27521.666666666664    26602.333333333332    21676.0
18884.0    21247.333333333332    25500.333333333332    23750.666666666668    18797.0    21648.999999999996    18830.0    13933.333333333334    13696.666666666666    13296.333333333332    15834.666666666668    12565.666666666668    12589.0    12320.0    12846.0    11576.333333333334    13211.999999999998    11609.0
15517.333333333334    18836.0    24514.333333333336    18204.0    18007.333333333332    20094.666666666668    18754.333333333332    15243.333333333336    13114.333333333334    8525.0    11881.666666666666    17624.333333333332    17627.0    18600.333333333332    21404.000000000004    21509.0    20787.000000000004    16756.333333333332
28643.999999999996    40609.666666666664    35303.99999999999    32688.0    35558.666666666664    42647.333333333336    31582.333333333332    24880.33333333333    11593.0    10206.666666666668    7822.999999999999    8262.0    6626.333333333334    7509.666666666667    5271.666666666666    3592.0    6030.666666666666    3812.0
5989.333333333333    12712.666666666666    14810.333333333334    20816.666666666668    20768.0    13476.666666666666    8637.666666666668    10733.333333333334    6643.333333333334    7142.0    11508.333333333334    12606.0    24279.999999999996    26440.333333333332    24941.333333333336    28629.0    25829.666666666668    24878.333333333332
17976.666666666668    34918.0    46174.0    45577.0    46590.666666666664    41911.666666666664    24128.000000000004    15383.666666666666    10758.333333333334    5674.666666666666    6715.0    6114.0    4669.0    5883.333333333333    4980.333333333333    5520.333333333334    5028.666666666666    3683.666666666667
14414.666666666666    33067.333333333336    39513.0    47248.33333333333    43315.0    34691.333333333336    22927.666666666668    15956.666666666666    9154.0    7128.999999999999    6401.0    7647.0    5373.333333333334    6363.333333333333    5693.666666666666    5967.666666666667    3518.6666666666665    4248.333333333333
17577.333333333332    24974.333333333336    37948.0    50266.0    46759.333333333336    35785.33333333333    17532.0    10974.333333333332    10463.666666666666    9064.333333333332    7748.999999999999    4964.333333333334    8364.333333333334    7179.666666666667    5796.0    4936.333333333334    4006.3333333333335    5866.666666666667
13394.666666666664    31144.333333333336    51899.666666666664    54491.0    50946.333333333336    41243.333333333336    22912.000000000004    12076.666666666666    9240.0    8276.0    5669.333333333333    7176.333333333334    6897.0    4425.333333333333    5525.333333333334    4630.666666666666    5935.0    5024.666666666667
16372.333333333334    29176.666666666664    45764.66666666667    56581.00000000001    52131.00000000001    36951.333333333336    20749.333333333332    11944.666666666664    9724.666666666666    6431.333333333333    7181.0    7965.333333333334    6629.333333333334    5510.666666666666    4797.999999999999    4915.666666666666    4670.333333333334    4913.0
13808.666666666668    27804.666666666664    45433.666666666664    57695.00000000001    54162.666666666664    33555.333333333336    21679.333333333336    11901.666666666668    6756.0    8438.666666666666    8299.666666666666    6111.999999999999    6294.0    6030.999999999999    4993.333333333334    5018.000000000001    5786.333333333333    5856.666666666667
15870.333333333332    28933.666666666664    51387.0    56420.0    56593.33333333333    32347.333333333336    19557.666666666664    10617.666666666668    9037.0    9414.666666666666    7975.666666666667    5195.666666666667    7236.666666666667    6750.666666666667    4248.666666666667    3668.333333333333    4481.0    4768.666666666667
14456.000000000002    23203.0    35771.0    37772.0    36517.333333333336    21524.333333333332    13752.666666666666    12389.333333333332    5994.666666666667    9745.666666666666    7440.333333333333    5872.666666666667    8429.333333333334    15244.333333333334    18720.333333333336    24670.666666666668    19726.0    11811.333333333334
11758.666666666666    29429.666666666664    50692.33333333333    56383.00000000001    53954.00000000001    34855.666666666664    17872.333333333332    9903.666666666666    7760.333333333334    5623.666666666667    8638.333333333332    6160.0    5146.666666666667    5757.0    5762.666666666667    3561.3333333333335    4582.666666666667    4266.0
