15770.333333333334    30046.333333333332    55575.333333333336    72221.66666666667    43728.333333333336    27781.333333333336
14123.666666666666    31865.666666666664    60018.0    66626.66666666667    44850.0    23125.666666666668
17561.0    35280.0    57817.33333333334    65683.66666666666    48395.0    22602.333333333336
19171.33333333334    41598.99999999999    69764.0    64423.66666666667    37681.99999999999    19509.333333333336
17292.666666666668    26049.0    55469.666666666664    65164.33333333333    42701.0    22600.333333333336
12641.666666666664    32559.333333333336    49506.333333333336    61385.333333333336    43556.0    22990.333333333332
14035.0    30124.666666666664    55216.66666666666    67687.33333333333    47172.666666666664    23271.0
16101.333333333336    27924.666666666664    50497.0    65493.666666666664    48316.0    20272.0
13101.0    31569.66666666667    47908.0    58458.333333333336    48127.666666666664    21774.66666666667
16282.333333333336    32735.999999999996    61267.33333333333    66034.66666666667    40066.333333333336    20125.0
15482.0    26042.333333333332    50327.00000000001    63762.333333333336    46427.33333333333    21197.0
15993.000000000002    27478.66666666667    44759.666666666664    56974.0    38556.0    20027.666666666664
15274.0    31185.333333333336    50962.33333333333    61189.66666666665    32706.333333333336    17524.333333333332
14122.666666666666    29546.0    48063.666666666664    53965.333333333336    41042.66666666667    19585.0
17258.333333333336    29858.666666666675    40100.0    50628.33333333333    37056.66666666668    24504.333333333336
15325.0    31076.33333333333    49077.333333333336    52081.0    37999.333333333336    15672.666666666666
12223.000000000002    27770.0    51681.00000000001    48153.0    39588.666666666664    17771.333333333332
14555.999999999998    32128.333333333336    52005.99999999999    65283.0    42086.33333333333    23536.999999999996
15579.0    27842.666666666668    51266.333333333336    53802.333333333336    39605.33333333333    20913.333333333336
14513.0    31830.333333333332    55183.99999999999    66837.33333333334    40936.333333333336    23481.333333333336
19072.666666666668    37886.99999999999    55688.66666666666    63947.33333333334    43176.00000000001    19650.333333333336
14725.333333333336    29894.000000000004    44223.0    58313.99999999999    44282.33333333333    23693.666666666668
15301.666666666668    26635.333333333332    52989.333333333336    65558.33333333333    50146.0    23562.999999999996
11415.0    20093.333333333332    45112.666666666664    65943.66666666667    47811.66666666667    29744.666666666664
16475.333333333336    30212.333333333336    64333.666666666664    60452.00000000001    45776.666666666664    20096.666666666664
18487.333333333336    35514.99999999999    59895.66666666666    63952.333333333336    41163.33333333333    17606.666666666664
13679.666666666666    28071.0    58275.0    63466.333333333336    41839.666666666664    22752.666666666664
20087.33333333334    42176.66666666667    67162.33333333331    59999.33333333332    38677.666666666664    12307.333333333334
18339.333333333332    36932.33333333333    60524.33333333333    65869.0    40787.66666666667    19619.333333333336
15480.333333333332    32777.66666666667    63589.00000000001    68876.99999999999    48459.00000000001    18377.333333333332
15755.333333333332    34684.333333333336    67133.66666666667    67009.66666666666    38837.66666666668    19287.999999999996
