3586.3333333333335    3208.0    4488.333333333333    3932.6666666666665    3964.6666666666665    4018.3333333333335    3807.0    4602.666666666666    4310.0    6828.333333333333    6243.333333333333    9106.333333333334    16507.0    36788.333333333336    41889.33333333333    40686.0    31396.666666666668    19760.0
2926.6666666666665    3653.0    3223.3333333333335    4676.0    5062.333333333334    3277.3333333333335    4795.333333333333    3338.6666666666665    7000.0    6135.999999999999    6997.333333333334    10386.333333333334    17904.333333333332    37750.333333333336    36557.33333333333    44731.0    23974.666666666668    18219.666666666664
8457.666666666668    10811.666666666668    14419.333333333332    16028.333333333334    16827.666666666664    12663.0    7310.666666666666    6635.666666666667    6739.999999999999    7228.666666666667    8821.0    6780.333333333334    13582.0    23547.666666666664    28536.000000000004    26584.333333333332    22567.333333333332    9798.0
11807.666666666666    23135.66666666667    38590.66666666667    43953.33333333333    39874.333333333336    23309.666666666668    14019.666666666668    10061.333333333334    6575.666666666667    7386.666666666666    4598.666666666667    4751.333333333334    3279.6666666666665    4230.666666666667    3732.3333333333335    5631.0    4013.0    3198.0
4281.666666666666    2598.0    3461.3333333333335    3395.3333333333335    3149.6666666666665    4324.333333333333    3111.666666666667    4369.666666666667    6416.333333333333    6551.333333333333    7949.333333333334    13833.333333333332    23890.0    26440.333333333332    34535.666666666664    35840.33333333333    28058.333333333332    17070.333333333336
3796.9999999999995    3149.6666666666665    3027.0    3158.3333333333335    3121.3333333333335    3834.666666666667    4494.999999999999    4739.333333333334    5440.333333333333    7476.666666666667    8532.0    15116.0    19070.333333333332    26353.333333333336    31019.999999999996    34048.333333333336    26641.0    19618.666666666664
4535.0    3572.3333333333335    5580.333333333333    5085.333333333333    3860.3333333333335    4672.0    4291.666666666667    6434.000000000001    5154.666666666667    6079.0    6938.333333333333    14539.0    24975.333333333332    27206.666666666664    33308.333333333336    30748.0    27972.666666666668    22554.333333333336
3256.6666666666665    2175.3333333333335    4361.0    4306.0    4368.666666666667    5138.333333333334    4970.666666666667    5387.666666666667    5678.333333333334    7412.333333333333    8553.666666666666    13358.666666666666    20959.0    26023.333333333332    34369.0    29864.333333333332    28586.666666666668    19834.999999999996
3895.3333333333335    3405.9999999999995    5639.666666666667    5545.666666666667    3192.6666666666665    4135.0    7008.666666666666    3653.6666666666665    5522.333333333333    6798.666666666667    10511.333333333334    14931.666666666666    20808.666666666664    21155.333333333336    29663.0    31357.666666666664    23106.666666666668    20607.333333333336
14126.666666666668    18427.999999999996    24201.666666666668    19742.333333333332    22526.333333333336    16006.999999999998    17562.333333333332    11716.666666666668    10357.666666666666    9471.0    9581.0    10088.999999999998    9854.0    8172.999999999999    9603.333333333334    7277.333333333334    9601.333333333334    8193.0
5584.666666666667    5566.666666666667    4837.666666666667    4536.666666666667    4200.666666666667    4512.000000000001    4705.666666666666    6427.0    7287.666666666666    15757.666666666666    14384.666666666666    19181.333333333332    18113.333333333332    18718.666666666668    24749.666666666668    24557.333333333332    20560.0    19556.666666666668
3628.6666666666665    4572.666666666666    3521.6666666666665    3802.6666666666665    4017.666666666666    3845.0    7547.333333333333    9399.333333333332    11702.666666666666    15659.333333333334    12696.333333333334    14723.0    14491.0    19159.333333333332    21921.333333333332    23224.66666666667    17186.666666666668    12689.666666666666
9116.333333333334    11269.999999999998    18915.333333333336    22673.333333333332    13049.666666666666    13952.666666666666    10877.333333333334    13054.333333333334    13967.666666666668    11686.0    12504.333333333332    12065.0    12417.0    7635.0    5846.333333333333    6694.333333333333    6922.666666666666    6194.666666666667
6163.999999999999    4438.333333333333    3536.0000000000005    8024.000000000001    8739.666666666668    11037.666666666668    9101.333333333334    11496.333333333334    9596.0    12077.999999999998    8612.333333333334    10169.333333333334    10956.333333333332    16202.0    25370.666666666664    23537.0    13892.333333333334    13374.0
9390.0    13785.333333333334    16828.666666666668    25965.333333333336    19920.0    11246.0    11077.333333333332    8654.666666666668    6677.333333333333    9117.0    8406.333333333334    8236.0    9240.0    7613.333333333334    8644.333333333334    10066.0    7900.333333333333    6638.333333333333
11090.333333333334    15284.333333333332    19564.000000000004    27053.333333333332    20207.333333333336    11436.333333333334    9019.333333333332    8185.0    10040.666666666668    11347.333333333332    6465.333333333334    7205.0    6485.666666666667    9969.0    5873.000000000001    5892.333333333334    9633.666666666666    6479.666666666666
6997.666666666666    7316.0    8937.0    8365.666666666668    4768.666666666667    5290.666666666666    9150.333333333334    8373.0    7868.333333333333    8205.333333333332    11404.333333333334    8495.333333333334    12395.666666666666    20342.666666666664    21319.666666666668    22146.333333333332    16972.666666666664    8837.666666666668
13685.666666666668    17160.333333333336    21916.0    22993.333333333332    18432.666666666668    12263.666666666666    11298.0    12833.333333333332    13638.333333333334    12630.666666666668    14041.333333333334    10299.333333333332    9607.666666666668    7996.0    7281.000000000001    8334.333333333332    7343.0    7842.000000000001
2643.333333333333    3222.333333333333    4631.666666666666    4358.0    4541.666666666666    3931.666666666666    4754.333333333333    6634.333333333334    6135.666666666668    10029.0    11151.999999999998    18330.0    12454.666666666666    20161.666666666664    26283.333333333336    30450.333333333332    20783.666666666668    18511.333333333332
9255.0    12525.0    12008.333333333334    10815.333333333334    9380.0    8983.666666666666    11350.666666666666    9019.0    7718.333333333333    10173.333333333334    9186.333333333334    10980.0    10972.999999999998    18501.333333333332    27026.66666666667    22801.0    17647.666666666668    14437.666666666666
15681.666666666666    25742.666666666668    33019.0    33992.666666666664    25140.000000000004    25688.333333333332    16734.666666666664    11440.0    8787.333333333334    4709.0    5908.333333333334    5569.666666666667    4936.666666666667    5331.333333333334    5615.333333333334    4445.333333333333    3532.333333333333    3147.6666666666665
3381.6666666666665    3994.0    7661.0    7571.666666666668    6833.999999999999    4852.0    6481.333333333333    5676.333333333333    7709.333333333333    5571.0    8985.0    14327.333333333336    21477.0    24069.333333333336    21994.666666666668    23705.666666666668    23938.000000000004    16903.0
3560.0    3036.3333333333335    3478.0    5013.333333333334    3803.333333333334    3658.6666666666665    6015.0    4136.333333333333    5892.666666666667    7050.333333333333    6408.666666666667    11435.333333333332    21962.333333333336    25593.0    38311.333333333336    39981.666666666664    27485.666666666664    17371.666666666668
5073.666666666667    4032.0    2769.3333333333335    4142.333333333333    3630.333333333333    3463.9999999999995    5895.0    3757.0    3880.6666666666665    7090.333333333333    6255.999999999999    9352.333333333334    16535.333333333332    29566.666666666664    32126.333333333336    36522.66666666667    26722.0    19305.0
13920.0    22621.0    35174.33333333333    39515.66666666667    32311.333333333332    20961.0    13290.999999999998    8683.666666666666    6870.0    6528.000000000001    6125.000000000001    5036.0    5278.0    4423.666666666667    3948.6666666666665    3367.666666666667    4051.3333333333335    5240.333333333333
8236.666666666666    15115.999999999998    27706.33333333333    34224.33333333333    31968.666666666664    14378.666666666668    10459.666666666668    6796.0    5224.333333333333    5676.333333333334    6280.666666666666    6911.333333333333    7793.666666666666    12217.999999999998    11470.0    14372.666666666668    10233.333333333334    7553.666666666666
3952.0    3777.3333333333335    3361.0    2946.9999999999995    3126.9999999999995    5078.333333333334    4542.666666666667    3682.333333333333    5707.333333333333    7987.666666666666    7775.666666666666    8085.666666666666    13668.333333333334    29811.333333333332    35392.666666666664    39166.666666666664    30249.33333333333    19772.0
11715.333333333334    26774.333333333332    41356.33333333333    39221.666666666664    33631.0    18259.666666666664    12648.666666666668    7632.333333333333    7513.666666666666    7313.333333333333    7494.0    4893.333333333334    3920.3333333333335    3548.0    3796.666666666667    3343.666666666667    3354.666666666667    3993.6666666666665
12676.666666666666    19632.333333333332    32866.666666666664    32501.66666666667    36427.66666666667    18643.666666666668    8144.666666666666    8136.000000000001    6019.000000000001    7712.0    4189.0    4045.0000000000005    7524.333333333333    7061.333333333334    12317.333333333334    7953.000000000001    9822.0    6399.666666666666
10238.666666666666    21398.999999999996    43089.333333333336    49086.66666666667    35423.666666666664    22996.666666666668    9423.0    6798.333333333334    6580.666666666667    6608.333333333334    6153.333333333333    4445.333333333334    4457.0    4042.3333333333335    3414.3333333333335    4194.666666666667    5738.666666666666    3470.333333333334
10361.666666666666    24780.0    40768.33333333333    46459.666666666664    34808.66666666667    21164.666666666668    13057.0    6529.333333333333    5500.333333333334    6705.666666666667    6035.0    4431.666666666666    4557.666666666667    3001.666666666667    4049.3333333333335    3483.3333333333335    4155.666666666667    2859.0
