25651.666666666664    23594.000000000004    41188.666666666664    65492.66666666667    66187.66666666669    32038.66666666666
24344.666666666668    17872.000000000004    28667.66666666667    64373.33333333333    65367.0    31771.333333333336
19492.333333333332    15885.666666666668    27089.0    56429.0    68185.66666666667    39563.666666666664
18372.333333333336    17631.333333333332    28610.333333333332    49602.666666666664    55460.333333333336    36430.333333333336
21351.333333333336    20518.333333333332    27156.333333333336    52808.0    61014.00000000001    34152.333333333336
17691.0    16873.666666666668    29020.0    53591.0    58100.666666666664    35281.333333333336
21542.000000000004    18798.0    30037.66666666667    62523.66666666667    57143.0    37952.666666666664
23355.000000000004    20097.666666666664    41551.00000000001    61466.33333333333    64095.66666666666    30784.333333333336
23963.999999999996    21112.333333333332    36612.0    60190.99999999999    60720.00000000001    31132.333333333332
18389.666666666668    22869.333333333336    40563.33333333333    57375.33333333334    53981.666666666664    30136.000000000004
18802.333333333332    17862.666666666668    30854.666666666668    57120.33333333333    51675.33333333333    28368.666666666668
16956.0    18315.666666666664    28551.333333333332    49495.66666666667    47478.00000000001    25003.666666666668
18590.333333333336    16191.666666666668    26810.333333333336    43667.66666666666    48039.0    31989.33333333333
22974.666666666668    18361.0    30064.0    49478.33333333333    44266.99999999999    27377.000000000004
18506.66666666667    18586.333333333336    27495.666666666668    45731.333333333336    43412.666666666664    29572.66666666666
16625.666666666668    16428.333333333332    30344.333333333332    51283.33333333333    46078.666666666664    27712.666666666668
17775.666666666668    17762.333333333332    26254.0    42857.666666666664    44237.333333333336    32575.333333333336
21515.000000000004    19291.666666666668    34024.33333333333    53564.33333333333    50974.666666666664    34971.66666666667
14738.999999999998    19245.333333333332    34302.0    50781.0    54721.00000000001    32625.999999999996
21803.0    14777.333333333334    27800.333333333336    52340.333333333336    54555.33333333333    38080.666666666664
21363.66666666667    17908.000000000004    27580.0    50238.33333333333    60828.0    41107.99999999999
18575.0    16668.333333333332    32481.666666666668    49320.666666666664    53810.66666666667    34009.99999999999
18613.0    15596.333333333334    32737.666666666668    54001.333333333336    59463.33333333333    37742.333333333336
20888.66666666667    21809.0    38688.666666666664    66860.33333333333    62380.666666666664    29249.333333333332
19214.333333333336    16269.333333333334    30371.000000000004    54880.0    66562.0    32782.33333333333
19036.333333333336    16435.000000000004    26452.0    58594.33333333333    58527.0    31582.333333333336
17768.0    17285.666666666664    39184.333333333336    66928.66666666667    61558.333333333336    32812.333333333336
20178.333333333332    18812.666666666668    31807.0    56502.333333333336    63359.0    41572.333333333336
20006.666666666668    15012.666666666666    31439.0    63241.66666666667    65334.333333333336    40273.0
23093.66666666666    18005.333333333332    30584.33333333333    56267.0    64651.33333333333    39995.33333333333
21600.0    19121.0    27989.999999999996    60864.333333333336    67549.66666666667    40516.666666666664
