8835.666666666668    16189.000000000002    24756.0    39318.666666666664    42033.333333333336    31441.666666666664    21384.0    14523.0    9511.0    6283.333333333333    7264.333333333333    5712.333333333333    4470.333333333333    5380.0    4720.333333333333    4569.333333333333    3505.6666666666665    4255.333333333334
4939.333333333333    5338.999999999999    8913.0    12924.333333333334    14762.666666666668    8341.0    6916.666666666666    5973.0    4879.0    7433.333333333334    5691.0    8195.666666666668    9724.333333333334    18850.333333333332    28020.666666666668    29829.333333333332    30724.666666666668    20938.666666666668
2777.0    3585.333333333333    2752.666666666667    4768.333333333333    3436.6666666666665    3794.3333333333335    5717.0    6231.000000000001    3725.9999999999995    6476.666666666667    6914.0    8678.333333333334    10937.666666666666    19674.333333333332    29097.333333333332    39501.0    39152.0    29425.666666666668
3031.0    2933.6666666666665    3998.3333333333335    4313.333333333333    4186.333333333334    5026.333333333333    3483.3333333333335    6302.0    5003.0    4864.666666666667    4523.666666666667    8109.000000000001    14842.0    21607.0    25410.666666666668    32385.0    33098.0    22990.0
2874.333333333333    4219.333333333334    4070.666666666667    3928.6666666666665    2822.6666666666665    3324.0    4462.666666666666    6817.333333333333    7762.999999999999    7003.333333333334    8005.666666666666    8819.666666666668    13661.000000000002    22890.666666666668    28810.0    33230.666666666664    32041.333333333332    22255.333333333332
2986.666666666667    4790.333333333333    3518.3333333333335    4041.333333333334    4623.0    4056.6666666666665    5306.333333333333    4168.333333333334    4946.666666666666    5432.333333333333    6540.999999999999    9845.333333333334    15472.666666666666    21432.0    28071.000000000004    30619.0    28468.666666666664    26238.0
8306.0    10953.333333333332    8602.0    8689.666666666668    12095.666666666668    11578.333333333332    11648.333333333334    8738.0    7039.999999999999    7356.333333333333    8828.333333333332    9813.666666666666    15349.0    16485.0    21550.333333333332    21059.0    19903.333333333332    20000.666666666668
15388.0    19343.666666666668    22061.333333333336    23776.333333333332    25050.666666666664    22635.666666666668    28049.33333333333    19741.0    13952.333333333332    8953.0    8093.0    5542.666666666667    5528.666666666667    4979.333333333334    5065.666666666667    3713.0    4537.0    4939.333333333333
16124.666666666666    18650.666666666668    19463.0    21700.000000000004    25053.666666666664    25867.666666666668    21959.666666666668    18599.0    14780.666666666666    9119.0    7794.999999999999    6342.333333333333    5956.0    4403.333333333334    4843.333333333333    3484.333333333333    4549.666666666666    5039.666666666667
19993.0    12709.0    19634.0    21924.0    21593.0    20012.0    18743.666666666668    15760.666666666668    18627.0    11307.0    5963.333333333333    6916.666666666667    6826.333333333333    6419.333333333334    6065.000000000001    3128.6666666666665    3219.333333333333    4473.333333333333
13592.333333333332    13473.666666666668    13443.666666666666    20267.333333333336    20452.333333333336    17020.0    16036.666666666666    15613.666666666666    16005.666666666668    13061.333333333334    9398.666666666668    8117.0    5192.333333333334    4192.0    3975.333333333333    5818.666666666666    3922.666666666666    5100.666666666666
5242.333333333333    4942.333333333334    8047.333333333333    11606.666666666668    13923.333333333334    11816.0    9785.333333333332    10411.0    14057.666666666668    13299.0    14927.333333333332    11940.666666666666    7793.666666666666    8581.666666666668    11006.0    11289.666666666666    8358.666666666666    8771.666666666666
4495.333333333334    3643.6666666666665    4779.333333333334    5181.666666666667    5744.0    6465.666666666667    10741.0    9487.0    13677.333333333334    10515.0    12253.666666666666    9354.333333333332    12539.0    11896.666666666668    15161.666666666666    18332.666666666668    17604.333333333332    13416.0
6405.666666666667    8719.0    9803.0    12279.999999999998    20055.333333333332    14436.666666666666    14243.0    11419.333333333334    8809.666666666666    9980.0    8841.666666666668    8353.0    9395.333333333334    13480.666666666668    12277.666666666666    8761.666666666666    6619.666666666667    8640.666666666666
5860.0    10639.333333333332    11014.0    10922.0    11942.666666666666    9648.666666666666    8150.666666666666    8498.666666666666    9894.333333333332    8537.0    7743.666666666667    8423.666666666666    9978.0    8142.333333333334    12436.0    16427.999999999996    15127.0    9919.333333333334
7679.666666666667    10766.333333333334    7231.333333333333    8041.999999999999    6933.0    8538.666666666666    8888.0    9173.333333333334    7885.333333333333    8450.333333333334    8524.0    8646.333333333332    9382.0    12795.0    16816.0    21318.666666666668    16646.333333333336    10756.666666666666
7676.666666666666    7294.333333333333    8841.666666666668    8038.333333333334    6179.000000000001    10551.0    7708.0    9742.333333333334    8601.333333333334    10091.666666666668    10057.666666666666    9109.0    8335.333333333332    9384.666666666668    13970.666666666666    18664.0    14960.0    12256.666666666666
15152.666666666666    15477.666666666666    16525.666666666664    21878.0    23676.666666666664    18423.333333333332    16762.0    15039.0    15447.999999999998    11492.0    11837.666666666666    5316.333333333333    4104.666666666667    5350.0    4508.0    4999.666666666667    4028.3333333333335    4322.0
4290.0    3712.9999999999995    2562.0    3292.666666666667    6625.0    3573.3333333333335    5186.666666666667    5310.333333333334    4709.666666666667    6334.666666666667    8742.0    10759.666666666666    16690.333333333332    22682.666666666668    25544.333333333332    28678.333333333332    24896.0    22823.666666666664
3611.0000000000005    5045.666666666666    4285.0    3252.6666666666665    2828.333333333333    3762.666666666667    4719.666666666667    5189.666666666667    4358.333333333333    7987.333333333333    7347.666666666666    14512.333333333334    23040.0    19719.333333333336    23649.0    21708.333333333332    25485.666666666668    28854.333333333332
2725.0    5091.333333333333    3317.333333333333    3945.9999999999995    4171.333333333334    4591.333333333334    2777.333333333333    4469.666666666666    4831.333333333334    7555.333333333333    7235.999999999999    10340.0    18219.333333333332    23692.0    27954.666666666664    26571.666666666668    34440.33333333333    27096.000000000004
3548.0000000000005    3491.666666666667    4210.666666666666    3506.6666666666665    3899.333333333333    4223.666666666667    4463.333333333333    5782.333333333333    4401.666666666666    4665.666666666667    5627.000000000001    7950.000000000001    14069.999999999998    19907.0    32435.666666666668    28144.0    28928.999999999996    25610.666666666668
3706.3333333333335    3551.6666666666665    3929.3333333333335    3202.0    4097.666666666667    2996.333333333333    3873.333333333333    4722.333333333333    5106.666666666667    6391.333333333334    5417.0    10225.0    14713.333333333332    21803.333333333332    31983.333333333332    31879.0    35174.66666666667    25381.333333333332
10674.333333333332    18308.333333333332    28623.333333333332    32024.333333333336    36967.0    28173.333333333336    20133.666666666664    13384.0    8624.333333333334    6048.333333333333    6102.333333333333    4132.333333333334    5419.666666666667    3535.666666666667    4351.666666666667    3206.9999999999995    5686.0    4481.0
3592.333333333333    3016.0    4338.0    4706.333333333333    3555.666666666667    4486.0    4350.333333333333    5642.0    5285.333333333333    5099.333333333334    4989.666666666666    8046.666666666667    9911.666666666666    23740.999999999996    30561.666666666668    40321.0    32339.0    26097.0
3659.3333333333335    4031.333333333333    3456.333333333333    3639.333333333333    3843.666666666667    4205.0    5100.0    4859.0    4911.666666666667    5093.0    6875.333333333334    7238.333333333334    11901.666666666668    18302.0    28174.333333333332    38869.666666666664    34486.666666666664    21980.333333333332
4475.333333333333    7404.333333333333    12304.333333333334    15066.0    15711.000000000002    12686.0    8920.666666666668    6724.333333333333    5803.666666666667    6891.0    9500.333333333334    8282.666666666668    10113.999999999998    15605.0    24064.333333333336    30510.333333333336    23802.333333333332    17671.666666666664
4610.333333333333    3743.0    3532.0000000000005    3386.0    3488.333333333333    4810.666666666667    4213.0    4931.0    6264.333333333334    5447.0    6462.666666666666    7827.333333333334    9721.666666666666    16732.666666666668    35908.666666666664    44355.0    40616.66666666667    26181.333333333336
3233.333333333333    2617.0    3584.3333333333335    3373.3333333333335    4788.666666666667    2879.0    4821.666666666667    5193.333333333334    5373.0    6274.666666666667    4868.666666666667    6205.999999999999    10834.333333333334    24694.0    38662.66666666667    47732.666666666664    38105.0    22065.666666666668
3723.6666666666665    3679.3333333333335    3747.0    3566.0    7213.333333333333    4038.3333333333335    4636.0    6014.0    5402.0    7166.666666666666    8099.666666666666    7755.0    9916.000000000002    18348.333333333332    32981.33333333333    44096.0    36461.333333333336    25753.0
3566.666666666667    4951.0    4485.0    4533.666666666667    3151.6666666666665    2853.666666666667    4081.3333333333335    5320.333333333333    6597.333333333333    4918.666666666667    5769.333333333333    9301.333333333332    12307.666666666666    21445.333333333332    36782.66666666667    41874.33333333333    40522.333333333336    25179.333333333332
