47535    41242    108810    160104    171636    96604
36447    45258    117732    158131    153050    113695
45727    50692    108570    199958    185665    93252
35579    56304    124363    188691    146656    94653
49849    48257    113114    171414    186711    91417
39409    51126    103660    179693    157830    123072
49988    45071    102388    163874    172258    120547
43309    60354    128635    192201    180255    80274
51295    56460    118126    187265    181169    122391
51928    59786    117449    174019    181563    109042
41178    52733    105636    156422    151891    102226
32525    40943    63977    118402    97549    60536
32357    44426    78596    119287    103276    61209
49559    51617    99142    161483    167139    100737
43611    50742    97092    176537    161337    97888
41687    50783    105974    176116    190813    114712
43628    45395    100923    147157    178183    105439
45222    59265    102271    163353    169718    94010
39961    46593    98932    159035    175926    100372
41471    55245    118569    158470    185888    84581
45488    53594    97323    186074    146119    102958
