7647    5797    3910    3807    8673    6229    4993    7757    7623    12821    31184    35011    41621    41601    34170    26716    20114    14788    13325    8995    12824    29395    31947    33030    37110    30539    28832    24968    13288    9596    7567    6966    7881    5814    3816    5576
5239    6243    7476    2888    4210    7933    6928    5512    6735    21215    27897    27421    42783    38884    40021    21345    20949    19170    9789    9571    13863    27879    27129    38748    27609    39736    26466    21318    18833    11928    8288    4639    7905    6778    6829    4156
4947    3880    5041    6427    5336    5265    9621    12727    7263    31390    28536    29774    45023    41883    43018    26492    35223    15310    11318    9632    12722    33478    34259    31166    36123    33092    23318    20764    20517    10138    7330    4372    7878    8179    9972    12450
4908    7890    3994    3951    8362    10390    8948    6698    11780    22964    26526    26291    31526    37146    34270    36089    38362    19695    11250    10800    17462    24587    31825    27190    27627    30799    29213    21520    19251    14900    8321    5222    11526    5672    5013    4278
5593    4606    4997    5461    7144    6670    10343    12584    13262    21811    28259    39652    33982    27861    30822    24330    24328    23296    13447    21330    21060    24466    28018    31898    27095    27941    33449    31875    22769    11794    6072    9013    7478    6166    7730    4160
4655    4334    11054    5627    4836    6365    7885    10858    19165    28749    27823    30988    20689    25181    24987    32857    29054    19621    15711    18866    20282    22763    32294    29632    23595    21848    31848    31486    19053    22209    15071    9705    8088    8132    5208    4271
5579    4850    6826    6405    8676    6611    14497    15406    25808    28008    17333    20042    16390    23675    19037    27626    27369    31997    25019    26974    28112    29686    25210    17453    22092    24384    28130    24014    22959    29392    11136    7951    6649    6286    5556    6988
6573    7118    10215    12135    6989    8034    21240    22362    28955    22067    21200    20292    15384    34278    18009    16280    30151    38821    26004    43065    21891    20485    18665    18464    20712    26895    19137    18154    27862    17628    24762    11325    10000    10621    4629    4626
5454    5415    11061    9485    15080    21771    18827    20693    19195    16909    16431    20103    14826    20921    21627    31113    37186    35060    35318    30114    34228    29487    16925    25853    16175    30867    23980    17967    18138    18734    17644    16671    16122    10704    6988    9634
8612    19251    16696    14408    16467    15573    16149    16323    13368    21355    14410    16339    25137    25267    23369    30777    19144    25819    19224    21728    31285    28132    13663    24299    27974    22808    26818    14494    17906    8499    10786    13394    16781    17487    18483    21562
8383    13156    17334    11624    13928    21823    20820    22195    16882    18164    16420    18926    18931    14277    20098    19056    24734    20162    14006    19058    15323    19407    21255    12056    18275    20259    9356    16043    15340    13928    16428    14484    23171    18523    12304    13957
9483    8036    9729    9686    12249    9354    13298    15984    7642    20498    6418    11164    19802    9645    11841    12003    17489    6784    11881    10615    11258    14528    11668    12831    8174    11022    8515    13767    15050    10698    10396    9635    11481    11262    10587    9459
14083    10166    11759    10218    8734    11774    11654    15305    14888    17345    9813    17206    17902    13507    8008    16030    11625    15402    9966    12700    6949    13313    12437    8013    13817    8465    13146    10917    8970    18379    15275    7609    11545    11788    10839    9604
10998    14660    16164    21851    13289    13939    14810    19072    23425    24196    19698    20922    15869    16644    21035    21768    20390    14949    18270    17689    19372    21702    14039    18142    16512    13771    18380    12732    27419    14674    22731    14952    19956    10407    12191    13059
5234    6520    4792    8806    14848    21089    20064    22779    16520    13033    13845    16853    12812    16677    18764    20144    21682    27149    32351    41503    29729    28496    16733    20950    18937    24426    13902    11342    12774    19616    19412    13868    19156    8125    10350    3926
6681    5393    14008    7056    6424    11915    12888    22596    27138    22714    23816    21929    22355    26996    25249    20411    27368    29279    31751    30968    34068    29082    15966    20997    28705    13176    20359    15566    17249    25848    19344    14935    7397    6433    10023    4002
9259    5342    3336    4179    5120    8643    9929    14434    16804    30661    26220    20682    13834    22438    21529    28618    31198    25486    32081    29299    27028    16685    22413    15186    26575    24111    27849    19271    15755    18254    17374    6862    7685    5222    5551    5812
5002    7619    4989    5826    3372    8270    10400    12682    20611    29233    24507    28590    25471    25085    27847    25101    30453    28365    22169    16598    19831    23442    21478    32265    22192    23415    22403    22463    20172    14183    10934    10848    10719    4773    6313    6218
11082    7396    4041    6372    6265    6507    10025    6449    21871    19563    25106    27881    24552    24887    24166    34349    20341    17245    17392    13120    21354    32550    31488    23815    24935    28308    24022    25664    18764    18983    8568    9767    6207    6674    8097    3013
7729    4565    4008    9153    5219    6866    10704    11675    13671    25830    29418    36322    31200    37979    32677    31922    26938    15726    13150    11456    15571    35169    24448    29818    27144    20564    27113    29713    13411    11845    9522    10385    4776    4333    7637    6567
6522    6230    5712    6640    6824    5398    6388    13884    12496    18385    27618    32252    30634    32114    27036    33119    13883    14470    9242    13581    17009    31539    39553    42651    31577    29091    29722    22804    16433    5533    5298    8009    5412    11367    6166    6964
