42550    88282    157689    171933    106492    49000
47919    96078    165119    162494    110388    55853
41048    91460    159370    176179    119388    43261
39112    83486    145106    169483    124331    53733
33788    78457    137214    158185    113845    57587
40100    95769    157682    148163    91482    43163
35330    86349    151218    190017    111584    47229
44478    87158    127992    179805    114259    55475
42995    91535    182090    180273    110746    46825
38044    93948    177611    197020    140858    64210
30838    72655    106542    109176    74796    47579
43716    87280    146924    179183    115446    53757
45587    93215    171114    178985    123484    49446
39517    79275    158315    164260    111850    60491
50714    90119    153380    183227    107917    52873
44580    95275    164925    190712    122575    51980
42609    79935    161568    174219    111094    51311
54628    79705    156018    174439    108028    63183
37382    78577    146456    162136    117284    48808
47292    83352    149999    169710    100812    49948
43046    76374    161012    167254    114424    58546
