2885    2788    4377    3533    5765    6675    10537    12143    9659    10675    23659    30020    51557    34735    41337    18743    13229    8219    12448    13974    12154    18608    26518    46543    45102    39582    26009    21125    18496    6851    7974    6569    4440    5754    5812    7451
3838    5297    4965    5657    5553    9844    11065    9841    10075    14412    22886    43902    44306    51679    38673    22008    15400    12778    11596    11613    10280    15999    32945    35339    37644    34598    37935    22881    10658    6445    10131    5618    5914    6058    4734    5284
3276    2441    3941    5244    8029    5740    6082    7199    10822    18763    29481    34924    33326    34449    42801    20557    23019    15902    9504    9036    16462    27766    30475    39204    34425    42062    35857    17828    12899    6858    7972    5734    8746    6499    5046    8337
2970    2675    5453    3143    7268    10662    9891    7550    12775    18858    26825    33217    28617    36093    27671    31763    24067    14645    10273    11598    17760    23873    24688    37281    35629    28677    28638    25200    12468    12295    12094    6368    5658    9276    5949    3383
5207    4357    4002    8380    6051    3240    12642    5577    16432    19715    28744    27689    29091    20608    27789    26720    18088    14306    11169    20822    17750    29672    36147    27288    16841    26503    27955    27905    14388    11949    6203    6310    4411    4624    3858    6643
3416    5460    4726    5139    6221    6552    4251    9855    15278    28921    19022    20763    26693    31047    17413    25275    24325    16664    15677    17508    18821    31772    31536    28051    24924    25131    29449    15754    19161    12251    8443    5255    5899    5027    6181    4498
7995    4324    4968    3157    7024    7601    9825    16432    20609    18727    29741    25059    19493    21113    20896    27001    33067    18618    22071    16145    21789    19307    21771    20935    24988    25360    28844    23859    27923    21946    14116    11909    5442    8163    5073    6436
3245    6484    4359    8801    9111    6238    13578    19699    22876    15208    23706    18133    15922    13760    25897    23405    28374    34267    31328    37526    17547    22489    14627    16791    17173    18750    20854    19216    22405    19680    15056    15164    11582    6366    5147    4403
3737    6785    6981    8883    11693    17294    16872    20160    20288    16880    20570    19213    20038    12435    20490    21743    18192    33371    33181    35097    20130    24956    27740    19658    21860    16723    19914    26578    24378    16280    16430    11037    13687    14278    8059    8853
14150    17822    14685    19495    17284    18094    14211    17100    19369    17230    17075    21634    23116    33086    27377    23737    31182    32859    16769    29275    24029    24666    15346    27584    22609    18050    17399    14809    17249    19945    13965    9789    14342    16266    17878    12215
12533    12311    13397    8304    8889    11429    20301    13647    14456    14701    18271    13897    15490    14665    8123    12147    9686    15055    12234    11168    15819    9920    14137    9216    9557    11360    10353    10883    17232    14354    9827    7721    9030    6480    15415    9578
7943    8874    10335    16739    21071    15992    18784    17918    19053    14544    20305    13434    12716    19394    17821    22187    30292    27166    25784    31620    24586    17680    32936    19712    17462    14084    10477    13345    20271    14333    12368    8517    17578    12462    11209    7314
4053    3587    5751    11696    13599    21154    19530    16447    19744    23320    13316    17724    15654    19902    25743    25008    16817    40502    35319    35822    22042    31405    17360    15722    21664    23902    17391    18287    21996    21727    22172    14440    9779    9085    5706    4465
3057    4659    8958    5993    8123    3908    9867    18394    18106    20152    19188    22082    23529    15721    11115    34840    17712    35357    31387    34378    22502    22434    23713    15226    16547    22187    21784    20251    27105    20029    13186    12815    7991    7920    9138    4354
5888    5467    6167    7532    5904    4499    11944    12223    17210    21705    32216    23387    27951    20825    26329    29738    27686    21999    26329    15832    26591    23794    19353    26800    24377    20754    24199    29963    24932    16851    18366    6513    6747    5309    7000    5850
4742    5541    6522    7100    6630    8479    11630    14620    11958    25459    25006    35866    30168    22616    29643    25698    34762    15899    18770    14751    18520    35468    36615    26136    32719    28142    24859    27566    23626    18256    10735    6902    8338    3637    7168    5500
2928    5048    5780    3816    8010    9166    10709    7283    10619    15605    30710    38503    34021    31023    31456    24681    27453    16967    8804    13002    17299    23293    28367    31712    29709    22981    35038    28845    9744    12088    7937    7062    8982    6231    8241    7623
2742    7017    4581    4568    7020    12474    8082    8609    14974    16211    37477    32105    29114    29540    36624    23265    20866    19034    9019    6918    12819    23721    32100    35973    42035    29710    31833    22782    12769    12490    14060    7350    6427    7762    9094    4836
4406    5022    5888    8050    4210    7822    7962    9050    14509    13773    25252    36615    30618    42805    28428    27182    14403    10760    12220    7604    11784    21129    29755    35784    33682    31323    27865    20679    12897    6896    7604    7421    9714    7816    3656    6059
2843    8908    4179    4019    9674    3485    7127    4237    9290    15740    22130    24735    35096    41015    37469    26068    17501    10201    12347    12630    14999    19972    34627    43421    42606    31081    25835    18459    12228    7601    7563    9684    4958    8636    6042    4707
5004    7403    4557    4151    5886    6163    8126    7723    11297    18781    20259    33251    45967    41003    32676    21305    18202    10283    8800    10667    11697    12064    24442    45273    45972    39928    31915    20813    12490    7418    6598    9618    7544    9107    7550    6723
