23099    17583    38140    71619    102756    81861    39455    23664
32347    36704    46159    91178    109209    83635    31666    31111
29169    20990    30804    79116    104265    99766    37281    31690
26599    18743    40177    91416    97747    78086    29393    24217
33261    25382    45708    80243    92317    59284    26810    32432
35603    35210    58392    88238    100640    71908    32579    35015
35732    18134    44422    76826    93780    76717    36267    29785
28097    24640    49842    101200    102744    76558    22450    28922
31106    25075    41931    93726    97384    63345    38080    23435
26403    21700    36554    68979    79783    70730    33647    27423
43165    23404    52058    86494    91703    68720    24374    31719
32122    24589    41166    86787    71678    50622    29511    29563
26792    31701    37790    74144    92888    47318    27394    26802
31505    26254    33308    70863    74411    79096    39842    24627
35528    22760    37647    67863    76786    66896    22281    26986
28961    24220    31990    54433    71238    47935    21652    27144
34131    28275    39340    77317    100721    71276    29171    28527
28205    24373    40091    81030    115953    72187    35132    27872
29915    34220    47109    94029    92205    72584    28769    26960
31678    22680    56034    119465    111742    67967    33806    31991
31687    28626    40515    97524    107924    64121    36213    37740
39146    32928    56835    91279    104990    63955    33582    28992
29843    35309    52932    78533    82524    65921    24593    29643
37441    36293    59716    87087    101703    54968    31450    32194
39047    31777    55089    90315    101886    63195    29819    36289
33921    34309    49452    109465    102910    67143    33679    24354
26759    27286    52649    92072    98305    66512    32296    31710
30100    31818    44251    79847    98479    51229    31779    37936
26871    40385    50322    69597    100454    53943    28180    32533
39811    25004    43639    85454    67122    83205    38895    27292
29149    27331    41862    68200    92478    73240    35280    28298
