8494    4230    4050    9240    3817    4392    7555    6739    8294    14815    8750    9368    15415    18389    41354    66568    49839    52186    45581    19101
12095    18386    40065    57138    46306    56286    49227    38712    30756    24398    17658    10232    6594    10317    5374    6694    7340    10098    8954    5379
8030    6890    5711    7231    13278    11778    14774    8108    9457    12049    9921    13334    10539    26558    46421    53524    56118    43396    40677    35287
5394    4123    3913    4532    4579    7389    5442    11746    10193    6105    12688    9410    21127    23776    34514    55515    56857    47271    52582    29222
8674    15452    30160    39949    43878    52590    44520    42645    31068    13046    14164    8040    9063    4620    5292    6535    7119    3561    10105    4956
16784    16673    28062    46010    55100    65554    55486    36378    34990    17155    23542    9942    8017    8381    6250    6652    7356    5899    6248    3106
14410    19538    33123    41988    41891    41028    34754    37914    28213    20148    21354    7576    10469    10808    12872    5417    9924    8055    5129    7052
19798    47909    34512    44634    31268    29535    50308    40871    31587    14474    22109    11771    9521    8225    10138    5329    7058    5873    4401    5132
17228    27252    33674    35660    37879    42615    32843    34140    41266    24905    13111    14858    10362    9799    8590    5819    4809    4079    6584    8609
4897    5182    5384    5323    5972    6467    6487    6121    10413    9718    7832    11860    16462    16951    22952    58090    64746    60164    23422    16776
34363    25769    27342    39417    23467    22836    19075    35358    24531    39187    29857    21723    16644    16056    12000    9012    6584    6579    6753    5084
25030    32711    20936    27545    21236    26572    21542    18068    27713    19697    21560    20859    14698    15151    12695    9286    6445    7621    9386    7287
8523    7612    4940    9753    8827    13224    12847    26166    27319    30465    30542    18233    27648    25057    18362    26512    23076    18371    15298    12054
6068    9870    7644    4454    4480    5854    7614    7766    17039    8976    6638    7346    18704    14667    25122    57611    63616    61888    30363    14186
8620    12196    17971    27009    37472    31689    29896    17097    28267    20447    13356    14090    9833    18893    9392    11746    13617    11149    12322    11685
8421    11241    12274    20497    31166    25018    21985    16819    17520    14983    11689    10182    12457    10783    16368    10756    12020    12847    14865    15682
30088    26749    26084    22833    26201    23843    26904    34373    22190    29307    38942    27675    17517    11427    6518    6217    8623    4615    7515    11137
30277    35364    37456    31899    28279    39358    35559    29054    25902    23693    26408    12934    9245    9536    10110    10442    4322    7756    10181    7068
26531    24799    43285    35243    38163    37998    38116    39319    31186    31492    13869    13697    7663    10971    6938    5097    5692    5734    3793    6205
19175    36985    45472    45698    41296    46657    52561    40840    35724    22535    15231    8256    9109    8609    6654    10965    6992    10605    5021    6978
15584    23562    33389    49003    49027    42276    50321    46282    34025    23287    9224    9786    10617    6610    10268    6107    6905    4533    5800    7744
12830    21838    44000    55654    48837    36007    51508    49448    36952    15344    12207    12399    9164    4803    5365    8431    6104    7440    6164    7212
15811    10739    17190    39795    66209    63246    45786    22500    16243    24231    13599    8830    7443    6361    5881    7229    6349    4907    10488    6461
10605    15358    27395    52959    56106    58317    51104    37209    24246    14223    20315    14336    8350    4172    8049    7734    11930    5928    5255    7261
12808    19669    31749    43553    56434    55370    51494    38091    17707    27837    13153    10390    13394    8191    7225    9039    6306    8628    8362    8017
17473    14560    34457    55962    48450    60757    54000    29939    23218    18024    9689    13208    11808    10207    7453    7472    6596    11299    9023    11638
14872    17632    31123    42677    61993    57332    48535    28897    24458    20239    9923    9624    9959    6685    5717    6306    6531    8858    8589    7639
10766    20359    21201    40560    62971    61118    46698    26067    20582    15672    12353    9029    4989    5600    11338    11217    7250    5154    3645    8870
13836    14287    17268    51502    60676    41355    50843    35196    20263    16589    15889    8110    8893    8694    5361    5973    9330    7257    6360    4603
5022    6043    6427    10612    5540    3921    4927    9528    6829    5946    8225    8244    17200    28280    33253    60108    72685    55074    32631    29927
6637    10181    4314    6065    6894    7198    5773    6287    10239    4800    11137    9073    10513    16194    40732    54810    70326    50721    34210    29734
