23124    39250    66366    37814
23990    33704    51551    45397
18647    38213    54045    40220
16168    31676    55466    26811
19439    40743    47285    27951
24710    42755    37072    20067
17016    32562    31310    20904
26213    35663    38369    31281
16911    30996    31226    25064
15203    21901    35001    24697
9954    28232    29786    28218
18489    28376    41916    39829
20583    37467    43476    35014
13993    37749    50745    49743
12802    33651    53720    40210
26343    50958    52258    34228
27873    32535    52416    40873
27685    40219    55988    27817
24917    42363    45171    33940
17701    36039    64786    45639
27644    46808    56244    46307
