22065    20132    21464    26212    17397    20995    9971    7916    7162    3596    1822    2636    3325    1861
12038    13174    16926    18726    19789    17569    17296    10536    8912    5667    3356    2532    3469    4652
12095    10221    11207    14287    10023    21746    17163    17507    13237    7374    6177    4383    2571    3134
11747    15202    16015    8388    7385    7553    11121    12778    13554    10286    6638    2770    4331    2353
10102    9593    9521    11410    9164    9679    8496    8617    13200    15833    13923    8178    5084    2618
9040    9646    10727    7861    11435    6841    6020    7040    8983    10229    11180    10838    8131    6633
6374    5039    9216    5649    5876    7756    5981    4614    7099    10426    8906    8708    9803    6345
17472    16612    9834    15766    8362    6801    8520    8362    10095    4957    8507    4492    5914    5832
6678    9701    9329    8060    9755    5476    9483    5611    3565    7820    4775    7421    8680    7843
10491    6952    7811    9204    6629    5824    7051    5392    11002    7877    3329    6177    5052    4011
8355    7134    4880    7532    9380    10141    4234    6184    5940    11157    3825    7963    5253    4212
6617    4774    5250    4576    7565    5447    9156    13009    15513    14097    12361    12159    11298    6788
7163    6660    4870    7775    8046    16241    18690    15495    9545    11472    8635    7947    5719    8282
1881    2068    2152    2708    3988    4600    10279    14020    17138    20658    27693    14715    15140    15190
2284    4160    4788    1660    5397    5599    11160    13733    19996    15087    15448    15325    13308    12438
22063    10610    13566    21439    18701    27059    15947    8007    5423    3468    4216    3463    5739    4086
20809    11793    25493    16681    22210    18014    12668    7468    5368    2974    2992    2239    2408    2580
20363    16348    19972    18442    23882    13565    10208    10833    4291    3348    3212    1527    2359    3359
21472    12381    17529    26848    22566    12015    8101    4174    2813    3730    2543    4045    3219    4955
2682    2909    3443    3393    3100    1502    4471    5938    11057    19538    31648    28132    20518    25834
23513    20426    26658    27578    30821    15458    7284    5484    4686    4255    2537    1879    3977    2447
