19938.000000000007    25956.333333333336    66478.66666666666    89173.00000000004    78173.66666666667    39701.0
14245.333333333334    32273.66666666667    65490.99999999999    90955.6666666667    80420.33333333334    38140.0
16436.666666666668    32752.000000000004    64552.00000000001    91759.00000000003    79587.66666666666    41229.666666666664
17557.000000000004    33841.33333333333    70064.33333333333    83927.66666666666    77105.00000000001    42081.66666666666
22287.66666666666    29820.333333333336    66701.33333333334    97769.66666666667    82669.33333333334    41541.99999999999
19852.333333333332    36480.0    65435.999999999985    88594.00000000001    81983.33333333333    38922.666666666664
18096.999999999996    27371.666666666664    61450.0    92097.99999999999    71122.66666666666    44950.33333333333
17347.999999999996    28007.333333333336    61101.66666666667    81668.0    82051.99999999999    37380.666666666664
22513.666666666664    23552.666666666664    48375.0    84328.66666666666    80295.33333333334    47134.00000000001
18526.666666666668    25249.666666666664    47916.666666666664    81482.33333333334    82129.33333333334    54789.0
17826.666666666664    21846.0    47922.66666666667    71472.0    67893.33333333334    46861.66666666667
16335.66666666667    25608.0    47343.666666666664    76862.66666666667    65668.66666666666    44153.00000000001
18858.666666666668    22138.333333333336    41550.00000000001    72563.00000000001    64951.66666666667    43110.00000000001
16570.999999999996    23097.333333333336    49517.333333333336    61563.00000000001    59961.66666666667    35813.66666666667
15060.0    21926.333333333336    40770.666666666664    65857.33333333331    57536.99999999999    38834.0
18726.666666666668    21348.000000000004    39662.0    56515.66666666667    53144.33333333332    31969.999999999996
15678.999999999996    21928.666666666668    37655.33333333333    51284.99999999999    46317.33333333332    33942.0
19751.333333333332    22770.666666666668    43957.00000000001    71372.66666666666    70442.0    46696.333333333336
17660.333333333332    21395.333333333332    39966.99999999999    76616.0    69743.33333333333    46667.0
20010.333333333332    29595.0    69340.33333333333    74650.99999999999    77203.66666666669    35625.33333333333
19294.33333333334    21221.333333333332    46647.666666666664    82507.66666666667    81808.33333333333    45350.66666666668
14994.333333333334    30533.000000000004    73176.00000000003    92158.66666666666    73588.33333333333    39395.0
15748.000000000004    27723.333333333332    62258.66666666667    85673.66666666669    74362.0    46871.99999999999
17506.000000000004    29405.33333333334    65269.666666666664    88514.66666666667    76072.66666666667    45635.666666666664
15751.333333333332    19739.666666666668    50996.33333333333    82893.33333333333    80645.66666666667    49298.666666666664
19801.000000000004    25341.66666666667    45616.66666666667    83875.0    82097.33333333333    50233.00000000001
14680.33333333333    22015.666666666668    43831.333333333336    82950.33333333333    81509.33333333333    52333.333333333336
17332.999999999996    21209.666666666664    49963.0    75032.66666666666    77118.66666666667    46551.333333333336
16402.0    23462.666666666668    50465.666666666664    86789.99999999999    89718.0    49920.666666666664
14087.0    22415.666666666668    51036.666666666664    74169.33333333333    84701.33333333334    53595.66666666667
18228.0    19833.0    49503.00000000001    74981.66666666666    83251.33333333334    45502.333333333336
