11411    13558    29078    29025
9701    21405    39177    34124
9953    26741    26626    26717
9898    20949    34109    21332
8729    16151    22957    21676
6426    18385    16607    17157
8320    15799    20399    21249
10156    10876    17225    20699
9016    15729    23292    20165
15658    20459    27880    22678
10747    19867    33229    16497
7219    17244    20810    22181
9250    16261    22693    24907
10659    18495    19732    22295
9131    13517    16325    20446
9522    13476    23648    20541
10772    16920    13544    17872
11965    17557    18189    17125
9057    11131    20407    24677
8636    11278    21927    16994
13138    20666    21129    21439
7719    25313    22772    20063
11139    16946    30000    29707
9242    10739    19795    23175
8058    15499    16741    21072
13479    12206    17521    16720
