5060    17495    15825    15981    7696    3959    1581    2813    2880    2094    1480    3120    1791    1297
12694    18952    10709    14057    11848    7420    6014    5202    2850    5599    2112    2523    1592    2835
12476    11093    11846    13347    8157    8882    4057    5091    1560    3809    1585    2870    1926    3338
9951    14668    6859    8852    11646    9605    3774    3841    1909    3109    3192    3924    2891    2067
2508    1656    2506    1767    1834    2190    2041    1415    3426    5131    8738    13260    11385    11656
1157    2469    1644    1459    2348    1714    3067    2163    4248    8630    8669    8196    8021    4790
1590    1130    1530    2259    2100    2450    3454    2919    5069    5735    9462    9856    9760    8453
1846    1824    1877    2353    2259    1917    4307    4529    6645    4980    6835    6644    5564    7376
2111    1317    1983    6209    2728    2423    5674    5884    6716    8506    8123    6699    3836    5993
9626    6126    5680    6812    6346    3020    11972    8149    8106    4911    5453    2647    3321    4506
6724    4459    6485    5786    7390    7826    5075    7495    7276    7651    4574    4292    2754    2553
5268    5957    4421    3894    5148    8492    4765    6900    5494    3905    3583    3092    4690    1845
5239    5652    5038    4945    8317    6544    2992    3411    4534    3831    5598    4425    6756    5829
4486    3430    4686    5278    4617    8300    3657    4891    5217    7250    4481    3725    5267    5896
6424    4921    5557    4162    5055    2467    4039    3387    2854    3609    6064    3548    4010    3322
5087    4859    4717    6868    3081    8381    3788    4725    4111    2586    4401    5101    4577    4905
2620    7733    3473    4273    4931    4063    4824    4882    2646    3518    4161    1986    3355    6643
4707    5008    5344    3346    5067    5654    4023    3656    6129    5769    5909    4005    3983    2236
6760    4821    4314    3107    3489    4822    6868    6172    7189    3518    2848    3222    4483    3659
1688    2043    5077    3701    2138    3436    4409    7647    4424    4972    3186    2298    8334    5482
8713    7263    4266    6100    6663    6239    6658    5379    6316    6012    5853    3089    2210    1611
8515    4513    4195    6170    4548    7222    5228    9951    7339    4686    4807    3399    2188    3106
5618    7537    9873    9393    6739    8044    10330    9205    5991    3691    3134    3583    2214    2440
1496    1579    4003    1884    1411    2777    3336    3508    6484    5130    8908    5767    8795    7873
1303    3583    3205    1718    1427    2785    2847    3892    5661    2633    6638    8421    10327    6930
1595    3689    2169    1679    1835    2461    3053    3693    5049    2781    4374    8198    9785    9565
