34642    28835    43199    85850    102246    81073    31238    26662
27219    30034    43924    83235    91006    64474    30824    32500
30676    28573    52184    75645    73162    67320    30823    28850
46373    38050    47983    77316    88576    68993    36572    32652
27737    27756    39536    72228    78066    52347    25500    26137
34733    42559    50646    74715    87553    70184    31717    31580
34492    25522    43162    79011    87313    70928    36293    38543
27210    27146    48748    79616    93558    64257    26508    27678
43121    29541    51811    78121    78288    70123    30903    32547
37034    30185    29735    75103    77133    60427    34649    25055
36326    19788    46230    78911    78817    73400    26409    26670
34343    20970    46750    80157    88687    76405    33161    23204
36561    28954    55667    87256    75981    61574    33978    30786
33103    21923    44433    82966    82475    68920    25731    32691
33339    21472    41436    92194    82157    49219    27183    34840
25212    28941    49481    80053    92136    66835    33267    33110
42266    31694    57428    75787    80135    66454    29917    38823
35271    25956    36548    75562    79846    57147    28264    25239
32450    32297    37351    68821    64245    61734    27672    29368
35888    28582    46331    81176    74735    71782    36174    24649
28905    27245    53893    69612    84341    59870    25704    26559
41609    38831    41203    80860    80274    55362    27683    26082
29199    27946    48476    89559    85699    76874    32804    32336
33106    24094    38967    85547    99892    58639    30037    34331
32097    21627    32590    71281    68487    69329    35738    34484
32468    30450    40839    71087    95431    66358    23787    30163
43195    21188    55090    77394    81561    62062    33909    19421
32836    26053    57012    77518    77924    70041    28272    31550
35648    30019    43001    80504    80060    66636    35097    24282
27253    27446    36351    74036    81185    76479    43185    19626
30394    18408    45192    66955    85550    67036    43954    23457
