18744    9738    21702    55601    63219    56885    60352    27384    27298    17692    17440    7816    6571    5849    6218    6930    6328    5636    5953    6389
13435    23692    22282    43728    64505    48878    41728    36818    20049    18039    12223    8761    6652    5640    3771    8252    4942    6774    8454    4593
15307    19799    17059    40747    62138    60343    33625    24450    15788    19581    12828    7997    5629    8221    9185    9795    6710    6276    4929    6826
16130    15562    25314    45430    68956    61386    52063    30513    14291    18337    11527    11398    13099    9230    6669    7659    6304    6735    9398    6514
11450    13244    21603    41711    61734    50514    29991    23393    11368    14310    10124    9662    5780    5539    9368    6505    6384    6403    5594    4630
19770    20659    27557    47852    65842    59706    38512    22276    20401    18943    16107    7949    9284    8145    7656    5257    8461    9254    4154    5902
19391    19882    20867    53115    67184    60703    41934    15088    21046    18075    13079    10480    6788    5189    5747    7538    8168    5543    6773    8674
13673    14667    25033    49911    57290    52347    43456    21751    14387    20097    15488    8332    9299    8871    5045    6803    9520    5453    4868    8430
14611    18876    19213    53653    65184    70729    34112    16645    21149    18162    13221    10447    5577    9030    7851    7271    9046    5273    5951    8454
12967    14434    20702    39540    53400    64109    26215    24375    23112    17829    14907    7110    5530    3565    7675    8256    7518    5468    4288    8321
19488    12371    13958    42932    65703    54713    40772    19776    16749    20489    12050    5564    9262    8276    9971    4947    7367    7820    8818    5525
16893    18033    19081    47911    55703    59499    44037    22558    20988    17625    13378    13076    7056    6195    4370    8281    7052    11974    4379    5588
21088    21507    16107    51732    65566    60198    35592    23148    19651    12929    12512    9923    8587    6493    8134    7766    9964    6674    6331    6855
11147    14175    19060    41354    62745    58841    48953    21756    19862    16097    10419    8047    5972    11075    7848    6288    6385    8946    4799    8473
22294    13711    20650    52545    55041    56781    38360    16788    19607    13130    12390    6133    9497    6942    7772    4924    7662    6389    3279    7945
17378    17715    21812    46761    66265    60942    42970    24057    16327    16317    13862    9921    7005    4796    5317    8144    6968    7471    5669    9338
18296    14136    23607    48120    65890    59548    46559    24962    24394    15525    11794    10994    7520    5497    6478    8637    3981    9313    7552    9701
13013    15344    13488    48933    56726    51821    40273    20925    17030    13744    13971    8373    3578    4355    7156    8159    9416    6392    5323    5813
14217    12968    19705    37722    63599    60456    23886    20732    15260    19554    9867    7527    8458    6701    5815    4932    5444    6017    6953    4125
13382    12564    19376    49511    62098    63914    38415    22893    18721    19231    12777    12135    4532    7460    3740    11990    5111    6121    6732    8614
14652    15520    21690    45506    58894    54600    32801    21160    20462    14664    10999    11966    7078    6189    4751    7103    8248    6621    8122    5103
15503    16408    19433    36601    64237    62888    39012    20519    23537    24799    11379    7268    5717    7391    6759    4872    6583    8230    6250    4518
13924    18479    18466    43312    65780    60496    52596    26768    20931    20495    13573    8613    8658    6141    6950    10463    7702    6712    7421    5413
13163    9693    12414    33952    50808    50036    24426    23417    23218    13393    12617    9205    9947    6719    14272    30312    26556    19504    11816    9145
6001    4714    4740    5626    5435    8890    4799    10950    9119    6737    9550    9578    23815    17383    29020    60946    63301    41877    26152    17000
17059    11988    16672    40123    60343    58198    50850    22108    20274    21483    13758    8053    4791    3982    5260    7014    5776    8781    7597    6473
16637    19952    20917    47970    68910    52360    28722    23400    20834    18747    14502    10184    9288    5847    6204    4973    5512    4024    6956    7881
16209    15095    22517    45742    63682    63291    36273    27406    20550    18976    10565    8452    6487    4491    5320    5968    9151    6986    5410    8635
10295    17165    24372    37560    71160    53661    38805    20331    16849    18479    13973    11110    8509    10596    6396    5991    8084    6958    8120    6833
4183    6673    6112    5096    9048    5991    5482    8752    12466    6910    9355    12044    18060    12161    34900    60149    70524    54050    24889    18716
3517    5337    5228    5599    7975    6740    8323    7789    8412    8578    10458    15940    16666    12143    25965    57433    65601    58498    32685    18059
