15948.66666666667    15525.666666666668    15684.0    23787.33333333333    39686.66666666666    31296.666666666664    24843.000000000007    15121.66666666667
16248.000000000004    16504.333333333332    20740.66666666666    29258.999999999996    40880.00000000001    37143.33333333333    23519.000000000007    16769.666666666668
18397.333333333336    14561.0    16459.666666666664    24811.0    40714.66666666668    37456.66666666666    21561.000000000007    14384.000000000002
20082.000000000004    14625.666666666666    16266.333333333332    27643.333333333332    46839.33333333334    39449.66666666667    24799.0    16567.0
17862.333333333336    19623.000000000004    17736.333333333332    31467.333333333332    53681.33333333335    44137.00000000001    22611.333333333336    17840.333333333336
22464.333333333332    22026.000000000004    19682.666666666668    31632.66666666666    54307.666666666664    55550.99999999999    32348.999999999996    16630.666666666664
18728.333333333336    21052.999999999996    18253.666666666664    28604.666666666664    48009.0    54747.333333333336    31699.666666666664    17429.666666666668
18732.333333333336    18739.999999999996    18443.0    36811.66666666666    46750.66666666666    49616.33333333333    24864.0    16092.333333333332
17417.333333333332    14888.333333333334    16474.0    28581.333333333336    39488.00000000001    35986.0    21118.000000000004    17678.666666666664
16883.333333333332    16215.0    18364.0    32240.666666666668    46986.666666666664    53357.666666666664    23290.0    18187.666666666668
19064.333333333336    19187.333333333332    18722.000000000004    24628.666666666668    45425.66666666667    58213.0    34002.0    18390.666666666664
20185.333333333332    22662.333333333332    21793.333333333336    24941.0    43175.66666666666    49805.33333333333    30449.333333333336    19159.666666666668
17759.333333333336    16750.0    19003.333333333336    23358.666666666664    40759.66666666667    40063.00000000001    23735.333333333336    16777.0
18871.666666666668    19733.666666666668    19977.0    35833.666666666664    43114.0    44545.0    30561.666666666668    17612.666666666668
20870.333333333332    17788.333333333332    15458.333333333336    28094.666666666664    43513.0    37363.33333333333    25787.333333333336    14244.66666666667
16146.666666666666    19573.333333333332    15296.666666666664    21636.333333333332    35132.33333333333    34456.99999999999    23426.0    18680.33333333333
15647.999999999998    15283.000000000002    15389.666666666666    21979.666666666664    32276.000000000007    31283.66666666667    22931.999999999996    16140.333333333328
20741.0    19151.666666666668    21532.666666666668    30973.33333333333    51169.66666666666    44106.666666666664    28351.333333333332    19220.66666666667
22525.999999999996    22008.333333333332    20918.0    38456.333333333336    55351.333333333336    56647.00000000001    27810.333333333336    21008.666666666664
15735.666666666668    17125.0    14963.666666666666    20859.333333333332    37739.333333333336    40317.333333333336    26383.666666666668    17846.333333333332
17149.666666666668    21321.0    16252.333333333332    24010.666666666668    40717.0    57105.666666666664    34563.666666666664    19271.333333333332
15066.999999999996    15512.666666666666    14903.333333333332    21595.333333333332    35877.0    37837.66666666667    26831.333333333336    15031.000000000004
16280.0    17002.333333333332    15990.333333333334    21480.666666666664    41074.666666666664    48453.33333333333    36094.0    17902.0
18823.000000000004    21607.333333333336    22033.66666666667    38518.66666666666    52788.33333333333    50550.0    31892.000000000004    20045.66666666667
20548.333333333336    22171.666666666668    20503.333333333332    38053.66666666667    61446.00000000001    52932.66666666666    29043.000000000004    18787.0
15735.999999999998    19011.66666666667    14385.333333333332    28581.33333333334    43201.333333333336    40927.666666666664    26461.000000000004    16217.333333333334
20656.33333333333    19470.0    19442.666666666668    30690.666666666668    56667.0    52316.33333333333    31679.333333333332    17158.666666666668
19775.666666666668    19961.000000000004    20991.666666666668    33637.66666666667    56372.33333333334    47012.66666666666    32355.66666666666    18134.000000000004
18529.0    17118.333333333332    17821.0    21291.66666666667    29351.000000000007    28059.666666666664    18529.0    11361.999999999998
17833.0    14871.666666666664    17388.333333333332    29633.000000000007    42306.666666666664    43284.333333333336    20738.66666666666    15783.000000000002
18352.0    16645.333333333336    16147.0    29350.000000000004    38026.00000000001    41841.66666666667    28033.000000000004    15372.000000000002
