6963.333333333334    7019.333333333334    11523.666666666668    15893.666666666668    23776.0    23757.666666666668    16126.333333333332    12859.0    7626.666666666667    8388.333333333334    5956.333333333334    5350.666666666667    4660.333333333334    4200.333333333334    4760.0    4237.666666666666    3753.333333333333    5727.666666666666    4329.333333333333    4984.0
7280.333333333334    8090.0    10661.0    17508.666666666664    26946.0    30846.333333333336    18016.666666666664    13164.666666666666    8202.0    8303.0    7755.0    6076.666666666666    5462.666666666666    4318.666666666666    5434.333333333334    5584.0    4654.333333333334    5017.666666666666    4348.0    3394.0
6501.0    8374.333333333332    13554.333333333334    16951.333333333332    19859.333333333332    19176.333333333336    19291.0    12861.333333333332    11464.0    7728.999999999999    7013.0    5610.0    5047.666666666667    4045.0    4184.666666666666    6976.666666666667    4901.666666666666    4395.666666666667    6108.333333333333    4300.666666666666
6216.333333333333    9740.666666666668    14965.333333333334    22406.666666666664    23797.333333333332    21714.333333333332    18613.333333333332    14194.000000000002    10388.666666666666    9849.0    7738.666666666667    7278.666666666667    5162.0    4649.0    4703.666666666667    5457.666666666666    3802.333333333334    5106.0    5878.0    4610.666666666667
6733.666666666667    10551.0    21796.333333333336    21173.33333333333    18740.0    27726.0    18342.333333333336    16350.0    14044.0    10675.333333333332    7124.666666666667    7232.0    9307.666666666666    4497.666666666667    6622.333333333333    6028.666666666666    3680.6666666666665    5664.0    4793.666666666666    3875.6666666666665
6286.0    6046.666666666667    6557.666666666666    9605.0    12145.666666666666    9241.666666666668    12047.333333333334    5793.0    7355.666666666667    6685.333333333334    6744.666666666667    8284.666666666666    9986.666666666666    13400.0    22571.333333333336    24312.999999999996    26115.0    22792.0    21690.333333333336    16982.333333333336
4855.333333333333    4374.0    4896.0    3922.3333333333335    5085.666666666666    4666.0    4742.0    4813.666666666666    7576.0    6981.333333333333    7543.666666666668    9076.0    11461.666666666668    16962.666666666664    24600.333333333336    31368.666666666668    29582.333333333336    21539.0    21354.333333333336    13124.333333333334
10128.0    11137.333333333332    21227.0    18615.666666666668    16670.333333333332    17858.666666666668    21190.333333333336    20420.0    16178.333333333334    12071.666666666668    9637.0    9329.666666666668    7418.0    6347.666666666666    4771.0    5858.333333333334    5848.0    5394.666666666667    5346.0    4602.666666666667
9377.666666666668    12312.666666666666    12082.0    13066.333333333334    14676.0    16716.333333333336    17543.0    12825.999999999998    14740.666666666668    10620.0    8903.0    7406.999999999999    6282.333333333333    5416.333333333333    4896.666666666666    4759.0    5134.0    6538.0    4123.666666666666    4211.0
9688.0    9543.0    9969.666666666664    9732.666666666668    18431.666666666664    13400.333333333334    15188.0    11681.333333333334    8940.0    9604.333333333332    11332.666666666668    8429.333333333332    11731.666666666668    11438.0    14139.0    10941.333333333334    9939.0    11408.666666666668    10609.666666666668    9376.666666666666
4593.333333333333    5473.333333333333    5407.666666666667    5380.666666666667    4407.0    4864.666666666667    5773.333333333334    6221.333333333333    7015.0    8416.333333333332    10739.0    15851.666666666664    17097.0    15691.000000000002    19448.666666666664    22311.333333333336    22503.333333333332    22356.333333333332    19193.333333333336    14889.333333333332
8962.333333333332    8345.0    8127.666666666668    8215.0    8863.666666666666    10114.0    9417.0    11309.666666666666    12032.666666666666    12117.666666666668    13408.0    11719.333333333334    11718.666666666668    10436.666666666668    13114.0    15761.333333333332    22705.333333333336    15347.666666666666    11651.0    8805.333333333334
8778.333333333334    10101.0    11664.333333333332    16905.0    20835.333333333332    17634.666666666664    11926.666666666668    8761.666666666668    11774.0    9095.0    11235.666666666666    6856.666666666667    8755.0    6283.0    8007.666666666668    6663.0    5108.666666666667    6817.666666666666    6270.666666666666    4732.333333333333
12668.0    12408.333333333334    8933.666666666668    15743.666666666666    14782.0    20231.333333333336    14316.0    12052.999999999998    12660.333333333332    11881.0    13878.0    8391.333333333332    7994.666666666667    15273.333333333332    8684.666666666668    12076.333333333332    8806.333333333332    6901.333333333332    6450.666666666666    6115.333333333334
9389.666666666668    9476.666666666666    10989.666666666668    13258.666666666668    15136.333333333332    10974.0    12861.0    10560.333333333332    10445.333333333332    10014.666666666668    7918.0    8165.666666666666    9101.0    8252.333333333334    9799.0    9217.333333333334    10171.0    11831.666666666666    8904.0    6653.666666666668
7362.666666666666    8503.333333333332    9115.666666666666    11176.666666666668    9620.0    10785.666666666668    12012.666666666668    11282.333333333334    10712.333333333332    10615.333333333332    7902.333333333334    9882.666666666666    7477.333333333334    9653.0    7726.333333333333    7257.666666666666    6087.333333333334    10325.666666666668    7657.666666666666    9192.0
9292.666666666668    8872.333333333332    7247.666666666666    6600.666666666668    8721.0    8985.666666666668    7232.0    9226.666666666666    9348.333333333332    8702.666666666668    11207.0    10249.333333333332    10598.0    7875.666666666667    8434.333333333332    8201.666666666668    7694.666666666667    8108.0    7374.0    6960.0
16195.666666666666    14840.0    14357.0    13236.0    17136.666666666664    15704.0    18248.666666666668    14999.0    19318.0    13494.0    15575.333333333332    10511.333333333332    9060.666666666666    5431.333333333334    8781.666666666668    4870.666666666666    6361.666666666666    5946.666666666666    5689.666666666666    5489.0
15116.666666666668    17301.0    18370.333333333336    19103.666666666664    20412.0    22507.666666666668    23866.666666666664    20879.666666666664    15605.333333333332    15174.666666666666    12850.666666666666    8399.0    10903.666666666668    6784.666666666666    6190.0    6661.666666666666    6556.0    6642.0    5503.666666666667    5897.0
3851.333333333333    4398.666666666666    3087.666666666667    5212.0    3348.6666666666665    4394.0    6585.666666666667    4598.333333333333    6517.333333333334    6950.666666666667    5270.0    7274.666666666668    11989.666666666666    13164.0    17612.0    18740.666666666664    15108.333333333332    19334.333333333332    14341.333333333332    19191.0
5121.333333333334    4303.666666666667    5146.0    4861.666666666666    4965.333333333333    4769.333333333334    5490.333333333334    4919.0    5839.0    7154.666666666666    6954.0    9080.666666666668    10185.0    18265.0    25416.0    21313.333333333332    24197.0    18969.666666666664    27014.0    16426.333333333332
3903.0    3770.6666666666665    3024.666666666667    4243.666666666666    4436.333333333333    4820.0    4361.666666666666    4258.666666666666    5440.333333333334    5557.666666666666    6741.333333333334    6895.666666666667    9301.0    13249.000000000002    13527.333333333334    18773.333333333336    18160.333333333332    19879.0    19734.333333333336    12577.333333333332
4698.666666666666    4202.0    3843.333333333333    4457.0    3992.0    4427.666666666666    6367.0    6589.666666666666    6214.0    6621.666666666666    7854.333333333333    6304.0    7998.0    13026.666666666668    15783.666666666668    24809.333333333332    26708.666666666668    25116.0    20914.666666666668    14349.0
9795.333333333334    10548.0    16744.0    24457.0    32632.0    34292.0    21943.0    19275.333333333332    14106.333333333332    13683.333333333332    9404.666666666668    7479.666666666667    5158.666666666666    6608.333333333334    4907.0    5270.0    5390.0    4349.333333333333    4946.666666666667    5268.0
9687.333333333332    10913.0    15502.666666666666    29445.333333333332    32262.333333333336    37796.666666666664    26140.333333333332    18854.333333333332    13334.666666666666    10529.666666666666    8174.000000000001    8725.0    6330.666666666666    4578.666666666667    4870.333333333333    5951.0    5210.666666666666    4772.666666666667    5255.333333333333    5151.0
6685.333333333333    7445.0    13122.0    19318.0    24654.666666666668    26598.0    21268.0    10012.333333333332    10558.333333333332    4914.333333333333    7465.999999999999    8618.666666666666    6144.666666666666    5181.0    4662.666666666667    4828.333333333333    6304.333333333333    4769.333333333334    4794.0    7176.666666666666
9609.333333333332    8859.666666666668    14772.333333333334    20342.66666666667    34559.333333333336    36905.0    26611.0    15490.666666666666    12096.666666666668    9675.333333333334    9146.0    6773.0    7774.333333333333    5802.0    5562.0    4436.0    4642.666666666666    4838.0    4725.666666666667    5459.333333333334
8409.333333333334    9246.666666666668    15432.666666666668    23528.0    30954.0    36028.0    24444.33333333333    18151.0    13919.0    10045.0    8492.0    7511.666666666666    5375.333333333334    5164.333333333333    5627.666666666667    5451.666666666666    4257.333333333333    4811.333333333334    5425.0    5966.333333333334
5007.0    7139.333333333334    7352.666666666667    13343.333333333332    16906.333333333332    16002.333333333332    11830.0    10518.0    8871.0    8376.666666666668    6666.333333333333    6488.333333333334    6386.333333333333    4107.333333333334    4088.6666666666665    4779.333333333334    6164.666666666667    6304.0    6305.666666666666    5424.333333333334
6269.666666666666    7403.333333333334    8748.333333333334    21614.333333333332    24007.0    27983.666666666664    17838.666666666664    14406.0    8739.0    9047.0    6495.0    8704.0    5298.666666666666    4823.666666666666    4434.666666666666    4747.666666666666    4176.0    6506.666666666666    4536.333333333334    6059.0
7580.333333333333    6354.0    9665.333333333334    20415.666666666668    25131.666666666664    25295.000000000004    20383.0    13639.666666666666    12831.666666666668    7652.0    7247.000000000001    5883.333333333334    5622.0    4553.333333333333    4911.666666666666    6278.0    4431.333333333333    5748.666666666667    6195.333333333334    3948.0
