26463.666666666664    51053.33333333333    89182.66666666664    87064.00000000001    59299.00000000001    23848.666666666668
22464.666666666664    54237.66666666667    85135.0    89956.99999999997    66415.33333333333    24955.0
18606.333333333336    48690.333333333336    79600.33333333331    90694.33333333331    53521.666666666664    23472.666666666668
27495.000000000004    55294.333333333336    88423.66666666669    86374.66666666667    52834.99999999999    24756.999999999996
22967.666666666668    50018.66666666668    92463.66666666666    86566.0    52120.666666666664    26258.666666666664
22833.33333333333    49084.333333333336    74229.66666666667    84897.99999999999    53803.333333333336    26807.666666666668
20954.66666666667    37996.66666666667    78073.33333333333    74742.0    59614.333333333336    22847.0
19456.0    40305.99999999999    74330.66666666667    81611.33333333333    54847.33333333334    26991.666666666668
27598.000000000004    50596.66666666665    90867.33333333333    85072.0    45794.33333333333    21027.666666666664
20223.0    43380.33333333333    75499.0    71318.0    45298.33333333333    24856.0
27981.333333333332    50414.0    76074.33333333334    74166.66666666669    45452.333333333336    22941.000000000004
22506.333333333336    40465.333333333336    64098.0    70942.33333333331    47090.00000000001    22941.66666666667
20466.666666666664    45273.33333333333    70055.66666666666    71837.33333333331    40335.333333333336    21186.333333333336
18861.666666666668    39379.333333333336    67082.66666666667    64800.666666666664    39682.666666666664    23382.666666666668
9194.666666666666    9148.333333333332    9611.333333333334    10340.000000000002    10390.666666666668    9699.666666666666
18886.0    32356.000000000004    50425.66666666666    48959.33333333332    38107.00000000001    22193.666666666668
21208.000000000004    39420.66666666667    64866.0    69458.66666666666    51233.0    26555.666666666668
22134.333333333336    50152.0    81283.66666666667    79422.33333333333    45519.666666666664    23713.333333333336
18833.0    43066.66666666667    65384.999999999985    72182.0    48676.66666666667    22008.333333333332
19460.666666666668    38801.66666666667    74896.66666666667    81373.0    52700.0    26908.666666666668
20542.000000000004    42311.999999999985    67651.66666666667    68499.66666666666    35080.0    19620.666666666668
22533.666666666668    54918.0    85570.66666666667    78477.66666666667    50199.66666666665    23134.333333333332
22408.666666666668    40929.0    71826.0    90049.66666666667    56975.0    23319.999999999996
19347.666666666668    52768.99999999999    84845.66666666667    84281.33333333334    56179.333333333336    26531.333333333332
20202.666666666668    47764.0    81148.66666666664    79205.00000000001    45708.0    25329.0
24357.666666666664    52383.33333333332    86107.99999999999    84406.33333333331    50255.0    22923.66666666667
31660.666666666668    56326.66666666667    85355.66666666666    82174.99999999999    50188.33333333332    21787.666666666664
21727.333333333336    47653.666666666664    79544.33333333334    85863.66666666666    54603.333333333336    26552.333333333332
25458.666666666664    57699.666666666664    84183.99999999999    75537.0    52541.999999999985    23817.333333333332
15755.333333333334    44648.00000000001    88402.33333333334    81487.0    57844.333333333336    24487.666666666668
19357.666666666668    41115.0    68408.0    73928.33333333333    50869.99999999999    24824.333333333332
