11760.333333333332    25163.666666666668    38642.0    40150.333333333336    38756.33333333333    25027.0    14595.666666666666    9021.0    7629.333333333333    9334.333333333332    7156.999999999999    9887.0    10999.666666666666    18150.999999999996    19037.333333333332    20818.333333333332    16678.0    14103.0
14976.666666666668    35407.0    50312.333333333336    54488.333333333336    49984.333333333336    37168.0    20807.333333333336    13600.666666666666    11259.333333333334    8902.333333333334    8891.0    7804.0    6112.333333333333    5329.000000000001    4594.333333333333    4104.666666666667    4743.333333333333    4679.666666666667
8650.666666666666    15516.666666666666    18397.666666666664    19368.333333333336    17619.333333333336    16280.999999999998    11347.0    9065.333333333334    7283.333333333334    6627.333333333333    10223.0    9743.333333333334    16857.666666666668    29048.333333333336    37879.666666666664    32244.0    30689.000000000004    17743.999999999996
18571.0    37301.33333333333    48499.33333333333    49146.333333333336    47211.33333333333    36729.666666666664    19026.333333333332    13092.0    8591.333333333334    8445.333333333334    8412.0    8631.333333333332    6810.666666666666    5267.666666666666    5041.666666666666    4411.666666666667    5862.666666666667    4128.0
18529.333333333332    31643.333333333332    36365.33333333333    42941.66666666667    37337.333333333336    37328.666666666664    24361.0    13478.0    9798.333333333334    8173.0    9021.0    6416.666666666666    8044.666666666666    9241.333333333334    11032.0    9256.0    9158.0    8269.666666666666
8926.666666666668    15365.333333333334    18895.999999999996    22221.0    16489.0    15596.666666666666    10527.666666666668    9115.666666666668    7537.0    7887.666666666667    12378.0    17793.666666666664    25087.666666666668    26381.0    23502.333333333336    23938.666666666664    26082.666666666668    23929.666666666664
3693.3333333333335    3619.333333333333    3389.0    4035.666666666667    6162.0    5928.666666666667    4138.333333333333    7388.666666666667    8313.333333333334    10070.666666666666    12755.333333333334    17249.0    27418.333333333332    33767.33333333333    36275.66666666667    40748.00000000001    38955.0    30320.333333333336
3503.666666666667    3798.666666666667    4877.0    3801.3333333333335    3770.3333333333335    5631.666666666666    7174.0    5876.000000000001    5854.0    9235.0    17165.0    20584.0    27785.666666666664    38453.666666666664    35593.666666666664    36582.333333333336    38153.33333333333    29703.666666666668
24895.999999999996    34891.0    35244.0    34172.666666666664    34307.666666666664    28512.333333333332    31579.333333333332    24221.333333333332    14909.333333333334    10807.333333333332    6085.666666666667    7921.333333333332    5687.333333333333    6286.666666666667    6230.333333333333    4531.666666666667    5497.666666666668    5174.333333333333
4317.333333333333    4338.333333333333    4885.0    5375.666666666667    5509.666666666667    5510.666666666666    6019.999999999999    6994.333333333334    9171.0    13512.999999999998    20958.666666666664    23722.0    26794.666666666668    28087.0    28588.333333333332    29417.66666666667    27083.0    30288.333333333332
24430.333333333332    24571.333333333336    32863.666666666664    23470.333333333336    26153.333333333332    21828.666666666664    19423.666666666668    19167.666666666664    23408.333333333332    20896.333333333332    16090.000000000002    8205.0    6173.0    5776.333333333334    6898.0    7500.0    5740.333333333334    4433.333333333334
18900.666666666668    16214.666666666666    23023.333333333332    22303.666666666668    23849.666666666668    19088.0    17630.333333333336    19333.000000000004    17207.666666666664    19472.66666666667    16959.333333333336    11002.333333333332    9870.333333333334    5465.0    7957.333333333334    7366.0    6315.0    6084.666666666667
18665.0    18439.0    23703.333333333332    22443.0    18249.333333333332    18411.0    17962.333333333332    17134.333333333336    14957.333333333334    19571.0    14437.0    17323.666666666668    16345.0    10735.666666666668    6468.000000000001    4060.3333333333335    4701.333333333334    5548.000000000001
11696.333333333334    15722.666666666668    19319.0    22835.999999999996    15262.666666666666    15768.333333333334    13354.0    12185.333333333332    14852.000000000002    13688.333333333332    12264.666666666668    14765.333333333334    15475.000000000002    16336.0    16501.0    10200.666666666664    7065.333333333333    5897.0
4505.666666666666    2908.3333333333335    3762.0000000000005    3761.3333333333335    2514.9999999999995    3399.0    3522.9999999999995    3017.3333333333335    2567.9999999999995    3340.6666666666665    2682.6666666666665    3937.0    2946.0    3766.333333333333    2671.333333333333    2702.3333333333335    3102.6666666666665    3276.0
10973.666666666666    13655.666666666666    14885.333333333332    17391.666666666664    12130.666666666666    12162.999999999998    10296.666666666668    11833.0    11154.333333333334    11926.0    11238.333333333334    8721.666666666666    9259.333333333334    8923.0    11648.333333333332    10818.0    12803.666666666666    11105.333333333334
16070.999999999998    16640.666666666664    18250.333333333332    19214.000000000004    21046.999999999996    15589.333333333334    18138.666666666668    19006.0    13403.666666666666    12070.0    15631.0    13107.333333333334    11561.666666666668    13442.333333333332    10306.0    13932.333333333334    12883.666666666666    12447.0
14358.666666666666    20148.666666666664    19311.000000000004    19732.333333333336    16599.0    18109.666666666668    18439.0    17115.666666666668    18106.666666666668    19487.333333333336    17101.666666666664    11877.666666666666    12805.0    14998.666666666668    17033.666666666668    18333.666666666668    16347.000000000002    12320.0
10980.666666666668    11723.0    12176.666666666666    14855.0    14392.666666666666    12298.0    10406.666666666668    11449.333333333334    9731.666666666666    11967.666666666666    16433.666666666664    23503.666666666668    19489.0    21020.333333333336    18371.666666666668    15557.000000000002    18679.000000000004    17116.0
4942.333333333333    8046.666666666667    11046.333333333332    12290.333333333334    14878.333333333334    10625.666666666666    7875.333333333333    7290.000000000001    8023.0    10416.666666666666    12360.999999999998    23865.0    30273.0    27090.0    23740.333333333336    23889.33333333333    28516.666666666668    28970.666666666664
23826.666666666664    28530.333333333332    25783.333333333332    25781.0    27058.333333333332    24998.666666666668    24259.666666666668    17765.666666666668    9123.333333333334    6686.000000000001    6965.0    5785.333333333334    4780.0    5179.0    4194.0    4771.0    3612.333333333333    4606.333333333334
21639.0    36029.333333333336    42037.66666666667    43739.99999999999    41731.33333333333    31846.333333333332    24376.666666666668    14358.333333333334    11265.0    6240.666666666667    6949.333333333333    5136.333333333334    6101.333333333334    5109.666666666666    4886.333333333333    4865.333333333334    4867.333333333333    3653.9999999999995
6262.666666666666    8015.333333333334    11867.999999999998    12080.999999999998    10957.333333333334    11070.0    8327.0    6893.666666666666    8020.000000000001    9110.666666666666    8506.666666666666    15839.666666666666    27377.333333333332    32152.0    34294.0    36882.333333333336    33207.33333333333    24643.333333333332
16810.0    24746.000000000004    25203.333333333332    29751.0    24965.0    20589.666666666664    14880.666666666666    10515.333333333334    9018.666666666668    7142.666666666666    8511.0    7197.333333333334    16681.333333333332    25195.666666666668    24272.333333333332    24908.000000000004    19568.333333333332    13998.0
15141.333333333334    21394.0    29546.666666666664    31611.999999999996    31242.333333333336    24306.0    15461.666666666666    8752.0    7104.0    6053.0    7109.666666666666    6846.333333333334    10387.0    16061.666666666668    22968.666666666668    20235.0    13325.666666666666    11810.333333333334
20603.666666666668    32057.0    42936.666666666664    60191.33333333333    49813.666666666664    33960.66666666667    13749.0    11635.000000000002    9557.333333333332    6680.0    5924.0    5216.0    4622.666666666667    6226.333333333333    4982.333333333334    3861.0000000000005    4364.666666666667    4052.6666666666665
17958.0    28484.0    40895.0    56851.33333333333    49917.33333333333    37517.333333333336    17034.0    11394.666666666666    9976.666666666666    11664.333333333334    7097.333333333333    6386.333333333332    6976.000000000001    6117.0    4855.666666666667    4480.666666666667    5101.0    4787.333333333333
7662.666666666668    14861.999999999998    19721.333333333332    21878.666666666664    15609.666666666668    14513.666666666666    8232.0    5827.666666666667    6183.333333333333    7519.666666666667    8534.666666666666    12241.333333333332    16599.333333333336    30134.0    39752.00000000001    40472.666666666664    29485.33333333333    16714.666666666668
15076.666666666668    29894.333333333332    42443.33333333333    54201.33333333333    47945.66666666667    31828.666666666664    15966.666666666668    10042.333333333334    8632.666666666668    8992.666666666666    7669.666666666667    6036.666666666666    6092.666666666667    7378.333333333333    8268.666666666666    7825.666666666667    5365.666666666666    5577.0
5652.333333333334    12618.0    19822.666666666668    22695.0    21660.666666666664    17037.0    8024.666666666667    8529.666666666666    9296.333333333334    9900.333333333334    7003.666666666666    8573.666666666666    15869.333333333334    29055.0    36386.66666666667    34645.333333333336    26209.666666666668    19644.666666666668
3611.9999999999995    3560.0    5223.0    3337.666666666667    4785.0    4166.333333333334    4257.666666666667    4597.333333333333    7783.333333333332    8059.666666666666    8406.0    9519.333333333334    17266.0    39180.333333333336    56928.666666666664    46772.33333333333    32156.666666666668    18892.0
