18875.0    38687.99999999999    63390.33333333333    64994.0    34507.333333333336    18948.999999999996
21327.999999999996    42370.666666666664    63826.33333333334    55269.33333333332    29696.000000000004    19084.333333333332
23944.666666666664    39042.00000000001    71951.33333333333    59002.33333333334    26310.666666666668    18681.333333333332
21862.0    48465.0    63227.33333333333    65847.66666666667    30174.333333333336    19188.999999999996
16167.0    34371.666666666664    57356.99999999999    66188.66666666667    27957.666666666664    16791.33333333333
17428.0    33316.0    61889.333333333336    66409.66666666666    38947.00000000001    14765.33333333333
15290.333333333334    33918.666666666664    59605.00000000001    58214.66666666667    38751.99999999999    16821.0
17140.0    34994.0    56682.0    57460.333333333336    32678.0    21188.333333333332
21181.666666666668    44365.666666666664    66413.00000000001    56173.666666666664    29900.33333333334    17956.333333333332
21335.666666666668    42609.66666666666    67079.0    54667.33333333334    28276.0    18236.0
23272.666666666668    42495.33333333334    61579.33333333333    57459.0    31349.0    21399.333333333336
19448.333333333332    37023.33333333333    58748.666666666664    51361.00000000001    27030.333333333332    18247.333333333336
18362.0    39447.66666666666    58865.33333333333    44567.333333333336    22650.333333333336    19144.333333333336
20946.333333333336    31779.333333333336    52787.333333333336    50883.33333333333    27869.333333333332    17980.000000000004
15343.666666666668    31703.333333333336    51949.666666666664    47938.00000000001    27897.0    17742.0
16811.666666666664    28172.666666666668    50959.33333333333    45343.99999999999    25284.33333333333    17325.0
16258.666666666668    25062.333333333336    42825.33333333333    43769.0    23373.0    13874.999999999998
16022.999999999996    24737.0    41173.99999999999    33556.333333333336    21161.000000000004    15394.333333333334
19447.0    36295.33333333333    62049.66666666668    52820.666666666664    27689.999999999996    18431.33333333333
22916.333333333336    35290.99999999999    67632.0    57150.0    28913.66666666667    17108.333333333332
16564.666666666668    29362.999999999996    59417.333333333336    53129.333333333336    34096.333333333336    20203.333333333336
19138.666666666668    30382.33333333333    53918.666666666664    59542.666666666664    34209.0    18252.666666666668
19403.333333333336    32978.0    66573.66666666667    62777.33333333333    30019.333333333332    19930.0
22049.333333333332    41979.0    63080.666666666664    57985.00000000001    28315.333333333332    22614.0
22826.33333333333    42706.33333333334    65247.33333333332    57683.333333333336    31636.33333333333    19228.999999999996
26383.666666666668    42547.33333333334    58561.0    58557.0    29223.333333333336    21378.666666666664
19788.0    44879.0    65863.0    56533.666666666664    27470.666666666668    17204.333333333332
17263.333333333336    33079.0    63133.33333333333    67202.33333333334    35985.0    18956.666666666668
17958.0    36642.666666666664    63951.66666666668    55201.33333333334    29465.666666666668    18907.0
22450.999999999993    41730.00000000001    62986.66666666667    56689.66666666667    26301.333333333336    15470.333333333332
23184.66666666667    43946.666666666664    66235.33333333333    53431.666666666664    33778.666666666664    16428.0
