10817.333333333332    13956.333333333334    24876.0    30614.333333333332    25684.333333333336    17624.0    10555.333333333334    9590.333333333332    7122.666666666667    7016.333333333334    7191.000000000001    6396.333333333333    5056.666666666667    10243.666666666668    15888.0    16124.0    12351.666666666666    8295.333333333334
11692.333333333332    15510.0    31355.66666666667    36922.0    37546.0    22402.666666666664    14541.666666666666    10606.333333333334    7700.666666666667    6157.666666666667    6298.0    4055.9999999999995    3660.666666666666    3448.6666666666665    4628.666666666667    5555.666666666666    5161.0    4331.0
9032.666666666668    13934.999999999998    29647.333333333336    38959.66666666667    35406.333333333336    26906.333333333332    17656.333333333332    11832.000000000002    10886.000000000002    8893.0    5301.0    5964.0    3711.6666666666665    4301.0    4230.333333333333    4162.0    3931.3333333333335    4176.333333333334
14414.0    20573.666666666668    28360.0    41241.99999999999    38007.33333333333    26845.333333333332    18382.0    10965.666666666666    9233.0    6584.333333333334    5035.333333333333    3988.666666666667    3640.9999999999995    4317.666666666667    4598.0    3902.333333333333    3877.6666666666665    4797.333333333333
4597.666666666667    5042.333333333333    9772.333333333334    13211.666666666668    13979.0    8847.666666666666    6070.666666666666    5521.333333333333    6888.333333333334    5872.0    6975.666666666667    7770.666666666666    15203.333333333334    19444.0    23692.0    24419.000000000004    23687.0    17838.666666666664
2973.666666666667    3793.666666666667    4190.666666666666    3286.0    4312.0    4425.333333333333    4758.666666666667    3982.6666666666665    4182.0    6287.0    5732.666666666666    10084.666666666668    16733.333333333332    28849.0    34048.666666666664    35981.666666666664    33068.666666666664    26065.0
4566.666666666667    4939.666666666666    4477.333333333334    4198.333333333333    3840.0    5395.0    3899.333333333333    5465.0    6349.999999999999    6568.0    6788.333333333333    9587.999999999998    19580.333333333332    24506.333333333332    28521.0    26872.33333333333    30259.666666666668    26786.333333333336
4775.666666666667    4009.666666666667    4311.333333333334    4211.333333333333    3157.333333333333    3586.3333333333335    5319.666666666667    5996.0    6137.333333333333    8584.666666666666    8020.333333333333    12712.666666666666    15084.333333333334    29776.333333333336    25357.333333333332    31627.666666666668    27791.666666666668    19683.000000000004
18553.333333333336    20078.333333333336    29056.999999999996    24320.666666666668    24710.0    26209.333333333336    19688.0    17291.333333333332    8981.0    7017.333333333334    5342.999999999999    5059.999999999999    7628.666666666667    5961.666666666667    5672.666666666667    3980.3333333333335    3152.6666666666665    3285.3333333333335
22340.666666666668    16318.333333333334    26089.666666666664    27559.333333333336    25819.333333333332    17129.666666666668    17529.000000000004    19369.999999999996    15015.666666666668    8739.666666666668    5692.333333333334    4704.333333333333    4073.0    5287.333333333333    4400.333333333333    3853.666666666666    4722.333333333333    3559.0
16176.666666666668    17500.333333333336    21111.666666666668    27141.999999999996    26000.333333333336    16955.666666666668    18072.333333333332    19016.666666666668    17778.666666666664    10879.333333333334    9137.0    6139.666666666667    7279.333333333333    4967.333333333334    5302.666666666667    4579.666666666667    4287.666666666667    5227.666666666667
13490.666666666666    16075.0    16604.666666666664    20535.333333333332    24021.666666666664    13980.333333333334    12615.333333333334    13976.0    14297.666666666666    17267.666666666668    11444.0    5361.0    6709.666666666667    5181.666666666666    5278.333333333333    5008.0    6283.666666666667    3728.333333333333
12353.666666666666    12650.000000000002    15942.333333333334    17317.333333333332    19258.333333333332    18824.666666666664    12607.0    11189.333333333334    13179.666666666664    14427.0    11499.666666666666    12143.333333333334    7347.666666666666    5862.0    4341.0    4286.666666666666    5236.666666666667    4570.666666666667
11740.0    11380.333333333334    16175.0    20117.0    19617.333333333332    12655.000000000002    11605.333333333332    10559.666666666666    9672.0    10457.333333333334    10728.0    11855.666666666668    12559.666666666666    11701.333333333334    6884.666666666667    5695.0    4569.0    4273.333333333333
4762.0    3919.0    6142.0    9710.333333333334    10177.0    10625.0    10593.0    10588.666666666666    9076.666666666668    11454.000000000002    10808.0    9684.333333333334    7230.000000000001    10809.333333333332    18481.333333333332    20011.0    17277.333333333336    11224.666666666668
7566.333333333335    8159.0    12263.333333333334    8818.333333333334    8457.666666666666    10805.0    8507.333333333334    7023.666666666666    11532.333333333334    8592.666666666668    8371.0    9832.0    8466.666666666668    9184.666666666668    15168.0    18541.333333333332    12123.0    10484.666666666666
8396.666666666668    7941.000000000001    9899.333333333334    10180.333333333334    6949.333333333332    5661.333333333334    6689.666666666666    6767.666666666667    6380.0    8118.0    8740.666666666668    7974.333333333332    7619.000000000001    11902.666666666666    14142.0    13939.999999999998    12673.333333333332    11188.0
7339.333333333334    7685.333333333333    13922.666666666666    16375.333333333332    14870.0    12386.333333333334    7494.0    8233.333333333332    7684.666666666666    7067.666666666666    5294.666666666666    5733.333333333334    4476.0    7564.333333333333    6161.333333333333    5634.333333333334    7253.000000000001    6870.0
18047.000000000004    17428.666666666668    18213.666666666664    22254.0    20152.0    17940.333333333332    14570.666666666666    16761.0    16222.333333333334    12444.0    9667.333333333332    5625.333333333333    5929.000000000001    5573.0    4951.333333333334    3019.0    3952.0    3983.3333333333335
20495.666666666668    20346.333333333336    21375.0    21059.999999999996    28777.0    19796.333333333336    23357.333333333332    15282.333333333334    14589.333333333336    6989.666666666666    7360.666666666667    4969.333333333334    4643.0    3943.0    4340.333333333333    3433.333333333333    4874.333333333333    3378.3333333333335
3512.3333333333335    2663.0000000000005    3188.3333333333335    3557.6666666666665    3349.6666666666665    3607.0    3901.333333333333    4537.666666666667    6118.666666666666    7651.333333333333    10608.0    15630.333333333334    20112.333333333332    21043.666666666668    26092.0    25538.999999999996    27894.333333333336    23767.33333333333
4164.999999999999    4116.0    3981.3333333333335    3842.3333333333335    4759.666666666667    4366.0    5395.999999999999    3697.666666666667    5170.666666666667    5946.333333333334    6734.333333333333    12658.333333333334    20354.666666666668    22581.0    29164.0    26906.66666666667    29369.666666666668    22234.333333333332
3267.6666666666665    4708.666666666667    4103.333333333333    4574.333333333333    4813.666666666667    3566.0    4567.0    5103.0    6314.333333333333    6305.999999999999    7594.333333333333    11541.0    15293.666666666666    30716.66666666667    25908.0    35278.666666666664    32153.333333333332    25872.0
14376.666666666668    25514.666666666668    25402.000000000004    28399.33333333333    32566.666666666664    23713.666666666664    18324.666666666664    11627.333333333334    9248.0    7113.333333333334    6897.333333333333    6159.333333333333    5484.333333333334    4788.333333333333    5458.0    3860.0    3786.666666666667    3303.0
12720.666666666668    20221.0    28904.666666666668    37449.333333333336    31539.666666666668    26320.333333333336    13992.666666666666    12458.0    8265.333333333332    6283.0    5583.666666666667    5944.000000000001    4156.333333333334    5065.333333333334    4427.999999999999    5217.0    4945.0    5834.666666666667
10816.666666666668    20593.666666666668    31142.999999999996    32212.333333333332    34528.333333333336    24850.0    16532.0    10549.333333333332    9602.666666666666    8278.333333333334    7091.333333333333    4936.666666666666    3808.333333333333    3882.0    4257.666666666667    4617.333333333333    4859.333333333333    4092.0
10319.333333333334    18525.0    24536.666666666668    42825.33333333333    38361.666666666664    24385.333333333332    14807.666666666668    9642.666666666668    7951.666666666667    5739.666666666667    4467.666666666666    5193.666666666666    3387.0    3896.6666666666665    4332.333333333333    4514.666666666668    4364.333333333333    4487.333333333334
4328.0    3681.3333333333335    3814.9999999999995    4092.3333333333335    4047.666666666667    3063.0000000000005    5424.333333333333    4777.333333333333    6228.333333333333    5620.333333333334    5571.333333333333    7595.333333333333    14504.333333333334    24355.666666666668    40737.666666666664    42777.333333333336    36203.66666666667    18796.666666666668
6449.333333333333    11653.333333333334    16769.0    22321.333333333332    23780.333333333336    13238.333333333332    12776.0    7917.000000000001    5518.333333333333    7684.333333333334    7699.333333333334    5485.0    5176.000000000001    10874.999999999998    18482.333333333336    19148.999999999996    17167.333333333332    9985.0
8867.666666666666    13548.333333333332    28751.0    43598.0    34378.666666666664    24898.666666666668    12682.333333333334    8842.0    7186.666666666666    6458.0    5717.333333333333    4280.333333333334    4630.333333333333    4528.666666666667    4055.333333333333    4354.333333333334    4228.333333333334    4623.0
10249.333333333334    17241.333333333336    29013.333333333332    45784.33333333333    38804.666666666664    22195.333333333332    15088.666666666666    11441.333333333334    7712.666666666667    6883.333333333334    4507.333333333333    3509.333333333333    3683.0    3958.3333333333335    4065.3333333333335    4400.666666666666    4118.666666666667    4348.0
