18999.0    22327.333333333336    56753.666666666664    81916.33333333333    82231.33333333334    47819.666666666664
16546.666666666664    21004.000000000004    45614.66666666667    78556.33333333333    78791.0    47849.33333333333
17850.333333333336    30387.000000000004    59705.333333333336    87644.0    82845.66666666667    37404.333333333336
19969.000000000004    27345.333333333332    58515.666666666664    91553.0    79729.33333333333    47122.333333333336
15468.66666666667    24012.333333333336    47603.66666666667    80724.0    75595.33333333334    50994.666666666664
20087.333333333332    21409.333333333336    60014.333333333336    80628.0    76881.00000000001    43885.0
16632.666666666664    21174.333333333332    49251.66666666666    81207.33333333334    78990.33333333334    44164.666666666664
17887.666666666668    20930.333333333332    49584.33333333333    77734.66666666667    72199.0    39925.0
18517.666666666664    21539.666666666668    46872.66666666667    76816.33333333333    70514.00000000001    43771.00000000001
19077.666666666668    27726.333333333336    62348.66666666665    87407.33333333336    67982.00000000001    40581.666666666664
20214.333333333332    18038.0    40609.0    69398.33333333333    63810.66666666666    40320.0
16812.333333333332    23256.000000000007    48341.333333333336    70881.0    62022.0    40866.33333333334
15007.666666666668    20786.66666666667    39582.666666666664    62610.666666666664    55289.666666666664    36773.33333333333
19732.000000000004    23321.666666666668    45523.666666666664    79243.33333333336    64360.333333333336    40415.333333333336
17329.666666666668    25167.0    43305.666666666664    68168.99999999999    53661.33333333333    32800.0
18568.666666666668    24720.999999999996    45003.66666666666    60778.333333333336    52507.0    34356.66666666667
19657.66666666666    22347.666666666668    52980.66666666667    68819.66666666666    69084.66666666667    37884.666666666664
16122.333333333334    20620.666666666668    44167.666666666664    67011.33333333333    64553.33333333333    49709.33333333333
20438.666666666668    21171.000000000004    43719.00000000001    78182.0    65014.99999999999    42386.0
17357.666666666664    20326.333333333336    39365.0    81085.00000000001    76371.0    51847.666666666664
19671.0    27152.333333333336    53292.0    89167.66666666667    76632.0    40847.99999999999
19278.666666666664    31721.666666666664    63336.0    88214.33333333334    75992.66666666667    41784.33333333335
19596.33333333334    24655.000000000004    62045.33333333334    96755.0    80167.66666666667    40567.333333333336
19411.666666666664    30900.0    62563.000000000015    90817.99999999999    80785.33333333333    44009.66666666668
16885.666666666664    33483.0    69142.66666666667    88336.66666666666    81746.33333333333    39254.99999999999
17463.666666666668    26413.333333333332    61814.33333333332    83898.33333333336    74671.33333333334    45586.33333333334
19031.666666666664    28657.0    58386.00000000001    84010.0    75694.99999999999    45529.66666666667
16008.666666666666    22858.0    46038.66666666667    72291.66666666667    79163.33333333333    48206.33333333333
20975.000000000004    25012.333333333332    45609.0    86388.66666666667    84145.0    46095.666666666664
19350.33333333333    26797.999999999996    56225.0    82312.0    80070.66666666667    48020.0
19909.999999999996    33711.33333333333    63979.66666666667    86254.66666666667    78218.66666666666    44238.0
