4491.666666666667    7513.666666666667    12537.0    13754.666666666668    16349.333333333332    13450.0    7426.666666666667    8035.0    8418.0    8929.666666666668    8249.666666666668    9760.333333333332    16662.0    29622.333333333336    43406.666666666664    42413.66666666667    30855.0    28172.000000000004
3252.3333333333335    3240.6666666666665    4031.666666666666    4571.666666666667    4154.0    3811.0    3365.6666666666665    5777.333333333333    6718.999999999999    7654.666666666666    7505.333333333333    12069.666666666668    17138.0    34330.333333333336    50352.666666666664    49767.0    41817.666666666664    28803.333333333332
10635.0    16919.666666666664    25128.333333333336    28650.333333333332    26428.333333333332    22682.666666666668    20054.666666666668    9730.0    9958.666666666668    8113.666666666667    7471.999999999999    7281.0    14333.333333333334    18296.333333333336    26011.666666666668    27800.000000000004    23358.666666666668    12982.333333333334
7141.333333333333    11883.666666666666    20060.0    22509.0    20704.666666666668    17039.666666666664    13038.0    6665.000000000001    9607.666666666668    7604.333333333333    9080.333333333332    11840.0    21494.0    24344.666666666668    32981.33333333333    33909.333333333336    30851.0    23480.666666666664
4392.666666666666    4456.666666666667    4781.333333333333    4099.333333333334    4024.666666666667    3593.0    6422.666666666667    7055.333333333334    8061.333333333334    8437.666666666666    10287.666666666666    13344.0    20977.0    36467.333333333336    44548.00000000001    48239.0    36289.0    28922.0
3767.666666666667    3052.6666666666665    4804.0    3505.666666666667    5081.666666666667    4279.666666666666    5415.666666666667    7331.333333333335    7285.333333333334    8582.666666666666    10780.0    16843.666666666668    25215.666666666668    36718.333333333336    40849.333333333336    42751.66666666667    40865.333333333336    35774.666666666664
5545.0    4389.333333333333    5441.333333333333    4448.333333333333    5683.333333333333    5201.333333333333    4805.333333333333    6345.0    5374.0    6893.333333333334    9850.333333333334    14753.999999999998    25061.666666666668    40773.33333333333    40663.66666666667    36540.99999999999    37630.99999999999    32019.666666666664
4447.0    3091.666666666667    3928.0    5256.999999999999    5389.333333333334    4942.333333333333    4387.666666666667    7825.333333333333    8485.0    8665.666666666668    16228.333333333332    20650.666666666668    33441.333333333336    29419.666666666668    30657.0    25502.000000000004    36559.333333333336    29383.666666666664
8548.666666666668    9591.333333333334    8782.0    9832.333333333334    11335.666666666668    11517.999999999998    9285.333333333332    13562.666666666666    11031.333333333332    13081.666666666666    13459.666666666666    20213.666666666668    21969.0    22175.0    24493.666666666668    24820.333333333336    24497.0    19834.0
32370.666666666668    25089.333333333332    27838.0    30499.999999999996    24808.333333333332    29330.0    26735.666666666668    27236.666666666664    19808.0    13987.333333333334    8451.333333333332    6692.0    5147.333333333334    6652.666666666667    6209.999999999999    4914.333333333333    5303.666666666666    4048.3333333333335
3408.666666666667    4048.3333333333335    4186.666666666667    3280.333333333333    4772.333333333333    6435.0    6697.0    6090.333333333333    10883.333333333334    19447.0    22316.666666666668    19580.333333333332    22237.666666666668    20546.0    27566.333333333332    26607.999999999996    22802.666666666668    21483.666666666668
6227.000000000001    4232.666666666667    5652.0    5013.0    6165.333333333333    7704.666666666666    7709.000000000001    11624.0    21586.66666666667    20155.0    18897.333333333332    20127.000000000004    16946.0    15776.0    25658.0    26575.0    26070.666666666664    16059.666666666668
4837.0    4429.666666666667    5574.666666666667    4467.666666666667    5003.333333333333    7827.666666666666    12545.666666666668    16346.0    16497.666666666668    14727.333333333332    17182.333333333332    13351.333333333334    17234.333333333332    13977.0    16692.666666666664    22123.666666666664    19897.0    17335.666666666664
15578.666666666668    15316.000000000002    16751.0    25314.666666666668    22509.333333333332    14732.333333333332    16522.666666666668    15191.666666666666    13236.666666666668    15643.000000000002    16248.0    15655.333333333334    14623.0    16068.333333333332    15919.333333333334    10442.666666666666    7225.000000000001    5618.666666666666
14702.999999999998    15743.666666666666    15642.000000000002    22888.666666666668    19546.333333333332    15033.000000000002    11029.333333333334    11157.666666666666    10851.666666666666    11112.666666666666    11734.0    11099.0    9931.666666666668    12786.0    11647.333333333332    14574.0    10923.666666666668    10029.000000000002
13632.666666666666    14807.0    15564.333333333332    16087.000000000002    22649.0    15955.333333333334    13096.333333333334    12108.0    11650.666666666666    9743.0    11815.000000000002    11735.666666666666    13419.333333333332    10358.666666666666    8562.666666666666    11350.0    10602.0    12798.666666666666
16296.0    14543.333333333334    13500.0    13340.333333333332    13671.000000000002    18599.0    15682.333333333334    18780.0    16953.333333333336    16274.666666666666    15948.0    11353.333333333334    11876.333333333332    13211.0    13304.0    20022.666666666668    14827.0    12592.666666666666
5521.666666666667    3573.666666666667    3823.9999999999995    4555.666666666667    5830.0    4271.0    8172.333333333334    8576.0    12373.333333333332    19427.0    23098.0    24574.666666666668    20110.0    18880.666666666668    24081.0    27022.333333333336    25641.333333333336    22652.0
5682.333333333333    3698.3333333333335    3355.0    5721.0    4487.333333333333    5795.000000000001    7578.333333333334    7984.0    5818.666666666666    9657.0    20597.666666666668    22510.0    25492.0    32284.333333333332    31524.999999999996    27269.333333333332    25849.333333333332    25607.000000000004
3592.666666666667    3803.6666666666665    5333.333333333334    4164.333333333333    3931.3333333333335    3813.333333333333    6389.333333333333    6362.333333333333    6426.333333333333    8213.333333333332    12960.333333333332    22070.666666666668    28973.666666666664    36261.33333333333    31483.666666666664    36620.0    31968.33333333333    33984.666666666664
16769.333333333332    23998.333333333332    26593.333333333336    22454.0    25126.666666666668    24884.333333333336    24208.333333333332    14828.0    8654.0    7355.666666666668    10249.0    9386.333333333332    12270.0    13086.333333333334    17953.333333333332    17519.0    18513.333333333336    12913.666666666666
18391.333333333336    34425.0    41254.666666666664    37832.0    41703.0    34322.0    29050.000000000004    17435.0    10820.666666666668    6849.0    9227.0    9370.0    5718.999999999999    5646.333333333333    5141.666666666667    4819.333333333334    3988.333333333333    4333.333333333333
19119.333333333332    32800.66666666667    43149.0    45205.333333333336    42997.333333333336    37690.0    26568.0    16352.33333333333    9646.999999999998    7207.333333333333    8191.666666666666    6020.0    5973.666666666667    5469.666666666667    3986.0000000000005    4296.333333333333    5006.666666666667    4106.333333333334
16383.333333333334    33313.33333333333    45465.66666666667    45646.66666666667    48472.66666666667    33996.666666666664    27272.666666666668    15535.666666666668    10872.333333333334    7562.333333333333    8982.666666666666    5448.333333333333    5459.333333333333    5263.666666666666    4161.666666666667    4386.0    5612.333333333333    4652.333333333333
18566.0    31430.666666666664    45714.33333333333    49164.00000000001    52171.333333333336    31221.666666666664    24483.666666666664    13587.333333333332    10028.666666666668    8197.0    6891.0    7235.0    7332.333333333334    5345.0    4550.0    4603.0    4311.0    4017.333333333333
9766.333333333334    17490.666666666664    34427.66666666667    35851.66666666667    37096.0    24522.666666666664    18911.333333333336    8809.333333333332    7411.999999999999    8866.666666666666    10529.333333333334    8189.666666666666    6715.333333333333    14340.0    18449.333333333336    18923.666666666664    17927.0    11618.666666666668
9722.333333333334    18436.0    30433.333333333332    38601.0    35651.0    28416.333333333332    17900.666666666668    9396.0    7399.0    8031.666666666666    10219.666666666666    8189.333333333333    10369.333333333332    15169.333333333334    18970.0    19872.333333333332    12981.0    11551.0
3486.9999999999995    3855.333333333333    5407.666666666666    4171.0    5002.666666666666    4866.333333333333    4119.666666666667    4742.666666666666    6292.0    7711.666666666667    8995.666666666666    8390.0    18127.333333333336    36341.66666666667    44073.333333333336    52998.66666666667    39465.33333333333    26518.666666666668
3127.333333333333    4322.0    3613.666666666667    5098.0    4931.000000000001    5345.666666666667    6349.333333333334    5375.999999999999    6046.333333333333    7789.333333333334    9425.0    10962.666666666666    17227.666666666668    35747.666666666664    54726.33333333333    53317.333333333336    44614.666666666664    30205.666666666668
5727.666666666666    12840.0    16653.0    22418.666666666668    20020.333333333332    14320.333333333334    6864.0    8339.666666666668    6329.0    6956.666666666668    7794.333333333334    10535.0    15741.000000000002    27406.666666666668    37252.333333333336    42325.0    30489.666666666664    20762.666666666664
10825.0    21067.666666666664    42165.333333333336    44388.00000000001    45405.333333333336    27276.666666666668    16238.666666666666    10395.0    9963.333333333334    7990.666666666666    9896.666666666666    7165.666666666668    9021.666666666666    9818.333333333334    16070.333333333332    15266.333333333334    14052.0    9305.666666666666
