27075    42842    108709    131720    84939    45070
29841    49541    100193    124833    79183    44379
27745    36373    85846    120558    100067    35148
28144    38045    85983    112484    85455    49906
22237    27129    100160    95957    85293    44056
24553    30522    79432    88304    69500    32291
14646    27119    72057    84836    75599    24158
16240    29266    51165    56448    43208    26903
12554    19370    32179    31795    29847    19803
15029    18927    16668    21129    18012    12072
11925    12228    19233    22495    23003    17626
15004    15291    19421    26984    11611    19496
12354    14021    19173    20501    19332    18351
32319    36864    66911    97022    84764    33090
26491    39317    68256    114234    82683    51123
26108    43594    102133    107370    90148    43053
31289    49927    110089    117403    80236    39597
26553    45997    96859    121536    96248    32329
26263    51084    90557    122432    72895    44197
25700    52474    93911    127088    84851    39328
21977    51261    98531    113431    79087    45852
