21592    26386    22837    21936    27758    25422    27920    35371    43126    38370    20884    27098    26572    29834    25688    19561
26065    24274    21431    24203    24794    23027    30443    26223    46046    45096    25146    27698    20761    19812    22021    20930
17061    16897    24680    21311    16463    22829    20282    35425    42645    45443    35024    28314    18559    23903    20584    16317
16425    18442    26626    22138    21225    27395    25871    34048    36630    35981    28682    23536    20905    17529    24447    20137
17161    16260    10962    18797    27759    30738    32794    31947    30545    27480    21773    31602    21674    29321    13562    12457
9194    16059    22426    20443    26834    23456    26154    21890    17882    20613    23674    21330    22854    17129    22130    12534
28939    20700    20842    17447    19235    16699    18144    18170    15269    15891    13721    22966    17908    15073    16582    20829
18134    16082    15904    21171    9933    9348    19641    13523    10228    16479    15120    14009    8160    12345    11751    11402
9889    10449    6389    10708    8714    14504    6102    10423    8565    5418    8309    5515    7147    11108    11996    10312
7196    6742    5892    5847    6729    6365    4730    7077    5268    4440    6892    6057    10371    4972    4815    8444
8271    4892    7795    5984    5477    4634    4694    8712    8339    8049    4727    7668    6955    6268    4474    9571
6518    5183    7382    7377    7466    7900    4156    9457    5306    2809    4448    6194    11137    5862    12258    4354
4827    6714    8353    8849    6266    4787    5407    5189    7679    5799    7676    5342    6676    8528    6406    5234
15963    18322    14336    21607    28270    31035    27419    19795    26479    22040    19576    27225    22956    23527    15846    16574
14864    23301    15210    20292    22258    27311    32492    28538    39766    30659    26749    25489    24665    20220    18479    11811
29624    21784    22388    13831    21065    23108    27593    34869    40557    35795    31174    23676    25171    17227    17637    26907
25197    22209    22002    14424    26958    17757    29702    50284    40903    31925    27611    31511    29999    20306    23178    14575
24913    20435    18192    22546    20675    26003    26684    33787    34001    27875    32254    39718    23621    17276    25444    26098
23387    24341    22897    24208    21483    33328    21422    29906    30141    27525    37784    22169    19088    22550    23664    23535
33437    23403    23213    23597    34577    27662    31727    26458    25771    22341    25059    29845    29259    17495    25504    24004
30164    37168    26341    26262    23801    24942    25086    19553    15444    24015    27758    29368    26960    21853    26924    24500
