21784.333333333332    22610.0    40581.66666666667    63504.0    65685.66666666669    35248.333333333336
26341.333333333332    25612.333333333332    37791.33333333333    68762.66666666669    68474.66666666664    33136.0
20246.33333333333    18924.666666666668    36062.0    64408.99999999999    65103.33333333333    39012.66666666667
20346.000000000004    22332.0    39477.0    64769.999999999985    66960.00000000001    42521.99999999999
23736.666666666668    22744.0    48150.666666666664    67524.33333333331    65247.33333333332    35597.99999999999
20860.666666666664    18542.66666666667    40948.0    68610.66666666667    62451.33333333333    36008.33333333333
19365.333333333332    14670.333333333332    27161.333333333332    54994.0    60413.99999999999    37609.666666666664
18003.000000000004    14960.333333333332    28178.0    48303.666666666664    57272.666666666664    38118.333333333336
20338.333333333332    16097.000000000002    27626.0    56292.0    51832.33333333333    37853.333333333336
19819.666666666668    21094.333333333332    28017.666666666664    51342.66666666667    64594.333333333336    37730.33333333333
22336.333333333336    17939.000000000004    36363.0    66885.0    61726.0    33081.333333333336
20128.666666666664    17709.000000000004    33088.99999999999    58228.666666666664    58828.666666666664    30530.666666666664
16295.666666666666    15484.666666666668    30512.666666666668    50639.666666666664    50709.33333333333    31184.333333333336
17986.666666666668    17818.333333333336    29379.000000000004    50807.00000000001    52442.666666666664    34491.33333333333
18801.666666666664    18419.666666666664    27438.666666666668    51135.333333333336    45364.333333333336    28696.666666666664
19232.666666666668    15239.33333333333    27682.333333333336    48827.333333333336    44109.66666666667    25099.333333333332
19283.0    19068.666666666668    27469.666666666668    48934.33333333333    47559.666666666664    25530.666666666664
18585.0    16423.666666666668    20372.999999999996    39931.666666666664    42668.333333333336    26218.999999999996
21612.33333333333    21493.000000000004    38279.333333333336    64625.666666666664    59251.66666666666    33647.66666666667
22224.333333333332    21863.333333333332    39450.333333333336    65711.33333333334    66009.66666666667    34825.333333333336
18990.66666666667    22566.000000000004    44461.66666666666    70348.00000000001    60414.666666666664    33618.66666666666
24186.333333333336    21028.33333333333    49181.66666666668    70113.33333333333    59551.666666666664    33530.33333333332
22623.333333333332    22470.666666666668    44529.0    69382.0    60304.666666666664    36322.99999999999
24651.666666666668    23044.666666666668    41647.333333333336    73402.0    69994.0    32019.666666666668
18843.333333333332    19203.666666666668    31323.0    56147.66666666667    56061.66666666667    35599.66666666667
22460.999999999996    17774.999999999996    29227.66666666667    61425.33333333333    69675.0    37784.0
19900.66666666667    22850.333333333332    36094.0    63263.33333333333    63885.666666666664    30081.666666666664
16056.33333333333    16753.0    31827.666666666668    55939.33333333333    61499.333333333336    34341.0
19126.333333333332    17298.666666666664    37611.0    60515.333333333336    59923.99999999999    38616.666666666664
19258.0    13802.666666666668    33123.0    58966.00000000001    64839.0    37352.0
20434.999999999996    20284.666666666664    37012.99999999999    64485.66666666668    63186.333333333314    35465.00000000001
