9262.666666666666    12470.0    26935.666666666668    36690.0    41065.666666666664    33033.0    23716.0    12516.666666666666    9707.0    8050.0    7199.333333333333    4714.666666666667    4508.333333333333    2384.666666666667    3947.333333333333    4067.3333333333335    4433.666666666666    4711.999999999999
9058.666666666666    15442.666666666668    27877.666666666664    37587.666666666664    38519.333333333336    34661.33333333333    22161.333333333332    13828.333333333334    9044.333333333332    8135.666666666667    8311.666666666668    4809.333333333333    5267.333333333334    5041.333333333333    4936.666666666666    4524.333333333333    5055.0    5855.666666666666
6681.666666666667    9714.0    14388.666666666664    26364.666666666668    27061.999999999996    24309.333333333336    17650.0    10386.333333333332    8493.333333333334    7786.000000000001    6161.0    7591.0    6878.666666666667    8999.0    12503.666666666668    19811.0    17151.000000000004    11826.666666666666
8516.666666666668    12799.333333333334    22750.333333333332    36964.0    41396.666666666664    30768.666666666664    23217.333333333336    18811.0    10547.666666666666    9063.666666666666    5911.333333333333    6492.666666666667    6670.666666666667    4904.0    4197.0    5107.0    4440.0    3849.0
10450.666666666666    19568.0    30917.666666666668    37763.33333333333    35558.00000000001    35383.0    20204.666666666668    15301.666666666666    11278.333333333332    6403.666666666667    7231.333333333333    5479.999999999999    6456.666666666667    3712.3333333333335    4833.333333333333    4481.666666666667    4028.0    3948.6666666666665
7861.666666666667    15111.333333333334    20663.0    31444.666666666668    29909.666666666668    18658.333333333336    17309.666666666664    11461.0    12430.666666666666    6831.0    8255.666666666666    7167.0    5618.999999999999    11957.333333333334    10270.666666666666    10631.666666666666    12894.666666666666    8944.666666666666
3143.6666666666665    3582.6666666666665    3928.3333333333335    3098.0    3954.333333333333    3500.666666666667    3738.666666666667    4366.333333333334    4657.0    5451.333333333333    6208.0    7123.0    12893.333333333332    22349.666666666668    33198.666666666664    31661.0    33348.666666666664    28011.333333333332
4421.333333333333    4403.0    2719.333333333333    3454.333333333333    3927.666666666667    4045.6666666666665    3637.333333333333    4794.333333333334    4142.0    5301.0    6769.0    8591.333333333334    14738.666666666666    23174.0    26224.666666666668    25327.0    29422.333333333336    29743.000000000004
4013.0    3596.666666666667    3177.3333333333335    3767.3333333333335    2530.6666666666665    4184.0    4308.666666666667    5407.000000000001    5773.333333333333    7045.666666666667    6873.0    13225.333333333336    20717.0    21190.0    26740.666666666668    24573.0    28627.999999999996    24288.333333333336
3443.3333333333335    4966.333333333334    3936.3333333333335    3961.6666666666665    3340.9999999999995    3979.666666666667    3935.666666666667    5276.0    6061.666666666666    7076.0    9183.999999999998    14581.0    20270.0    21424.0    25430.333333333336    29645.333333333336    28607.666666666668    27479.000000000004
19418.333333333332    16348.000000000002    18268.333333333336    22284.666666666664    25519.000000000004    24025.666666666668    19598.666666666664    19271.666666666668    16945.333333333332    10752.333333333334    7483.333333333333    5347.666666666667    6590.666666666667    5639.0    4422.333333333333    6178.333333333334    5990.666666666667    4246.666666666667
18400.0    18179.666666666668    16384.0    19545.666666666668    21156.0    14576.333333333332    12385.666666666666    15351.333333333334    14211.0    15702.000000000002    11858.333333333332    9157.0    6179.0    6293.0    5776.666666666667    5207.666666666667    4669.666666666666    3481.6666666666665
4108.666666666667    3273.0    3805.3333333333335    3847.3333333333335    4612.0    4001.333333333333    5410.333333333333    10172.666666666666    12009.0    14390.333333333334    15088.333333333334    11189.666666666668    13319.666666666668    14210.999999999998    20670.333333333332    22126.0    16601.0    15990.333333333336
3480.0    4051.333333333333    4885.333333333333    4583.666666666666    5671.666666666667    10679.666666666666    11922.333333333334    14796.333333333332    11104.666666666666    13735.333333333332    12872.666666666666    14700.000000000002    9811.0    11689.666666666666    14592.333333333336    18646.333333333332    19463.666666666668    16239.0
5728.333333333333    3870.3333333333335    5337.666666666667    7777.666666666668    13382.000000000002    11820.333333333334    12996.666666666666    8506.333333333334    11562.666666666666    12076.666666666666    10962.0    10163.0    11101.666666666668    9737.0    9922.0    17665.0    15657.0    11590.0
7248.666666666667    7609.0    8867.666666666666    10454.0    11246.666666666668    8375.0    9971.0    11523.333333333332    8308.333333333334    9202.333333333334    7088.333333333333    7579.333333333333    8018.0    8576.666666666666    11264.333333333334    17612.0    17132.0    10114.0
13264.999999999998    11980.0    13364.333333333334    16256.999999999998    18149.666666666668    17516.666666666664    11581.666666666668    10336.666666666668    11796.0    8974.333333333332    7687.333333333334    6995.0    5884.0    5857.666666666666    6733.666666666667    7151.333333333333    6736.333333333333    7579.333333333334
7905.999999999999    9229.333333333334    10210.333333333332    8818.666666666668    7653.666666666666    7883.666666666667    7399.0    8247.666666666666    8082.0    5206.0    6684.666666666666    7480.999999999999    8755.666666666666    7686.0    12077.0    15814.666666666668    15692.333333333332    9373.0
14954.999999999998    16052.0    15696.000000000002    19315.333333333332    23893.0    21440.333333333336    19909.0    20134.333333333336    17927.0    18368.0    12055.666666666668    7210.666666666667    9187.333333333334    4721.666666666666    5851.333333333334    3526.3333333333335    4716.333333333333    3950.3333333333335
20819.666666666668    20006.0    20101.333333333332    23090.666666666668    26922.333333333332    27859.333333333332    23611.333333333332    16604.0    15532.666666666668    11864.666666666666    7404.333333333334    7004.0    6010.666666666667    5156.0    4120.333333333333    5351.0    4655.666666666666    3970.333333333333
16071.333333333334    22823.333333333336    25798.0    25021.666666666668    24446.0    25616.333333333336    24033.666666666664    22932.000000000004    15994.666666666668    8782.333333333334    6484.333333333334    7450.666666666667    5142.0    3744.0    5585.333333333333    3564.3333333333335    3439.6666666666665    3469.9999999999995
13578.333333333332    23205.0    24987.0    29389.666666666668    31991.666666666668    27184.666666666668    22977.666666666668    20446.0    12271.333333333334    10382.666666666666    8031.333333333332    6512.666666666667    3840.666666666667    4626.0    4121.666666666666    3516.6666666666665    5561.0    4967.666666666667
10073.999999999998    18826.333333333332    22382.666666666668    36881.666666666664    35187.99999999999    29886.0    23325.333333333332    15722.666666666666    12042.666666666666    11258.0    6098.333333333333    5026.333333333333    5559.666666666667    3577.6666666666665    5045.0    4900.333333333333    4712.333333333333    5125.666666666666
12440.000000000002    17340.333333333336    24445.999999999996    36284.666666666664    36877.666666666664    34546.0    28344.666666666668    16356.333333333334    8178.999999999999    8399.666666666666    7323.000000000001    6969.000000000001    5226.333333333333    5072.0    4759.666666666667    3682.6666666666665    4373.666666666667    4138.666666666667
3367.666666666666    2847.0    4097.0    4342.333333333334    4069.333333333333    4428.666666666667    3627.3333333333335    3919.666666666667    5736.999999999999    7257.666666666667    6398.666666666667    7893.999999999999    11696.666666666668    20262.666666666664    30157.333333333332    34294.333333333336    33056.666666666664    29725.0
6422.0    8226.0    12527.0    14033.666666666666    14180.333333333334    11456.333333333332    10414.333333333334    5478.666666666666    6625.333333333333    6980.333333333333    5147.333333333333    10093.333333333334    8714.666666666666    13350.000000000002    24873.333333333332    26578.333333333332    28962.666666666668    24284.333333333332
8800.333333333334    15655.000000000002    28549.666666666668    32749.333333333332    34953.666666666664    27439.333333333332    17760.666666666668    14029.666666666668    9401.0    8359.666666666668    6328.333333333334    5405.666666666667    5506.333333333333    3353.0    4803.333333333333    4564.666666666667    4387.333333333334    4028.6666666666665
4555.0    4013.666666666666    4814.0    3606.6666666666665    3929.0    2450.0000000000005    3012.666666666667    3866.333333333333    5233.666666666666    5795.333333333333    7427.333333333332    8310.000000000002    7940.666666666666    15348.333333333334    31084.333333333332    40532.66666666667    38013.33333333333    26483.666666666668
4959.0    4749.333333333334    5111.333333333334    11179.666666666668    11211.0    9434.0    7386.333333333333    7644.0    4761.333333333333    6259.666666666666    5054.0    9416.333333333332    8140.333333333334    14555.666666666668    27144.333333333332    38074.666666666664    36013.333333333336    21997.666666666664
6389.0    4466.333333333334    2931.666666666667    3492.6666666666665    2468.0    2711.6666666666665    3642.666666666667    3150.0    3144.6666666666665    4370.333333333333    7305.000000000001    6908.0    9665.666666666668    17433.333333333332    31709.000000000004    45492.333333333336    41330.33333333333    30730.0
7376.666666666666    7817.666666666666    18298.0    23700.333333333332    28979.33333333333    22521.333333333332    17602.0    9915.666666666668    9859.666666666668    7018.333333333334    8560.333333333334    6236.666666666667    6133.333333333333    6669.666666666666    11714.333333333332    17498.666666666668    19574.666666666664    11393.0
