10954    15482    29451    50136    37834    18233    14383    11960    18766    12166    9675    10144    14979    20505    28427    45655    31473    24432
10975    11416    26491    42265    44865    23554    6747    15638    11852    3132    9847    10702    12000    18618    50306    47716    33699    12073
13358    25186    27579    34754    27141    34430    26512    19240    16360    9770    10557    14851    21545    35944    27486    36085    28455    31983
12852    12151    29009    33889    38665    25528    16181    13558    11831    8039    6849    12591    19581    35454    21718    50074    47192    22184
15090    18587    23438    27374    38662    26136    17656    16085    13560    9434    14138    11277    19402    21964    29310    36387    45317    29214
10651    9212    29724    55923    46134    22952    9837    13661    11210    12825    12192    11241    7345    18099    40189    53243    38005    20290
8721    15485    12571    18485    17996    15190    13896    18374    33756    30338    24612    25204    26408    15998    18644    11829    15626    24987
11312    16564    15428    12263    13360    12848    14681    15222    28626    27140    17369    19848    16795    13744    17200    10456    16474    12253
13083    17279    14973    13845    10841    22777    12112    12187    26347    18212    8687    15448    10662    17582    17360    16533    14355    13090
10773    9157    38769    45175    53754    27802    16333    10384    9987    10624    8319    11955    12611    13681    34576    53694    49916    20107
12978    13511    15626    12318    10944    20183    22344    17267    27835    28727    21302    18667    13328    21578    17541    14679    13451    18515
26012    18715    17624    24256    21911    24897    17650    27536    18855    26797    29354    28847    25136    17398    20161    18286    18227    19713
20166    15329    14681    26389    37125    19510    16953    14801    19802    18853    14113    19224    16289    21172    27024    39119    26539    21209
9432    8430    28125    48407    44860    29424    15545    12935    12729    9891    10528    11124    8327    11506    34767    43971    47736    17831
9297    16867    23160    47001    48330    24799    9041    13865    14659    7856    8220    12299    7425    15645    41254    51362    52975    20070
11574    19394    27779    23282    25157    29528    25606    12839    12408    10108    8927    10873    18718    21610    28646    31689    26077    22604
15212    14039    28239    26527    30033    30121    25221    16990    16124    13982    14976    12420    12024    29723    37191    44891    30473    24927
15420    15983    23141    35145    38834    30793    17723    14675    9677    13043    7518    13591    14471    23891    39382    29217    27301    27044
9490    9640    28207    51980    46225    30095    12497    11705    8889    9448    11670    12739    10634    14130    32893    47342    42688    24586
9398    17991    29176    29968    49571    30139    21894    12832    8960    14606    8869    7385    10906    21607    36892    49016    38148    26134
13154    16412    29847    29559    38155    36485    24296    9507    14464    10460    8350    10441    9964    25785    30776    29936    27280    25124
