30492    52860    79559    113123    92747    35874
31100    37109    81498    110873    91026    40290
34908    37418    106937    132139    87893    41941
33735    38667    104570    123688    85183    31503
36002    41507    88589    127444    83961    35528
30366    41803    85981    121717    101090    41776
27685    36028    72173    103086    63585    45563
26063    30988    65721    74762    61090    32959
29855    33119    55210    77730    56098    23361
31536    43356    94588    118040    103121    46976
32547    35267    71872    93477    59391    28240
21904    33990    81864    124331    84283    55003
27783    47346    72609    117859    82981    39720
24683    39609    88479    115092    98489    39216
29843    37401    95405    126961    94347    40168
30732    39346    87840    112416    67281    29204
31409    41456    86444    128314    91429    44061
26123    36021    88203    117902    90161    38439
24190    42074    93284    117379    96762    41169
31165    44490    94361    113750    97232    42494
19106    40709    91249    112873    90136    35922
