24220.333333333332    23320.333333333336    20440.333333333332    37240.66666666667    60335.333333333336    58266.333333333336    33659.333333333336    20924.0    21104.666666666668    23499.000000000004
20999.000000000004    22343.999999999996    17948.0    29569.0    45785.666666666664    48370.66666666668    30030.333333333332    17555.333333333336    17821.666666666668    19507.333333333336
19393.666666666668    23701.0    20310.666666666664    29854.33333333333    51107.0    56823.00000000001    36916.33333333333    21264.0    25769.666666666668    26230.333333333332
20351.999999999996    18536.333333333336    23702.333333333336    25182.666666666668    46224.0    51691.666666666664    36629.0    20006.333333333336    18345.666666666664    20852.000000000004
19636.666666666668    21379.333333333332    18101.333333333336    21176.999999999996    45348.66666666666    43899.333333333336    21666.333333333332    18281.333333333332    17384.0    16264.333333333332
23314.999999999996    22250.333333333332    21090.666666666664    35427.666666666664    56223.0    46906.66666666667    32024.333333333336    21817.666666666668    20109.33333333334    19331.666666666668
20372.666666666664    16227.333333333336    19391.0    24777.666666666668    41179.0    40444.99999999999    24672.666666666664    16653.333333333332    18192.0    19445.333333333336
20815.000000000004    18828.666666666668    18498.333333333336    28403.33333333334    46380.66666666666    40643.33333333333    30006.999999999996    17829.333333333332    19689.666666666668    20998.666666666668
21431.666666666664    23892.999999999996    19095.333333333336    31563.666666666668    45897.333333333336    58653.666666666664    37837.333333333336    19199.333333333336    23436.0    22165.0
23494.333333333332    23771.666666666668    19468.0    36995.33333333333    62146.666666666664    54863.66666666666    35459.0    21431.33333333334    22379.0    20094.333333333332
17487.999999999996    19229.666666666668    15598.333333333332    30468.333333333332    41666.333333333336    44867.00000000001    27637.666666666664    17608.333333333332    20713.0    20205.666666666664
19649.666666666668    17984.000000000004    19846.666666666664    26685.0    36160.66666666667    36955.333333333336    28506.0    16913.0    19137.333333333332    21322.666666666668
22516.0    22591.333333333332    17785.0    25252.333333333332    45353.33333333332    52173.00000000001    36670.66666666667    18974.333333333336    18779.0    22433.666666666668
19116.333333333332    16783.0    18573.33333333333    23719.999999999996    37534.666666666664    46728.66666666667    27553.333333333336    17760.666666666668    17394.666666666668    21817.333333333336
19234.333333333332    20301.666666666668    19064.0    26577.000000000004    50943.333333333336    50614.66666666666    31880.666666666668    19710.0    22862.666666666668    18918.333333333332
20673.666666666664    16987.333333333336    21009.999999999996    27594.0    46868.333333333336    43204.99999999999    31701.666666666668    18048.0    19571.333333333336    20108.66666666667
16931.0    21582.0    20261.666666666664    29859.333333333332    50309.666666666664    55516.66666666667    32553.33333333333    20985.0    21637.0    21835.666666666664
18243.333333333332    16466.999999999996    17609.666666666664    25458.333333333332    38694.333333333336    37216.666666666664    23918.333333333332    18951.000000000004    20860.333333333336    16347.0
17390.666666666664    26046.333333333332    16189.333333333334    25272.666666666668    41287.0    52452.0    39784.666666666664    22252.666666666668    18403.333333333332    20860.333333333336
14946.0    17465.000000000004    15252.666666666668    18297.666666666668    32564.0    44946.33333333333    31564.333333333336    18004.333333333336    17183.333333333332    18095.0
22460.666666666668    18498.666666666668    20112.333333333332    33239.99999999999    52676.99999999999    57341.000000000015    33496.0    17450.666666666664    22380.0    18148.666666666668
16967.0    20212.333333333332    18316.333333333332    23700.333333333336    40072.0    38625.33333333333    23270.666666666668    15883.666666666666    17677.333333333336    17731.333333333332
15491.666666666666    19919.33333333333    17060.666666666664    27139.0    41752.00000000001    45991.66666666667    29119.666666666668    17604.999999999996    15677.666666666668    21305.0
19720.999999999996    17618.666666666668    18094.333333333332    21106.333333333336    43528.66666666666    47571.99999999999    27069.666666666668    17823.0    17230.0    18349.33333333333
17352.333333333336    18396.666666666668    15657.000000000002    24204.333333333336    40883.66666666667    45771.66666666666    30945.333333333336    15504.666666666666    16707.666666666664    19774.333333333336
16658.333333333336    16779.0    18308.333333333332    22136.000000000004    40078.333333333336    43240.333333333336    31605.66666666666    17035.333333333336    16987.333333333336    18295.333333333336
15419.33333333333    17229.333333333336    15508.666666666668    24727.000000000007    40497.66666666667    43482.99999999999    31851.0    17511.666666666668    19321.333333333336    19945.0
20838.333333333332    23593.0    18173.999999999996    27765.0    48468.666666666664    54329.00000000001    34756.0    20986.0    23198.000000000004    23920.66666666667
20148.333333333336    19768.000000000004    17289.333333333336    30213.666666666664    53484.333333333336    59008.99999999999    39760.0    20520.0    18286.333333333336    21016.0
19503.999999999996    20816.0    14379.333333333334    29160.999999999996    51188.0    63819.0    45609.99999999999    20931.0    19193.66666666667    22080.333333333332
21219.999999999996    19937.666666666664    20876.0    30584.333333333336    51833.66666666667    56634.0    38081.99999999999    20854.333333333332    21187.666666666668    20795.666666666668
