8292.333333333332    10543.000000000002    14965.333333333332    19500.333333333332    31535.666666666668    38920.333333333336    40903.666666666664    28618.999999999996    20754.0    15168.666666666666    14176.0    10802.666666666666    9047.666666666666    6348.666666666666    7084.999999999999    6661.666666666667    6560.666666666667    6030.333333333334    7220.000000000001    6658.666666666666    6728.000000000001    6488.666666666666
9119.666666666666    8774.333333333334    9412.999999999998    13032.666666666668    16474.666666666668    22586.0    23087.333333333332    14522.333333333336    13760.0    11797.666666666666    9167.666666666666    9696.666666666668    8084.999999999999    6764.000000000001    9035.333333333334    12342.0    11176.333333333334    16460.666666666668    13543.333333333334    14297.666666666664    8257.333333333334    8537.333333333332
6618.0    5426.000000000001    6981.666666666667    7432.333333333333    5620.666666666667    6026.0    5922.666666666667    7024.666666666668    6655.333333333334    7093.666666666667    9026.666666666666    11212.333333333334    7979.333333333333    11124.333333333332    14706.666666666668    20614.333333333332    33256.0    34826.333333333336    36382.666666666664    31577.666666666664    18976.0    16886.666666666664
5710.000000000001    6429.333333333334    6250.0    5688.333333333334    6251.666666666667    5292.333333333333    5302.333333333333    6553.666666666666    7745.666666666667    10986.999999999998    8176.333333333334    8622.0    10142.333333333334    8364.0    15400.333333333334    19564.666666666668    26582.0    30372.33333333334    30129.333333333332    29909.333333333336    16204.666666666666    11844.333333333334
7817.333333333332    8077.000000000001    10038.666666666668    14279.333333333332    15570.666666666666    17601.666666666668    16600.666666666664    18784.666666666668    18044.666666666668    13829.666666666668    10064.0    11013.333333333332    9422.000000000002    7520.333333333334    7756.666666666667    8447.333333333332    9833.333333333336    9700.666666666666    7623.666666666666    8569.0    7102.333333333334    5441.333333333334
8300.333333333334    8510.333333333334    13953.333333333332    19291.000000000004    28424.333333333336    23268.333333333336    24618.000000000004    31765.666666666664    25476.666666666668    16800.333333333336    15339.333333333332    12024.333333333334    10400.333333333334    8226.666666666666    5413.666666666667    8515.0    5962.666666666667    6944.666666666667    6260.0    5461.666666666668    7012.666666666667    6527.0
9377.333333333332    8942.333333333332    13076.0    18308.0    17453.000000000004    18736.666666666668    19467.333333333332    20139.333333333336    18255.666666666668    12515.333333333334    13184.666666666668    8085.333333333333    7768.0    5614.0    5480.666666666667    5257.000000000001    6841.333333333334    5350.0    5732.666666666666    7428.333333333334    8346.0    5996.999999999999
9186.333333333334    9477.666666666666    9350.000000000002    15118.0    13450.999999999998    21348.999999999996    22561.666666666664    19664.333333333332    13116.666666666668    14585.666666666666    15378.666666666668    9579.666666666664    8722.333333333334    9410.000000000002    7804.333333333333    8539.666666666666    10677.666666666666    8511.0    9836.333333333334    8939.0    9625.0    7210.0
7892.0    6541.666666666667    8092.0    8926.666666666668    8573.666666666666    10742.333333333332    12299.333333333332    11870.666666666666    10388.333333333334    12778.333333333334    12859.333333333332    8671.333333333334    11422.333333333334    15692.999999999998    19452.333333333332    23534.333333333332    21891.999999999996    19941.333333333336    18991.0    19207.666666666668    19222.0    14180.666666666666
10845.333333333334    18239.666666666668    21737.0    18306.0    26914.333333333332    22885.666666666664    27764.33333333333    20408.333333333332    18961.666666666668    20700.666666666668    20019.666666666668    13777.666666666668    12058.000000000002    10320.666666666666    7895.666666666666    6867.999999999999    6602.0    6486.666666666666    7284.0    8013.666666666666    8603.333333333334    5411.0
13836.0    13488.666666666668    17398.000000000004    17740.666666666668    13452.000000000002    12692.999999999998    16172.0    15652.333333333336    16426.0    15317.333333333332    14529.0    14401.666666666666    13156.999999999998    8767.0    8159.333333333334    7755.666666666667    5947.666666666667    6754.333333333334    5397.000000000001    7650.666666666666    5392.666666666666    5394.333333333333
12790.0    11815.333333333334    12301.0    10607.000000000002    10363.666666666668    12535.666666666666    11953.666666666668    10829.333333333332    12383.0    16511.666666666664    13684.666666666666    12597.666666666666    12756.999999999998    13813.666666666668    11957.666666666668    9647.666666666668    6974.666666666667    7955.333333333333    8746.333333333334    6385.666666666667    8433.0    8116.666666666667
6258.333333333333    5165.0    7148.666666666667    7286.666666666667    6788.666666666666    7602.333333333333    6820.333333333333    10652.666666666668    13949.666666666668    20673.333333333332    19115.666666666668    16269.000000000002    13252.666666666668    14926.666666666668    17041.666666666668    15158.666666666668    16712.333333333336    16736.666666666664    13392.333333333334    16557.999999999996    13889.666666666666    17129.666666666668
6132.333333333334    5780.666666666666    6434.0    6306.0    7110.000000000001    7996.666666666666    9228.666666666666    14243.666666666666    12561.666666666666    11716.0    12296.666666666666    10648.0    8966.666666666666    11090.999999999998    10044.0    12747.0    13473.666666666668    22990.0    19852.333333333336    14718.666666666666    11512.666666666666    11131.666666666668
6604.666666666666    8021.333333333334    9742.333333333334    11685.999999999998    12866.0    14320.333333333336    12553.333333333332    10664.666666666668    12771.0    12537.666666666666    9845.999999999998    11864.000000000002    12580.666666666668    15417.666666666668    12740.333333333334    12554.999999999998    15857.0    20824.66666666667    18133.333333333332    12631.000000000002    12327.666666666666    13562.000000000002
7384.000000000001    8843.333333333334    14781.0    12557.333333333332    12166.333333333332    13859.333333333334    12666.333333333334    10599.666666666666    10532.333333333332    12639.333333333336    10849.666666666666    9868.0    12975.0    11193.666666666668    10281.666666666666    14263.000000000002    15093.333333333336    14988.666666666668    15664.0    12509.333333333334    11656.666666666666    10395.999999999998
8285.333333333334    8055.999999999999    10250.999999999998    13465.666666666668    14085.333333333334    13657.333333333334    14484.0    14630.0    16864.666666666664    14820.666666666666    11649.333333333334    10151.666666666668    9912.0    9156.000000000002    12564.999999999998    12995.0    18448.666666666664    19669.333333333332    19863.666666666668    14534.000000000002    12356.0    11570.666666666668
8727.0    11035.333333333334    13340.333333333332    11527.333333333334    10972.999999999998    9091.666666666666    9923.0    14049.0    9633.666666666666    12821.999999999998    12207.0    13629.0    11979.333333333332    10914.333333333334    10658.0    10750.666666666668    9080.333333333334    7617.333333333333    8823.666666666666    9113.666666666668    9548.666666666666    8321.666666666666
5596.333333333333    5103.333333333333    5095.0    4576.666666666667    7308.0    7334.333333333334    6013.333333333333    6997.333333333333    7619.333333333334    7867.333333333333    9643.666666666668    10171.0    12876.000000000002    15979.333333333336    20404.333333333332    18670.666666666668    19001.999999999996    25160.0    21478.0    22610.666666666668    22341.333333333332    18091.0
4875.666666666667    5575.333333333332    4799.999999999999    5661.333333333333    5401.999999999999    5014.333333333332    5640.999999999999    6784.0    6964.666666666666    7306.000000000001    6836.0    7838.0    10016.333333333332    10538.666666666668    13579.666666666668    14836.666666666666    15056.000000000002    18768.666666666668    17931.333333333336    19039.999999999996    18729.333333333336    17123.666666666664
9562.666666666668    9211.333333333332    15348.0    17647.333333333332    24577.333333333336    28194.0    26515.000000000004    27070.0    24179.0    16802.333333333332    13314.333333333334    9579.666666666668    9801.999999999998    10153.333333333332    7401.666666666667    6380.666666666667    4820.666666666667    9337.000000000002    5904.666666666667    6489.333333333333    6753.999999999999    6760.666666666667
6503.0    4965.666666666666    6676.0    6504.000000000001    6209.999999999999    8022.666666666666    9832.0    8576.666666666668    8150.666666666668    7659.0    8028.333333333334    7678.0    7707.333333333333    10341.666666666666    11738.333333333334    16101.333333333332    17407.666666666664    17012.666666666664    18717.333333333332    17732.666666666668    15079.333333333336    11812.0
4488.333333333333    4927.666666666666    5103.666666666667    5200.333333333333    5442.666666666667    6257.0    5630.666666666666    7011.333333333334    6037.666666666666    7653.333333333334    8535.0    7670.333333333333    8533.666666666666    9487.666666666668    13369.0    19193.0    24790.33333333334    23593.333333333336    24938.333333333336    22048.666666666664    18289.333333333336    12860.333333333336
5708.000000000001    6523.333333333334    5623.0    5045.0    5348.666666666667    6525.333333333333    6043.666666666667    5445.333333333333    7311.000000000001    7257.666666666667    7661.666666666667    6627.666666666667    7440.666666666667    7477.333333333334    10992.999999999998    16708.666666666668    22173.333333333336    29656.0    26425.000000000004    23027.666666666668    17662.666666666664    11428.333333333332
5874.666666666667    4936.333333333333    5560.333333333333    4339.666666666667    4869.000000000001    5980.333333333334    4594.999999999999    7309.666666666666    6446.666666666666    7055.666666666667    6850.666666666666    6395.333333333334    7104.333333333333    10574.0    8964.0    19769.333333333332    23779.333333333336    25662.666666666668    28506.666666666668    22862.0    18427.333333333336    9334.666666666666
4614.666666666666    4290.666666666666    6641.0    5599.0    5360.0    6784.666666666666    6035.666666666667    5885.000000000001    7112.000000000001    6772.999999999999    5920.333333333333    7850.666666666667    9378.0    8369.333333333334    12038.666666666666    15996.333333333336    25683.666666666668    24882.666666666664    24530.666666666664    21982.333333333332    14480.0    10915.666666666666
6444.333333333334    4830.333333333333    5698.666666666667    5586.333333333333    6362.666666666667    5034.666666666666    5730.0    6634.000000000001    6851.666666666667    6914.999999999999    5131.333333333334    7351.000000000001    9119.333333333332    10668.333333333334    12175.999999999998    20658.999999999996    24489.666666666664    26563.333333333336    25171.999999999996    21833.333333333336    13410.0    8833.0
5320.333333333333    6942.333333333334    5290.0    6510.333333333332    5816.333333333333    5553.0    6089.0    5942.333333333334    7094.666666666666    7192.333333333333    7637.000000000001    8362.333333333334    8574.0    11110.666666666664    10930.0    19905.666666666668    30271.33333333333    36732.66666666667    39130.33333333333    29164.0    15965.666666666666    16494.333333333336
6363.666666666668    5349.333333333333    6704.666666666668    6469.666666666666    5269.666666666666    5760.333333333333    6372.666666666667    5429.0    6877.333333333333    6138.333333333333    7582.333333333334    10885.333333333336    9724.000000000002    10619.666666666664    12626.000000000002    18620.333333333332    38853.66666666667    40580.33333333333    35862.666666666664    24713.0    13645.333333333334    15047.666666666666
4237.0    6339.999999999999    6732.333333333333    7007.666666666667    6512.0    5713.666666666667    6845.666666666668    6603.0    6812.333333333334    8353.333333333334    7919.000000000001    8236.666666666668    9887.666666666666    11033.333333333334    10996.666666666668    23647.000000000004    32333.333333333336    42703.0    41692.00000000001    24973.333333333332    15104.666666666666    12998.666666666668
4989.333333333334    5878.666666666667    5495.0    7049.666666666666    5930.999999999999    6650.666666666666    6026.333333333333    5793.333333333333    7983.666666666667    6454.333333333334    10418.333333333334    6967.0    10589.333333333334    13995.666666666666    13792.0    19431.333333333332    31817.666666666664    40494.666666666664    36724.666666666664    23977.0    16498.666666666664    15046.999999999998
