57960    105193    161862    160767    114994    54003
46032    114502    179894    183809    104917    52664
48498    98154    195117    168213    102916    59903
56921    110601    154236    182833    104368    55691
44185    88220    162361    164578    108719    53424
55948    100589    175834    179511    113248    62794
50723    119360    191347    165675    117275    48703
52648    88492    161573    173408    89979    60226
59381    137271    192954    181192    112452    55477
51495    92640    145313    151574    110535    54297
37078    71190    116229    118354    83660    50816
57602    108730    185870    186176    115929    56965
62195    103753    204647    181497    129352    57439
54217    100305    176373    182150    109180    44123
49118    109799    172315    161512    122225    58153
48438    126439    176488    159580    117584    54036
48011    111541    156860    177284    105955    55592
43386    89017    192058    154615    114968    58149
49713    106296    186049    172156    114472    62833
48533    109763    184176    176790    118214    51313
46875    108294    163315    173203    104510    66038
