5673    3773    4371    5965    8495    7922    4029    8089    12419    8716    17718    44153    61199    60578    35664    10754    12360    9818    9383    10975    21202    14848    34454    43254    53073    45410    24651    11913    7253    4976    8005    13829    6405    7310    10279    5863
4631    4866    7135    11303    7228    9468    7362    7467    16272    13285    23383    36527    46053    34003    42033    25007    22353    17613    18198    7966    7917    22600    37138    35692    46611    35876    35193    30936    11276    8602    4395    9290    10050    8287    10767    5035
4975    8922    7256    5071    4724    5433    7482    8924    11329    17728    30079    36140    34982    33776    36733    29349    25185    15109    6789    13374    19511    26483    38149    39755    40533    42444    31140    30810    16982    8073    6812    7886    4348    3484    8482    4549
5031    5240    4233    8721    8330    6807    8113    6309    9939    15488    27234    31695    36338    39117    42900    31599    25962    18992    11803    14527    17937    29655    34670    24158    39778    27400    40083    29820    16675    11740    7306    5742    5164    5359    4716    6069
2565    9539    3613    8586    6379    7071    7030    6806    13493    22755    24959    28109    32294    22750    27143    23738    28622    21893    11118    9869    26264    17757    47914    37317    21289    32867    27425    29739    15533    10337    7149    6638    6939    4079    5449    6459
6887    4503    3955    4413    14090    6372    7148    13794    21398    29945    28880    24914    34188    24534    31197    29761    33632    31161    17285    20270    23401    33022    30458    25238    23498    20864    22989    26472    22167    17007    8187    9138    8360    9482    8177    11137
3605    4278    10087    15097    7135    10030    9421    14170    20984    28902    30427    28325    20816    27375    23711    28452    31636    27208    27794    21536    26841    21724    24876    30194    24536    22679    31072    20942    25446    21737    16705    10739    9313    4687    5254    5349
3969    6591    5841    6384    8211    7573    11763    17863    21423    18538    15665    20795    14747    17441    19982    17674    27932    22286    42890    30075    29409    25271    24270    17485    24372    17643    18494    14622    23072    23179    24118    17276    12999    4795    4979    6699
6724    6912    9645    11969    14772    25720    23240    26050    19819    24265    19358    21310    16030    16136    24449    34139    33634    36033    29767    28392    33228    41978    22323    16577    19197    16821    17741    19428    19784    15588    15219    22512    19146    16169    7100    7552
10804    23459    14467    15389    10513    11937    13143    12785    18191    15459    18325    21403    21025    15607    23048    24254    20593    15460    19016    21030    19500    20999    19563    23905    15475    18778    23619    17318    18068    17410    11265    11962    10073    8374    11358    12279
10832    12182    13613    16306    11203    15020    11262    14249    11641    13374    17344    17618    14804    11199    15580    15452    15801    15276    14900    8881    9891    14022    15089    10273    13222    10848    10251    11224    14062    18724    15162    11782    10563    12573    12717    10387
8598    8425    18061    14140    28441    20187    17243    14483    11538    14196    20945    24386    19806    26385    25828    21248    30444    30946    20603    21582    27059    36891    22791    34004    20596    19656    11220    12032    13715    17189    13094    22452    21632    16522    11462    13472
7687    10538    6628    11630    11563    18912    17630    14473    24534    27492    19246    24275    22291    22252    24965    20986    29990    25960    42151    36310    30270    23282    20053    24194    21997    26715    29589    20679    14064    28060    20359    20651    16921    9083    7563    5890
6107    4102    6038    9466    6127    9571    9095    18873    22815    25392    22440    25677    15263    21495    22143    22768    32043    31346    31811    29428    27501    25655    23344    26537    25927    23233    19850    22896    25659    22471    12993    10504    8227    7078    4574    7899
4772    6239    10220    11217    6959    8383    4695    20110    23861    33257    31164    24949    18947    33170    26635    21359    27164    24510    20439    14041    20948    31231    25022    28007    15760    32444    28347    27799    26663    20786    14199    10715    4649    3620    4472    6369
6343    4572    5976    4864    11349    9024    7087    11137    14397    22806    33062    24950    37068    40037    29981    26001    25102    20309    18290    11934    23374    28947    35460    29108    28006    32678    33196    26946    23625    12265    11659    7850    7454    4394    8117    5197
3660    3865    7373    4785    6152    7156    7445    10927    15550    20255    28561    38188    27169    29165    37918    34992    27966    18374    7976    16258    18030    21440    37666    28149    27305    33268    29602    33445    21186    12221    7404    4955    8222    7119    4607    6889
5341    2870    6854    7981    7861    11477    7977    10414    9792    21005    24653    31788    27907    39360    34525    38773    27369    17319    14650    13343    20946    18215    33927    35236    36597    32941    25372    21722    17812    7582    7753    8766    5726    4953    7101    6285
4129    6579    6154    3902    7670    11548    8870    8247    10110    12709    27866    38339    41254    44999    49614    32239    12458    14648    10435    17196    17133    26465    40277    40403    31688    35714    41234    25232    8696    6405    11595    8233    10300    8075    7324    3779
3901    2756    4391    5561    5406    12831    6155    11368    12011    16896    22287    34039    36786    40701    48073    21612    16586    13044    10331    11116    20948    26002    35287    43596    49398    47360    38400    29105    13240    5273    6644    10546    9351    5374    7422    4992
5260    6846    6047    4004    4613    5997    9654    7083    13179    13958    28612    34798    42454    52905    39084    24974    17056    12224    8597    17109    8537    18506    31841    33009    47783    43888    29495    30449    14528    8285    6442    9698    4870    3558    10669    6223
