15619.666666666668    29968.666666666668    40291.666666666664    44681.666666666664    36449.333333333336    24099.333333333336    13795.333333333334    8518.666666666666    8665.333333333332    9727.666666666666    10289.666666666666    7627.333333333333    10784.333333333332    15339.0    15979.333333333334    13515.0    10215.000000000002    9694.333333333334
3656.666666666667    4493.333333333333    4643.0    5028.333333333333    4349.333333333333    4458.333333333334    4874.666666666667    5760.0    5871.333333333333    11028.0    9907.333333333332    12420.666666666666    23610.333333333336    43831.0    50113.666666666664    46944.66666666667    28863.333333333336    17887.0
4356.333333333333    6943.333333333333    3328.0000000000005    5851.0    5821.333333333333    7277.333333333334    6548.333333333333    4424.666666666666    8805.666666666668    10416.666666666668    9174.666666666668    14246.0    27183.666666666668    40675.66666666667    52832.00000000001    45789.333333333336    33111.666666666664    24783.333333333332
4842.0    3322.3333333333335    4932.666666666667    4925.0    5710.666666666667    3701.3333333333335    6461.666666666667    7185.333333333333    10664.333333333336    7356.333333333334    8949.333333333334    13387.0    30776.333333333332    44876.66666666667    51521.00000000001    47911.666666666664    36884.66666666667    22263.333333333332
26797.0    40119.666666666664    40100.666666666664    47742.0    38608.333333333336    25396.0    23470.333333333332    13213.666666666666    10435.333333333332    8912.0    7690.000000000001    6180.333333333333    5328.333333333333    4935.0    5990.333333333333    4036.0    4573.666666666667    4976.666666666666
26156.666666666668    37784.666666666664    46183.0    47770.666666666664    43672.666666666664    32174.666666666668    21256.666666666664    15169.0    10747.333333333334    7639.666666666668    8162.666666666667    6642.999999999999    4942.666666666667    4787.666666666667    4972.666666666667    3968.3333333333335    5631.000000000001    3789.333333333333
23888.0    37301.66666666667    41305.0    41450.66666666667    37635.666666666664    33334.333333333336    26505.000000000004    13077.333333333332    8674.333333333334    7884.666666666667    9134.666666666666    7648.333333333333    5637.666666666667    6190.999999999999    6181.0    5366.333333333334    3622.6666666666665    4189.0
26784.333333333336    35050.0    32039.0    37560.666666666664    35010.33333333333    33510.0    23442.333333333336    18003.666666666668    11162.0    7752.0    6244.0    7463.999999999999    7564.666666666666    5722.0    4362.333333333334    3506.3333333333335    4377.0    5061.0
9619.333333333334    13589.666666666666    15309.666666666666    17446.666666666664    14658.0    14369.333333333334    9586.333333333332    8860.0    8909.666666666666    10246.666666666666    17757.0    20371.666666666668    27672.333333333336    23158.666666666664    21495.333333333332    20145.333333333332    19616.0    20444.0
3860.6666666666665    5801.666666666666    3441.0    4659.333333333333    5408.0    5302.333333333333    6927.666666666666    5487.666666666667    11610.0    15562.333333333334    24363.333333333332    25930.66666666667    32329.333333333332    28039.0    26243.333333333332    23970.333333333332    27133.000000000004    29925.333333333332
5396.333333333333    6302.0    4667.0    4473.0    5330.0    7318.666666666666    6158.333333333333    8526.333333333334    16590.333333333332    19062.666666666668    23266.333333333332    26407.333333333336    27212.333333333332    22371.333333333332    32805.33333333333    25514.0    23587.333333333332    23239.333333333332
6031.0    5215.666666666667    5824.333333333332    8039.0    4992.0    7096.333333333334    7966.333333333332    13833.666666666666    18397.333333333332    22058.666666666668    22322.0    20608.333333333332    16937.333333333336    21461.333333333332    28045.333333333332    27950.666666666664    20934.0    17499.0
11570.333333333332    15956.333333333334    12512.333333333332    14513.666666666666    12662.666666666668    13765.0    12447.333333333336    17735.0    16227.333333333334    21377.0    21713.666666666664    20424.666666666668    14810.666666666666    15888.333333333334    17125.666666666664    14080.666666666664    13983.333333333334    9174.0
6243.333333333334    6346.666666666667    6674.999999999999    13602.0    15336.666666666668    21742.0    17531.333333333332    16573.666666666664    16039.0    15166.333333333332    15872.333333333334    13717.000000000002    16681.333333333336    13714.333333333332    23081.333333333332    20685.0    14345.666666666668    13469.333333333334
12662.0    12378.666666666666    15429.666666666668    12596.666666666668    11857.0    14278.666666666666    12416.333333333336    10105.666666666666    11670.0    14752.333333333334    14282.333333333332    13311.666666666666    13626.333333333334    14779.333333333332    18286.333333333336    20886.666666666668    16882.666666666664    10961.666666666666
14347.000000000002    14297.666666666668    18598.666666666668    18484.0    17741.333333333332    15179.666666666666    9048.0    11059.0    11031.666666666666    10668.333333333334    10140.0    11322.666666666666    12389.333333333332    17233.333333333332    11689.333333333334    10957.666666666666    12715.666666666664    10675.000000000002
14439.333333333334    16297.000000000002    20807.999999999996    16779.0    16546.0    14019.333333333334    10354.0    11976.333333333332    10537.333333333332    10826.666666666668    10606.000000000002    6237.333333333333    9479.666666666668    9987.333333333332    9510.666666666666    7935.0    10202.333333333332    7389.666666666667
5976.0    7650.0    6187.666666666668    5898.666666666667    5342.0    5551.333333333334    7217.666666666666    12637.666666666666    18195.666666666668    23683.333333333332    21432.0    19501.666666666668    19958.000000000004    25577.333333333332    21122.333333333336    24014.000000000004    21544.666666666664    19062.666666666664
4158.333333333333    5093.666666666667    6375.333333333333    4642.0    6219.0    5818.0    6314.0    8463.666666666668    9693.333333333334    14109.333333333334    23818.666666666668    27306.0    30184.0    25827.666666666664    31101.666666666668    26412.333333333332    23514.666666666664    23469.333333333336
21461.0    24901.666666666668    26875.333333333336    23639.0    25849.333333333336    18846.0    23466.0    15971.333333333336    10380.0    10077.999999999998    10132.333333333332    14205.666666666666    16570.0    15121.666666666666    14609.0    15345.000000000002    12823.0    14378.666666666668
20221.0    26868.333333333336    31064.999999999996    29081.0    31546.666666666668    27809.333333333332    22541.666666666664    14120.0    7589.333333333333    8067.333333333334    7368.666666666668    10256.0    13509.000000000002    17173.666666666668    14204.666666666668    10935.333333333332    12603.333333333334    12731.0
19100.666666666664    26511.0    33729.66666666667    29908.333333333332    29473.333333333332    24630.0    15072.333333333334    11841.000000000002    8819.0    8790.666666666666    8893.0    10688.0    17045.0    15464.666666666668    15606.333333333332    11484.333333333334    14799.666666666666    14742.333333333332
4039.0    4475.0    3828.0    5234.666666666667    4464.333333333333    4729.0    6385.0    5133.666666666667    7970.333333333333    8783.666666666666    13973.0    17734.0    35525.66666666667    43569.0    41643.66666666667    38374.0    37715.333333333336    27351.999999999996
23585.999999999996    37614.666666666664    44048.99999999999    50977.333333333336    41698.666666666664    33954.666666666664    20124.0    9518.666666666666    7575.666666666667    7062.999999999999    7472.999999999999    7107.0    5392.333333333333    4178.333333333334    4775.999999999999    4407.666666666667    4417.333333333333    3619.6666666666665
25868.999999999996    35346.0    49485.0    53290.66666666667    46131.33333333333    25601.333333333336    17632.666666666668    11756.666666666668    7000.0    7767.0    8845.0    4489.0    6156.666666666667    5581.333333333333    4053.6666666666665    4271.666666666667    5610.666666666667    3851.0
18732.666666666668    35757.99999999999    51836.666666666664    52611.666666666664    47082.666666666664    30782.666666666664    18815.0    10219.333333333334    7820.999999999999    6419.0    6663.333333333333    5518.333333333334    6903.0    5810.0    5282.666666666667    4580.333333333333    3226.0    4306.0
5079.0    5522.333333333334    6673.333333333333    6685.0    5786.666666666666    6192.333333333333    5226.333333333333    6290.333333333333    6992.0    8674.0    9989.333333333334    12136.666666666666    25834.333333333332    41048.666666666664    46373.333333333336    45789.0    38846.0    20291.33333333333
8225.666666666666    14468.333333333334    20564.0    21630.333333333332    15479.000000000002    11270.666666666668    7495.000000000001    8065.333333333334    8529.333333333334    9827.666666666668    8931.333333333334    14159.333333333332    19640.666666666668    29721.0    37969.33333333333    34389.666666666664    26088.666666666664    14863.000000000002
16987.0    36555.666666666664    56503.666666666664    55678.33333333333    38904.666666666664    27979.666666666664    13578.333333333332    9545.666666666668    7415.666666666666    7737.0    8384.0    7357.666666666667    6328.999999999999    5215.000000000001    3550.666666666667    3898.333333333333    4514.666666666666    2768.0000000000005
3781.0    4714.0    3446.666666666667    5310.0    4206.333333333334    5737.333333333333    3758.3333333333335    7558.0    5278.666666666667    10607.0    10863.0    14010.0    22200.000000000004    38997.666666666664    54996.33333333333    53390.0    36304.00000000001    19043.0
3653.3333333333335    3557.0    4559.0    4315.333333333333    3715.333333333333    5968.666666666666    6225.333333333334    3865.666666666667    7770.666666666665    7779.666666666667    8260.333333333332    12302.0    26038.999999999996    40172.666666666664    54434.333333333336    49996.666666666664    41964.0    13677.0
