19927.666666666668    19434.666666666664    41524.666666666664    68998.66666666666    62561.00000000001    27048.333333333332
20491.666666666668    16233.999999999998    29477.333333333336    64751.00000000001    62319.66666666667    38410.33333333333
18906.0    16278.999999999998    32364.0    66744.33333333333    67266.33333333334    36956.333333333336
16767.0    16189.666666666668    33800.0    62489.333333333336    63130.333333333336    44215.66666666667
19328.666666666664    16088.333333333334    30993.66666666667    64414.666666666664    66371.0    39682.333333333336
21229.000000000004    16952.000000000004    35119.333333333336    58574.99999999999    66914.0    35384.333333333336
16339.333333333336    19660.333333333332    35523.66666666667    55947.00000000001    63637.666666666664    31874.333333333332
21489.333333333336    18160.333333333336    46022.000000000015    67087.33333333334    55761.333333333336    31641.999999999996
22024.666666666664    27004.999999999996    45601.66666666666    69294.66666666667    55086.33333333334    28427.000000000004
20655.666666666668    20226.000000000004    41403.0    64855.66666666666    55947.333333333336    30974.333333333332
18507.0    20555.666666666668    38358.666666666664    55489.0    59083.333333333336    25908.333333333332
21395.666666666668    18986.666666666668    28348.333333333336    48851.333333333336    57737.00000000001    33629.666666666664
16980.0    17496.999999999996    30320.333333333336    55398.666666666664    55706.333333333336    34333.0
17412.666666666668    19035.333333333336    30832.999999999996    46891.666666666664    48606.0    31070.0
17440.999999999996    15236.666666666668    30995.333333333336    51263.33333333333    46364.333333333336    32189.333333333336
18051.666666666668    18426.333333333332    26921.0    44173.666666666664    45576.000000000015    26117.333333333332
13595.666666666666    17197.666666666664    29091.666666666668    40493.66666666666    34391.00000000001    22301.666666666668
17943.666666666668    16180.666666666668    28247.333333333332    36084.0    38012.666666666664    22242.0
20585.666666666668    20387.0    36998.0    61121.666666666664    54816.0    29664.33333333333
17302.333333333332    17204.000000000004    34157.666666666664    66165.33333333334    60156.66666666667    29688.666666666668
20951.666666666664    21266.0    40628.666666666664    69764.66666666667    60821.333333333336    28988.999999999993
19987.333333333336    16981.333333333332    30218.0    58565.333333333336    57277.666666666664    37514.333333333336
20609.666666666668    18415.333333333332    34298.0    64124.666666666664    60290.0    36151.0
21545.333333333332    17294.0    29355.0    61174.0    62532.00000000001    40616.99999999999
21978.333333333336    15881.333333333334    31469.999999999996    60263.666666666664    59207.666666666664    36570.333333333336
17709.000000000004    16672.333333333332    41670.666666666664    59313.66666666667    59009.66666666667    34941.0
21903.666666666664    17678.333333333336    43236.0    70143.33333333333    56993.66666666666    30321.33333333334
20761.333333333336    22976.000000000007    41990.66666666668    68237.33333333334    60519.33333333332    30644.0
20974.0    23982.000000000004    45182.99999999999    71122.0    58710.66666666667    24853.0
19334.66666666667    20271.666666666664    38625.333333333336    59707.99999999999    61855.33333333333    35806.0
18478.333333333336    16801.333333333332    26817.0    51343.00000000001    61650.99999999999    46890.0
