9162.0    11511.666666666666    21400.000000000004    29495.333333333332    29141.000000000004    18228.333333333332    10431.666666666668    7714.666666666667    7566.666666666666    8085.333333333333    5700.666666666665    8054.333333333334    6541.0    9951.666666666668    12248.000000000002    17357.666666666668    15231.666666666668    11673.333333333334
4757.333333333334    2930.6666666666665    3010.0    2687.666666666667    4275.333333333334    3995.333333333333    4784.333333333333    6272.666666666667    4249.0    5695.0    7323.666666666666    8235.666666666668    13607.999999999998    25566.999999999996    33076.66666666667    43522.00000000001    35180.00000000001    22513.666666666664
4564.333333333334    3253.6666666666665    2849.3333333333335    5362.333333333333    4257.0    4202.0    4939.0    3855.333333333333    5649.333333333334    5513.0    7661.666666666667    9706.333333333334    14507.000000000002    27668.333333333332    39583.333333333336    41123.66666666667    29750.333333333336    24070.0
4529.333333333334    4155.333333333334    4350.333333333334    3998.333333333334    4692.333333333333    3541.0    3957.0    3961.0    4488.333333333333    5684.333333333334    6462.333333333334    10350.333333333334    17897.666666666668    23700.333333333332    34672.0    41250.0    37667.66666666667    21234.333333333332
3817.0    3768.3333333333335    3513.666666666667    3335.3333333333335    3774.0    3513.6666666666665    3229.0000000000005    5291.333333333334    4643.0    7913.000000000001    9071.0    12255.000000000002    16133.66666666667    27211.666666666668    34141.666666666664    35791.666666666664    36286.99999999999    23188.666666666668
5046.333333333333    3600.666666666667    4438.333333333333    3929.333333333333    4307.333333333333    3040.0000000000005    3686.3333333333326    4332.666666666667    4285.333333333334    6313.999999999999    6912.0    11681.666666666666    19804.333333333332    31754.333333333332    32737.333333333332    35485.66666666667    30924.666666666668    21893.333333333332
3348.3333333333335    4225.333333333334    3218.0    5191.666666666667    5085.0    3678.9999999999995    3427.666666666667    5188.666666666667    4974.666666666667    5167.333333333334    8218.666666666666    11429.666666666668    20410.333333333332    24754.333333333332    32410.333333333332    35879.66666666667    24321.666666666668    22052.0
20846.333333333336    23203.0    28595.333333333332    31470.666666666668    27132.0    24039.666666666668    20581.333333333332    12640.333333333334    9491.333333333334    8517.333333333332    6208.999999999999    4235.0    5007.333333333333    3350.6666666666665    3756.0    3513.0    4173.333333333333    3400.666666666667
24138.333333333332    23180.0    23771.666666666668    31060.333333333332    29877.333333333332    26071.0    18465.666666666668    15439.666666666668    12763.666666666668    6275.333333333334    5176.666666666666    5863.999999999999    4014.0    3648.6666666666665    4237.0    4838.333333333333    4415.0    4202.666666666667
14866.333333333334    22581.333333333332    22780.0    24418.666666666668    23459.666666666668    22992.0    18198.666666666668    21396.0    13736.666666666666    9726.0    6756.000000000001    5898.999999999999    4478.333333333333    6294.0    4975.333333333333    4382.666666666667    3108.0    4013.333333333333
7488.333333333333    6723.666666666666    11229.333333333334    14599.333333333334    13805.333333333334    13592.333333333334    8169.333333333333    8059.0    7002.0    13693.0    16362.333333333334    14723.333333333334    16786.333333333332    13117.666666666666    13791.0    12608.666666666668    13031.0    13120.0
3705.333333333333    4002.0    4537.666666666666    3800.6666666666665    3925.3333333333335    4792.0    6988.666666666666    7505.0    11309.0    14929.333333333334    14492.666666666666    14795.333333333332    15585.66666666667    14855.666666666668    21361.666666666668    23763.666666666664    23154.666666666668    15444.333333333334
4571.333333333334    3687.9999999999995    5402.333333333333    4121.0    4445.666666666667    5012.0    7046.666666666667    12800.666666666666    14592.0    15142.66666666667    16699.666666666668    14449.999999999998    12756.0    16319.000000000002    21619.333333333336    20273.333333333332    15193.333333333334    16102.333333333334
5160.333333333333    4836.333333333334    5208.999999999999    5421.333333333333    7725.333333333334    10394.333333333334    13995.0    10988.666666666666    10526.333333333334    8443.0    12346.333333333334    12335.666666666666    10204.0    12326.0    19053.333333333332    19985.333333333332    14618.0    10280.333333333334
6073.666666666666    6430.333333333333    7510.666666666666    10757.666666666666    11911.0    8978.333333333332    9262.999999999998    10068.333333333332    9212.0    7311.333333333334    9476.666666666666    11095.333333333334    9967.999999999998    11856.666666666668    17485.333333333332    22837.0    13119.333333333332    10135.333333333334
8060.666666666667    7918.333333333333    12123.666666666666    16478.0    16381.666666666668    11945.0    7693.999999999999    7978.0    10864.0    9425.333333333334    7078.666666666666    8054.666666666667    7468.333333333334    8501.0    9003.0    7241.333333333333    10844.0    12206.333333333334
8886.999999999998    7703.0    10824.0    14951.000000000002    15290.666666666668    9966.666666666666    7740.999999999999    7601.000000000001    6772.666666666667    8163.333333333334    6098.999999999999    6961.333333333332    7744.333333333334    6716.666666666666    7786.666666666667    8299.333333333334    8820.0    6743.666666666667
5776.0    8805.666666666666    12067.666666666666    18009.333333333336    13348.0    12419.333333333334    8626.0    7619.0    8739.666666666666    7034.0    6782.666666666667    7126.0    7251.0    7260.0    6850.666666666667    5624.666666666667    6746.999999999999    8623.666666666666
19206.333333333332    16445.666666666668    16297.0    19992.333333333336    24964.666666666664    19065.333333333336    15302.0    14142.0    22859.333333333332    13129.333333333334    6966.666666666667    5708.0    6140.666666666668    4773.333333333333    6255.333333333334    4037.333333333334    4086.666666666667    4200.666666666667
18564.999999999996    18737.666666666668    21258.333333333332    25751.333333333336    21936.666666666668    21035.0    17934.666666666668    14985.000000000002    15092.666666666664    10171.333333333332    8093.666666666667    6355.666666666668    3871.6666666666665    5195.666666666667    4218.333333333334    3871.3333333333335    3201.0    4399.666666666666
20521.666666666664    21575.0    24057.0    27977.666666666664    26581.999999999996    22371.666666666668    23070.666666666668    20795.666666666668    12169.666666666668    7518.333333333334    6454.666666666666    4910.0    4089.666666666667    4071.0    4550.0    3783.0    3786.0    4137.666666666667
3465.3333333333335    3527.9999999999995    4022.0    4975.333333333333    4589.333333333333    3836.333333333333    3315.6666666666665    4085.6666666666665    4773.666666666667    5140.333333333333    7736.333333333334    12658.666666666668    17255.0    23045.333333333332    28453.666666666664    34031.0    27605.666666666664    28026.666666666668
3334.0    2770.3333333333335    4086.0    3611.333333333333    3842.0    4303.0    4703.666666666667    3595.9999999999995    5123.333333333333    5444.666666666667    8654.333333333332    10149.666666666668    18157.333333333336    23207.333333333332    35074.0    38314.333333333336    32783.66666666667    26733.666666666664
4171.666666666667    3670.9999999999995    3463.6666666666665    3723.333333333333    4828.333333333333    3327.6666666666665    4404.333333333333    4975.666666666667    3591.6666666666665    6510.666666666667    5713.000000000001    8858.0    18421.333333333332    25081.333333333336    34435.00000000001    39257.66666666667    30929.333333333332    27153.666666666664
3340.6666666666665    3874.3333333333335    4167.333333333333    3973.0    4140.666666666667    3398.6666666666665    3713.666666666667    4750.666666666667    5099.0    7114.666666666666    7214.0    10249.0    12792.666666666668    24656.333333333332    32483.666666666664    38033.333333333336    34530.0    21839.666666666668
3513.6666666666665    3746.6666666666665    6410.333333333333    4971.333333333333    3623.0000000000005    4473.0    3347.3333333333335    4159.333333333333    6327.666666666667    5387.333333333333    6844.666666666667    9785.0    13142.333333333332    24653.333333333336    36923.333333333336    43166.666666666664    28767.666666666668    20073.666666666668
10835.333333333334    19440.666666666668    20870.333333333332    40736.666666666664    33342.333333333336    29411.666666666668    18269.666666666668    9992.333333333332    9321.333333333332    8935.333333333332    6619.0    5603.0    5963.666666666667    4535.0    4258.666666666666    4108.0    4008.666666666667    4024.666666666666
7540.666666666667    16305.666666666668    30368.666666666668    39786.333333333336    35954.333333333336    28406.333333333332    17486.666666666668    9105.666666666668    10420.333333333332    10030.666666666666    5708.0    5489.333333333334    5814.333333333334    3710.0    4833.333333333333    4973.333333333333    4907.666666666666    4287.333333333334
9540.666666666666    15904.0    27335.000000000004    38222.333333333336    39197.666666666664    30406.333333333332    16266.000000000002    8247.333333333334    9510.666666666666    8290.333333333332    7615.666666666666    5092.0    5028.0    5520.666666666666    4783.0    4387.0    4581.333333333333    4896.666666666666
9561.0    14268.666666666666    33764.333333333336    39989.0    38270.0    25825.666666666664    14895.333333333332    8106.0    7833.333333333333    7161.000000000001    5822.0    5409.333333333333    4129.0    4666.333333333333    3926.0    3718.6666666666665    4172.0    4083.3333333333335
3505.3333333333335    3601.0    3950.6666666666665    4254.333333333333    4554.666666666666    4869.333333333333    3536.0    4345.333333333334    7540.0    5311.0    5715.333333333333    7423.999999999999    10797.333333333334    19181.0    35408.0    41175.666666666664    37420.666666666664    19391.0
