17169.0    37706.333333333336    63768.99999999999    67339.66666666666    43268.66666666666    22685.333333333336
20400.0    34797.66666666667    61215.0    65242.0    46611.66666666666    20050.333333333332
16227.333333333332    29774.666666666668    58330.00000000001    68405.66666666666    48634.33333333334    24235.0
17199.0    33073.666666666664    50394.66666666666    54228.00000000001    40456.33333333333    17630.333333333336
20374.0    39225.99999999999    61769.0    64409.33333333334    47150.33333333334    21468.666666666664
12287.0    26070.666666666668    49793.0    67944.66666666667    50939.66666666667    25223.333333333336
20671.333333333336    40534.333333333336    65040.666666666664    69610.66666666667    45854.33333333333    20099.666666666668
15772.666666666666    24659.66666666667    49042.333333333336    65369.999999999985    44218.0    31036.0
18350.0    35851.33333333333    67441.0    64713.66666666667    49343.0    21323.666666666668
18338.0    36771.333333333336    62748.666666666664    57445.333333333336    38360.00000000001    18803.666666666668
15867.999999999998    27610.0    50335.33333333333    60997.99999999999    38909.666666666664    23141.666666666668
15049.333333333332    23406.999999999996    45477.33333333333    52082.66666666667    46897.66666666666    25979.33333333333
15125.333333333332    23874.000000000004    48074.666666666664    57285.33333333333    42487.333333333336    19656.666666666668
16683.333333333332    31531.666666666664    50250.66666666667    55932.33333333333    35578.0    22665.333333333332
16178.999999999998    27428.666666666668    51840.666666666664    54566.66666666666    31373.666666666668    20623.0
17563.333333333332    27105.666666666668    47385.0    53393.66666666667    39737.666666666664    19277.333333333336
16188.999999999998    24470.333333333332    48029.33333333333    49817.33333333333    33391.33333333334    19821.000000000004
16935.333333333336    34236.33333333333    48959.666666666664    51267.66666666667    41978.333333333336    25874.666666666664
20064.333333333332    37270.66666666666    57319.66666666666    62847.33333333333    38231.0    19586.66666666666
17221.0    33058.66666666667    64026.66666666667    72650.0    42418.99999999999    17499.666666666668
22049.333333333336    37789.0    55912.0    66542.33333333331    40306.66666666667    19886.333333333336
16492.666666666668    34044.333333333336    53195.99999999999    68677.33333333333    52220.66666666667    25729.333333333332
13874.333333333336    38136.66666666667    66307.33333333333    68270.66666666667    49335.99999999999    22314.33333333334
19636.666666666664    37812.33333333333    51659.00000000001    53027.66666666668    35759.99999999999    16008.666666666666
17499.333333333336    28571.0    56305.33333333333    59724.00000000001    41876.0    28021.999999999993
16984.333333333336    25316.333333333336    51236.333333333336    64519.00000000001    44201.00000000001    26809.333333333336
14897.33333333333    26983.999999999996    52687.666666666664    69810.33333333333    50807.666666666664    24600.333333333332
16463.333333333332    30502.33333333334    57573.333333333336    65250.666666666664    40701.99999999999    24528.333333333332
16561.0    33666.99999999999    66418.33333333334    65865.33333333333    45241.66666666668    25870.666666666664
17556.333333333332    43605.33333333333    59581.666666666664    69032.33333333333    42493.33333333335    19668.333333333336
16415.333333333332    41232.33333333333    62230.0    63769.66666666667    42532.33333333334    23720.666666666664
