11697.666666666666    23999.0    36841.0    46626.0    39217.0    24148.333333333336    14589.0    6124.333333333334    6608.666666666666    6620.666666666667    6517.0    4510.666666666667    4844.0    4968.333333333334    3101.0    4201.666666666667    3099.333333333333    4224.333333333333
10028.333333333332    14200.333333333334    24302.666666666664    32383.666666666664    24326.333333333336    15376.333333333334    8604.000000000002    6935.666666666666    7266.666666666667    6225.999999999999    8706.666666666668    7429.0    10498.0    14255.0    17790.333333333336    16971.666666666664    14347.666666666664    8668.333333333334
3175.0    3534.666666666667    4016.3333333333335    4312.0    3757.666666666667    5930.333333333334    4733.999999999999    7060.666666666666    3560.666666666667    5781.333333333333    8289.666666666668    12008.0    18615.0    33756.0    44477.66666666667    35609.00000000001    29653.666666666664    17335.333333333336
12406.666666666668    21754.333333333336    26573.666666666668    30133.666666666668    27990.666666666664    22404.666666666664    12347.666666666668    9226.333333333332    6912.666666666666    6594.333333333334    6447.0    5223.333333333333    4634.666666666667    3673.666666666667    4650.666666666666    4338.0    3964.0    3706.0
13131.0    24467.000000000004    39453.00000000001    36733.333333333336    31496.0    26705.666666666664    16221.999999999998    12218.333333333334    6217.000000000001    6748.333333333333    5137.333333333333    5512.999999999999    5552.0    5326.0    4788.666666666667    3809.0000000000005    7201.0    3678.666666666667
3185.0    3069.666666666667    2921.6666666666665    3747.0000000000005    3386.0    4856.666666666667    3376.0    5312.666666666667    5202.333333333334    7179.666666666667    10477.0    10418.333333333334    18795.333333333336    28725.333333333336    33496.66666666667    39742.333333333336    29142.0    19224.666666666668
22957.000000000004    27516.999999999996    29910.0    32560.666666666668    32168.999999999996    28761.666666666664    16668.666666666664    14551.666666666668    9507.0    7269.333333333333    6327.000000000001    6577.333333333333    5767.0    3662.333333333333    4133.666666666667    4828.333333333334    3835.3333333333335    4807.999999999999
3557.666666666667    9085.333333333334    15972.666666666668    21941.333333333336    13801.000000000002    11091.666666666668    8460.0    7496.666666666666    6745.333333333333    7865.333333333334    10448.0    15739.666666666668    16638.0    16448.666666666664    16397.0    14436.666666666668    16449.0    17524.666666666668
17369.333333333332    22772.666666666668    39334.33333333333    35653.333333333336    27391.666666666664    28576.999999999996    16302.666666666666    14970.0    9699.666666666666    8503.666666666666    5541.666666666667    4942.333333333333    4121.666666666667    5771.0    3632.0    4429.666666666667    3955.0    4055.0
14765.0    21169.666666666664    26802.000000000004    27110.000000000004    21173.666666666668    17224.666666666664    15073.333333333334    14567.333333333334    15943.333333333332    11068.666666666668    7497.0    7357.333333333333    4755.333333333333    4364.666666666667    6630.333333333332    5093.666666666667    5957.333333333333    5913.666666666666
3725.9999999999995    4038.3333333333335    3654.3333333333335    3532.0    4665.666666666667    4553.333333333333    5681.333333333333    5575.666666666667    11031.000000000002    12876.333333333334    15081.333333333332    15230.666666666666    18770.333333333332    19334.333333333336    23613.999999999996    25524.666666666668    23958.666666666668    16014.666666666666
3148.0    4013.0    4044.333333333333    5561.666666666666    4966.0    5286.333333333333    5106.333333333334    8169.333333333334    10960.0    13742.333333333332    15092.999999999998    13936.666666666666    13660.333333333334    17554.333333333336    25387.666666666664    25501.333333333332    20364.333333333332    12398.333333333334
4626.0    5858.333333333334    4538.333333333333    4462.0    3895.666666666667    9692.333333333332    9524.0    10550.333333333334    9464.666666666668    9530.666666666666    10885.666666666668    9679.0    10119.333333333332    22691.666666666668    26022.666666666664    20620.66666666667    19491.333333333336    14850.666666666666
11038.666666666666    15398.666666666666    21474.666666666664    21099.666666666668    21994.666666666668    16832.666666666668    12253.333333333334    9646.666666666666    8524.333333333334    8883.0    7551.666666666667    10886.666666666666    11652.333333333332    9424.333333333334    7374.333333333333    7108.666666666666    6722.999999999999    4774.000000000001
8565.333333333334    12017.0    16012.666666666668    22341.0    20794.0    12123.333333333334    9731.333333333332    9782.000000000002    10658.333333333334    9418.000000000002    8902.666666666666    7736.0    8653.0    9435.0    9097.333333333334    9616.999999999998    10712.333333333334    6415.333333333333
10208.333333333332    13559.666666666668    20471.333333333332    23211.0    22447.999999999996    14205.333333333334    7844.333333333333    8825.666666666666    8881.0    6100.333333333333    8107.333333333335    7100.333333333333    9463.0    6752.333333333334    6214.333333333334    12356.333333333334    10234.000000000002    8479.999999999998
9540.333333333334    9056.333333333334    10185.0    11992.666666666666    12074.0    9207.0    7217.666666666666    9185.666666666666    8745.333333333332    9875.333333333332    8729.0    8324.333333333334    11358.0    14217.0    16375.333333333334    15295.333333333332    12609.0    7731.0
3329.3333333333335    3064.0    3403.0    4962.333333333333    4479.0    4781.333333333333    6013.666666666666    6333.0    13026.333333333334    16843.333333333332    15504.333333333332    15570.0    17483.333333333332    23774.0    21045.666666666668    22938.333333333336    18224.666666666668    18476.333333333332
18719.333333333332    22865.333333333336    30255.333333333332    31543.0    24057.0    21687.999999999996    16196.0    15692.0    12163.666666666666    8051.333333333333    4118.0    6057.0    6761.0    3719.3333333333335    3351.3333333333335    3704.0    2746.666666666667    3631.3333333333335
20501.333333333332    29085.333333333336    29370.666666666664    32959.666666666664    28362.0    23409.0    17187.0    14247.666666666668    10294.666666666666    7304.666666666666    5781.333333333334    5272.333333333333    3390.333333333333    4610.333333333334    4256.0    4422.666666666667    2843.333333333333    3576.6666666666665
12304.666666666666    12269.0    26373.0    27504.666666666664    22839.666666666664    14526.0    11576.333333333332    8427.333333333334    5917.000000000001    6183.666666666667    6282.999999999999    10786.333333333334    14921.333333333334    13317.0    11216.333333333332    12482.333333333334    13873.333333333334    11684.666666666666
3502.333333333333    3224.666666666667    3340.6666666666665    3462.333333333333    3779.0000000000005    3260.3333333333335    4869.333333333333    3500.3333333333335    8682.0    7669.000000000001    11500.666666666668    15485.666666666668    22836.000000000004    33531.666666666664    36447.0    30216.0    34170.333333333336    20883.0
18099.333333333332    27416.666666666668    36055.33333333333    42169.666666666664    34891.00000000001    22195.0    15611.666666666666    11160.666666666668    6765.333333333333    6371.333333333334    6943.333333333333    4671.666666666666    4239.0    4310.666666666667    5140.333333333333    4105.333333333334    4402.666666666667    3690.3333333333335
10320.0    17959.333333333332    27863.333333333332    26992.666666666664    27149.333333333332    22532.0    9765.333333333334    9004.666666666666    7291.666666666667    4718.666666666666    5771.333333333333    6259.666666666666    4701.666666666666    7979.333333333333    7576.000000000001    6737.666666666667    6549.333333333333    4732.333333333332
4838.666666666667    8334.666666666666    14575.333333333332    21636.666666666668    16929.0    10184.333333333334    5662.666666666667    6245.333333333333    5804.0    6655.666666666666    5451.333333333333    11205.0    15901.666666666668    14305.0    25708.333333333336    26126.666666666664    19091.0    13342.333333333332
4865.666666666667    3641.6666666666665    4973.666666666667    3257.666666666667    3299.0    4530.0    4847.666666666667    4933.666666666667    4797.666666666667    7582.666666666666    8909.0    9261.333333333332    17512.333333333336    30489.333333333332    37386.333333333336    34177.0    30240.0    14361.666666666666
3257.6666666666665    3137.0    2813.3333333333335    3646.3333333333335    3366.6666666666665    4124.666666666666    4102.333333333334    5379.0    6327.333333333332    6709.0    10334.0    8900.333333333334    16810.0    32616.0    41351.333333333336    42640.666666666664    30312.333333333332    13959.333333333332
10650.333333333332    19576.0    31409.0    28252.999999999996    33424.666666666664    23674.333333333336    10159.666666666668    6886.333333333333    6508.0    6535.333333333334    5372.666666666666    5411.333333333333    5594.666666666667    6701.0    13097.666666666666    10044.333333333334    7295.666666666666    4426.0
15118.666666666666    21735.333333333336    41207.33333333333    39957.33333333333    42122.0    22307.333333333332    11726.666666666666    7545.0    7554.0    6464.666666666666    5356.666666666666    4037.6666666666665    4271.0    4920.666666666667    5303.333333333333    5769.666666666666    3893.0    4333.666666666667
11842.666666666666    23663.0    36760.0    45972.0    40685.333333333336    23318.33333333333    15795.333333333334    6580.666666666666    7070.0    6384.666666666666    4743.333333333334    4388.0    5455.666666666666    3134.666666666667    4483.666666666666    4539.333333333334    3662.3333333333335    3458.333333333333
12235.0    27371.0    39199.333333333336    44003.99999999999    41873.666666666664    22292.333333333332    8722.333333333332    6187.666666666666    5637.0    5525.666666666667    5860.333333333333    5744.999999999999    6223.666666666667    4501.666666666667    3220.333333333333    2935.0    4747.333333333333    3619.0
