17121    31225    53535    74193    42880    27251
19965    31952    59206    74689    55704    27380
15359    19135    53747    65661    45078    22013
15760    31130    57165    51742    26906    17498
14790    27878    44411    45374    29031    19594
14713    28707    41528    56156    32325    19170
14806    25143    42007    52701    40746    16931
18009    17025    31175    51215    39831    23433
10464    16204    31531    28545    21290    14313
14459    21692    31132    27072    21069    22311
16732    25885    37418    50715    48318    27501
16385    24248    48487    62178    37209    23752
17990    21891    38839    52087    41834    22279
14912    19872    48690    64782    39181    25993
16150    19255    55001    66763    46299    24793
11420    22283    65736    77067    49114    23077
19010    21748    51464    70425    54777    28484
14935    15685    50341    59561    55832    26658
17742    22686    49456    68662    38936    29143
15406    24710    56611    74957    53480    31970
14069    26561    67693    70301    41048    26933
