4224    9022    5831    6438    6617    6583    4181    11996    23280    27649    17917    28053    21086    27095    23408    22825
8880    4996    5406    6277    5668    13269    10316    18611    31533    29967    27942    26050    14867    26125    18353    20636
4212    6794    2911    5485    9289    8304    16585    26507    18177    18224    16998    21581    11780    18337    20701    15108
16282    16231    16772    12753    14173    16828    12699    17098    18658    16934    10367    6042    9292    5438    4754    5880
13219    11689    12622    11148    10610    8900    8278    15860    17095    14739    14209    15928    10062    8179    5151    3389
14814    7123    9422    9590    13431    15920    8095    14422    19327    15663    10852    13682    11511    13862    7955    6930
10936    18829    13360    12761    12889    12102    14305    9169    16246    12546    11321    5593    11511    9649    13426    7691
16396    15140    14164    10009    14094    15651    14869    10917    12281    7875    6936    7646    9617    8323    7461    9309
8711    6355    8466    9439    5757    9248    6626    8497    8794    5805    9294    7662    4541    7751    6582    8819
8828    10509    7413    10125    11926    8938    9561    11200    5186    6046    6466    12568    8556    8868    4702    6843
6298    13144    14400    10934    9677    13198    15980    12719    15610    15596    13384    15037    17385    16323    10147    6737
13842    17170    12121    14575    14523    15247    20210    18368    13712    11620    12376    13676    11027    9647    7600    6545
13991    14402    9539    17027    14410    9097    14521    16246    11718    13341    15320    12905    8589    9575    9097    5142
4226    3643    4906    8826    5664    9752    8926    12160    25765    19710    13047    22714    16715    19347    24212    13817
3787    2691    3071    10952    7231    6693    11264    21486    22078    16897    21540    22253    18549    22274    18148    19347
5313    3798    2374    3922    5085    4623    6165    11439    21589    29475    25764    26005    24692    29516    22444    26493
5380    7351    2976    4438    3865    7011    8945    10685    14171    26415    23610    31273    29600    21739    23654    24795
3143    3992    4533    4272    5271    4460    5521    6526    16671    16373    33020    16946    26304    30097    18203    27680
5463    3438    5559    5874    2847    4394    3783    8725    14488    13451    23380    30492    23315    24196    28561    28659
3661    6451    5545    3814    6500    7197    6623    9010    10860    14782    30476    30905    32033    32298    24250    32729
4528    2902    5300    6351    4741    6343    6904    7754    13116    12486    27462    24901    27719    39163    31380    25555
