14647    20762    44273    43293    45071    37523    14787    8412    13637    11045    11946    12730    16242    26353    46858    38844    37681    16563
9414    7097    47965    60438    48149    20207    10072    11185    14814    16212    10365    11960    12160    23288    45735    55738    31078    24319
17561    30691    31954    29851    29605    28219    33411    18926    16506    14451    10036    16594    27867    34523    24654    33647    36447    29715
21128    25495    34074    40160    37037    26627    18929    20135    9417    16059    11928    17803    23056    27032    46292    31979    37468    19642
17007    21384    28212    21631    25420    26189    26852    28372    24167    17426    16394    22895    27166    26420    21143    19742    22232    24931
20007    21138    21427    25328    20651    19255    23789    29097    23637    38115    33897    24081    19047    18463    18474    18037    18525    16591
14653    18045    21763    33591    23900    23587    28966    23556    28315    27217    27574    30771    19427    26101    28789    24419    17561    24446
14379    15613    21905    18863    26219    27497    21053    25676    25130    24164    25844    14598    23184    17719    21018    23635    22653    18625
14564    21393    15280    20423    17353    10829    17124    10593    12842    13240    14194    9399    12867    16384    12292    19589    14550    16485
7694    14807    41875    48779    37925    19267    17846    22130    9539    9460    15635    10982    11154    27786    56809    59318    36735    23585
16949    10910    16777    20648    28176    27044    16868    20178    14832    17319    24018    21924    23343    25995    22040    29121    27775    16143
20487    18156    18998    18926    25377    22507    31644    18224    25112    21174    26810    23988    30044    20068    18231    27322    23643    20312
13869    22034    23105    26924    26876    18976    13474    26149    19250    18358    24798    15766    20632    28247    40037    37930    27289    13763
17300    28412    28215    22342    20878    29383    29421    20576    17324    11462    13323    28097    31548    29110    28016    24664    35585    39046
17746    23588    28507    22007    33577    21793    21294    16463    12706    14086    10289    14911    24900    34562    24762    35223    32742    27727
11453    21162    38081    45974    39990    28321    21099    15579    17011    10379    8532    11985    10997    27812    48966    42427    39151    28415
27596    29210    33430    34635    28651    35731    22310    11616    17697    17601    12809    12137    22948    42044    36273    29361    38313    33033
13165    20016    37823    43364    43846    30718    26957    12208    14355    11225    10966    9768    20352    30226    32750    47106    27784    25873
6945    15785    36818    51923    46639    23601    10521    15081    11302    8022    10406    12213    12863    25304    47718    53924    36171    14236
17157    14688    35199    48645    37524    40731    14655    15805    9536    11883    7008    13670    19444    28671    54891    44310    33708    29004
11973    24711    42145    41863    48953    36604    11726    14923    12786    13499    9949    9578    20116    33074    47328    51567    30161    24358
