31677    46500    122145    132829    94683    32833
32813    46254    117456    131019    96469    36185
28544    43197    120936    145262    93558    33161
28209    58575    130028    133507    84978    28964
29533    47808    88114    136493    71662    43973
23489    48400    81232    127201    83275    45962
32483    44405    108542    117903    101314    38034
26471    45130    82506    119113    83235    31320
24018    33423    65028    71939    50058    24935
41840    50919    103809    129662    111627    33469
39320    42642    91841    108702    63735    33820
36820    49523    97569    121790    69991    35330
27185    44634    104624    123323    90949    26762
35190    46914    124727    132235    78960    36676
33308    40749    92066    128322    83925    38513
34860    43648    115072    146039    89132    38583
28740    55347    103457    154547    102247    41057
26255    39411    112496    142178    102695    35467
33334    52433    107714    124931    89354    31706
35676    61333    121410    128011    92262    37837
42699    60172    137487    129650    77843    37463
