20682.0    36652.0    70165.66666666667    67462.66666666666    38498.333333333336    17206.333333333332
15294.333333333332    33817.0    61103.33333333333    63494.333333333336    36627.666666666664    17809.333333333336
14531.0    34915.0    62091.33333333333    66750.0    39442.99999999999    19568.666666666668
17887.0    33378.333333333336    69850.66666666666    68047.33333333334    34512.66666666667    17899.666666666668
18929.0    31372.33333333333    61742.333333333336    65282.66666666667    41296.666666666664    16889.666666666668
17417.0    32280.999999999996    66977.0    70082.0    39512.99999999999    17294.0
14747.666666666668    26700.333333333332    67242.66666666666    71087.0    35169.333333333336    20565.666666666668
14702.333333333334    35280.33333333333    59872.666666666664    63870.66666666667    40356.666666666664    21675.333333333332
18663.666666666668    34956.33333333333    60591.333333333336    63272.333333333336    36550.33333333333    21106.666666666668
20435.000000000004    34798.0    52324.666666666664    59516.333333333336    32517.666666666668    16244.333333333334
18185.0    32540.0    55399.0    47541.333333333336    31240.666666666668    19575.666666666664
18468.333333333332    25946.333333333332    49150.0    55094.66666666667    33774.33333333333    16494.666666666668
19147.666666666664    27784.0    54655.33333333332    48426.0    23645.000000000004    19118.0
15163.0    26854.66666666667    48833.33333333333    53128.0    26630.000000000004    14876.0
16120.333333333334    31312.333333333336    51892.0    47321.999999999985    32828.66666666667    17334.666666666664
13767.0    26667.0    49881.33333333333    44018.66666666667    29895.333333333332    15197.333333333336
16974.33333333333    29774.000000000004    47568.66666666667    43963.333333333336    27173.666666666668    18114.333333333332
17822.333333333336    27860.666666666664    45319.66666666667    42002.66666666667    29167.333333333332    14623.666666666664
16046.0    30234.333333333332    46054.666666666664    53115.0    35855.333333333336    16637.333333333332
15556.000000000004    25138.666666666664    52172.333333333336    53912.33333333333    28648.66666666667    19532.333333333332
17280.666666666668    29774.0    58335.333333333336    59931.33333333333    36933.333333333336    16476.0
15832.666666666666    27173.333333333332    56700.666666666664    63309.333333333336    38417.0    18731.666666666664
14520.666666666668    33419.0    56775.33333333333    58534.333333333336    35175.333333333336    18656.0
21852.666666666668    34108.33333333333    63593.66666666667    62766.333333333336    35580.666666666664    19058.666666666668
24420.999999999996    44995.66666666668    80595.99999999999    57306.333333333336    24888.0    19622.666666666668
21556.0    41338.99999999999    71116.33333333331    56819.666666666664    32208.666666666668    19979.333333333336
22161.0    40743.66666666667    78692.33333333334    55254.66666666667    29127.000000000004    18004.33333333333
18307.0    41428.33333333332    71585.33333333331    62580.00000000001    33056.0    19691.333333333332
21051.33333333333    36696.0    64616.000000000015    60201.666666666664    26483.999999999996    18456.0
23255.666666666664    43920.33333333334    71508.66666666666    61531.666666666664    32735.666666666668    18236.666666666664
24114.0    48547.33333333334    66190.0    64038.33333333333    31681.666666666668    18231.666666666664
