4271.0    3997.0    3844.0    4409.333333333334    4041.333333333333    3870.3333333333335    5028.666666666667    5994.999999999999    5517.666666666667    7052.666666666667    8168.666666666667    9634.666666666666    15743.333333333334    34082.0    38691.666666666664    45440.666666666664    32435.66666666667    18443.333333333332
3792.0000000000005    3216.333333333333    2267.666666666667    3394.0000000000005    3922.0    3777.3333333333335    3599.666666666666    3951.0    4960.333333333333    6015.333333333333    6685.333333333332    8804.0    13240.333333333336    26525.0    40424.66666666667    43157.66666666667    31627.999999999996    18785.333333333336
4641.666666666667    4289.0    4399.333333333333    4168.333333333333    3283.0    4568.666666666667    5405.0    4266.666666666667    5094.666666666667    8033.0    5023.333333333334    11324.000000000002    17120.0    25716.666666666664    41069.0    38499.33333333333    30331.333333333332    20066.000000000004
5296.666666666667    5899.666666666666    3709.9999999999995    3740.666666666667    3427.0    3739.666666666667    3823.6666666666665    4143.333333333333    5307.999999999999    7400.333333333334    6897.666666666668    8341.666666666666    18050.0    27394.333333333332    40274.00000000001    41142.666666666664    31524.66666666667    21461.66666666667
2950.0    3877.3333333333335    2807.0    3893.3333333333335    3926.6666666666665    4310.666666666666    5282.0    5175.666666666666    5187.0    6587.333333333333    7674.666666666667    9862.333333333334    18918.999999999996    28566.333333333332    34411.333333333336    37054.66666666667    32350.333333333332    22677.0
4172.333333333333    3418.9999999999995    3970.333333333333    3462.333333333333    4247.666666666667    3419.0    4062.0    5324.0    8472.333333333334    8396.0    8457.333333333332    11494.666666666666    18237.0    32024.666666666664    34775.333333333336    35971.66666666667    31272.666666666668    22385.666666666668
3811.0    5325.0    4002.6666666666665    3668.3333333333335    3561.6666666666665    3573.0    4359.666666666666    4218.0    7147.666666666667    7117.0    6363.0    13784.999999999998    20133.0    29841.666666666668    34842.0    28202.333333333332    24444.333333333336    31117.333333333336
2592.666666666667    3601.6666666666665    4265.333333333333    4343.0    6693.333333333333    4916.0    4008.666666666667    5727.0    5399.666666666666    7788.666666666666    8095.333333333334    15316.0    22866.666666666664    24591.0    29361.000000000004    34286.666666666664    27504.0    24401.333333333336
3431.3333333333335    4417.333333333333    4476.666666666667    3971.3333333333335    3813.0    4501.0    4111.666666666667    5855.666666666667    5544.666666666667    5934.666666666666    11926.666666666664    19920.666666666668    22702.666666666668    26750.333333333332    32121.333333333332    26137.666666666664    25940.666666666664    23583.333333333332
4351.666666666667    3628.0000000000005    3997.9999999999995    4147.0    4545.666666666666    4024.3333333333335    4505.0    4081.6666666666665    5774.333333333333    6861.333333333333    12923.333333333332    19873.000000000004    21357.666666666664    19260.666666666664    27933.333333333332    27341.333333333336    24461.666666666664    16768.0
3956.0000000000005    4934.333333333333    3500.333333333334    5875.000000000001    4552.666666666667    3611.6666666666665    5316.0    4500.0    6347.666666666666    12505.333333333332    17992.666666666664    20502.333333333332    17651.0    14920.333333333334    21669.000000000004    21291.333333333332    18547.333333333332    16808.666666666668
3307.0    4225.333333333334    3251.6666666666665    4285.000000000001    3074.0    4705.666666666667    4503.0    5932.333333333333    9857.0    14783.0    16299.666666666668    13884.666666666668    17234.666666666664    15482.666666666668    18573.0    24166.333333333332    20220.666666666664    15142.666666666666
11969.0    13574.333333333334    15383.333333333334    20181.666666666668    20729.333333333332    10750.000000000002    10497.0    13530.333333333332    11813.333333333334    11412.333333333334    12207.333333333332    11884.0    5978.333333333334    6199.0    3974.3333333333335    3667.666666666667    4195.333333333333    4829.333333333334
4305.666666666667    4647.333333333333    5678.0    7229.666666666667    7810.000000000001    10159.666666666668    10891.999999999998    11810.666666666668    12987.666666666668    10593.333333333332    10279.333333333332    13421.000000000002    9492.333333333334    13563.333333333334    15940.666666666666    14395.0    13718.666666666668    8560.666666666668
4038.333333333334    6218.333333333333    8123.0    10952.0    11584.333333333334    14444.666666666666    9351.0    10697.333333333334    11418.0    9195.0    11783.666666666666    9662.333333333332    9122.666666666666    12665.999999999998    12974.333333333332    19650.333333333332    14843.333333333334    10085.333333333332
8211.333333333332    9902.0    11926.0    10343.333333333334    9560.333333333334    10248.999999999998    9785.000000000002    8481.333333333332    7922.0    11450.0    9676.333333333334    7984.666666666666    9124.333333333334    10326.333333333334    13521.666666666668    12728.333333333334    10272.333333333332    7962.333333333333
10986.333333333332    13196.333333333334    8763.333333333334    10399.666666666666    6932.333333333334    9724.333333333332    9466.666666666666    7280.0    7794.0    9993.333333333332    9171.333333333334    9838.0    9494.666666666666    9631.666666666666    13457.666666666668    14672.666666666666    14250.666666666666    8515.333333333332
8467.666666666668    8951.333333333334    7897.333333333333    8357.333333333334    8409.666666666666    8438.0    5980.0    8189.333333333332    7608.333333333334    7899.666666666667    9702.0    7192.0    7367.000000000001    10013.666666666668    17998.666666666668    19791.333333333332    14160.0    10373.0
3620.6666666666665    3608.3333333333335    3601.6666666666665    3825.3333333333335    3207.0    5030.666666666667    3821.0    6218.0    8707.333333333334    11950.0    16509.0    15077.333333333332    17789.333333333336    14596.0    22287.0    22115.0    21251.333333333336    14727.666666666668
3116.6666666666665    2412.0    3585.3333333333335    3081.0    3795.3333333333335    4922.0    4790.0    5330.0    5957.666666666667    10258.666666666668    10756.666666666666    15046.333333333334    19592.666666666664    16885.0    22045.333333333336    24020.666666666668    21046.0    18319.0
3788.333333333333    2807.0    3372.0    5529.666666666667    3049.6666666666665    4476.333333333334    3952.9999999999995    4737.666666666666    6943.333333333334    6412.333333333334    10020.0    14392.0    21901.0    22490.666666666668    27986.666666666664    27887.666666666664    26166.333333333336    22816.999999999996
3651.6666666666665    3011.333333333333    2755.666666666667    4394.0    4150.333333333334    5451.666666666667    4781.333333333333    5042.666666666666    6684.666666666667    6922.333333333333    8313.666666666668    11260.999999999998    21508.333333333332    25588.0    28191.666666666664    27398.666666666668    26446.666666666664    24610.999999999996
3685.3333333333335    3800.0    3364.0    2699.0    3522.3333333333335    3402.3333333333335    2825.333333333333    6221.0    4190.0    7281.0    5671.666666666667    10343.333333333334    17941.666666666664    25424.0    33749.333333333336    29797.66666666667    29778.666666666668    23384.0
6091.0    11353.666666666666    14349.0    13563.0    15425.333333333334    11247.0    11738.999999999998    7843.666666666666    5506.666666666667    5648.666666666666    6595.666666666667    6830.333333333334    12404.666666666668    17814.666666666664    24855.0    28141.0    21637.666666666664    15914.333333333334
12898.666666666668    19079.0    33550.0    44766.333333333336    34695.33333333333    28401.0    15933.0    9256.333333333332    9868.666666666666    6716.666666666667    6496.666666666667    5179.333333333333    3929.3333333333335    5057.666666666667    4249.333333333333    4584.666666666666    3606.6666666666674    3561.0
12160.0    17739.666666666668    32063.666666666668    40595.333333333336    39915.33333333333    26152.666666666668    12889.0    10864.0    7593.333333333333    7324.999999999999    6455.333333333333    4688.333333333333    5277.333333333334    4497.666666666667    3235.3333333333335    3884.333333333333    3377.6666666666665    4305.0
11983.666666666664    20215.000000000004    35009.666666666664    41466.0    35990.66666666667    24031.666666666668    14471.666666666666    10638.0    8156.666666666667    6404.666666666667    5090.666666666667    6409.0    4559.333333333334    4312.333333333333    4006.0    3021.666666666667    4033.3333333333335    4183.0
11366.333333333332    23205.666666666668    34300.333333333336    38616.333333333336    35017.33333333333    27357.666666666668    15577.0    9736.666666666666    7381.666666666666    6712.333333333333    4962.333333333333    6415.666666666667    3821.6666666666665    5418.666666666666    4060.6666666666665    5179.0    3482.0000000000005    4036.6666666666665
8263.333333333332    17204.666666666664    30510.333333333332    27988.666666666664    31348.666666666668    21863.666666666664    13600.666666666668    8157.666666666667    6955.999999999999    6489.666666666666    6949.000000000001    5566.0    5032.666666666667    6078.666666666666    7906.333333333333    9909.666666666666    6966.666666666667    6712.666666666666
9215.666666666666    18806.0    31740.333333333336    45556.333333333336    40712.333333333336    27126.333333333336    12395.333333333334    9321.333333333334    9463.333333333332    10040.333333333332    4961.666666666666    6445.666666666667    3709.0    4496.333333333333    4598.0    4861.333333333333    3643.3333333333335    4096.0
12382.0    19507.666666666664    33570.333333333336    46353.33333333333    38298.333333333336    27055.333333333336    15082.333333333332    8575.0    7620.666666666668    7770.0    6942.666666666666    4018.0000000000005    4972.666666666667    5109.333333333334    3668.0    5129.333333333333    2538.6666666666665    4209.333333333333
