18435.333333333336    35160.0    64482.333333333336    66141.33333333333    45755.666666666664    22219.33333333333
18717.333333333336    29164.33333333334    67356.0    72818.00000000001    44617.0    22446.333333333332
22233.666666666664    41812.333333333336    61854.33333333332    64508.33333333332    33878.33333333333    20492.666666666664
23442.333333333332    39276.0    67902.66666666666    67733.66666666667    32529.000000000004    20341.999999999996
19465.666666666664    37260.0    68837.0    66798.0    31801.66666666667    20088.0
22557.66666666667    38101.66666666667    66677.99999999999    72076.66666666664    40836.33333333333    17551.666666666668
22727.333333333332    32907.333333333336    53198.99999999999    67438.0    41729.666666666664    20539.0
21836.66666666667    41710.333333333336    62736.0    70234.99999999999    39733.666666666664    18539.333333333336
20399.000000000004    35282.666666666664    51466.666666666664    64946.99999999999    41650.0    22485.666666666664
22080.333333333332    31589.666666666675    56408.33333333334    54541.333333333336    37478.66666666667    21765.66666666667
20387.333333333336    37650.99999999999    59347.66666666667    54575.333333333336    34803.33333333333    18657.666666666664
20348.333333333336    29259.0    53084.66666666667    55873.99999999999    35189.66666666668    21490.333333333336
18217.333333333332    31790.0    52934.99999999999    51361.00000000001    37515.99999999999    19280.0
17586.333333333336    31210.999999999996    48635.00000000001    53932.00000000001    27791.33333333334    16399.666666666668
18748.333333333332    27178.666666666664    41104.33333333333    47110.66666666666    28345.000000000004    18588.333333333332
14132.333333333332    25763.000000000004    44226.33333333333    39267.33333333333    28680.999999999993    15748.333333333332
17267.666666666668    25299.333333333332    45043.33333333332    45025.0    32175.333333333336    18033.0
19094.333333333332    29923.333333333336    54029.00000000001    58482.333333333336    34905.0    20662.333333333336
19287.333333333332    34947.33333333333    59230.0    59195.666666666664    42307.333333333336    17884.333333333336
20378.333333333336    33513.0    60344.333333333336    62713.33333333333    35480.66666666667    17434.999999999996
19904.666666666668    25982.666666666668    61723.33333333333    69331.99999999999    36464.666666666664    18565.666666666668
17470.666666666664    29306.999999999996    52608.66666666667    65144.666666666664    39352.0    22149.999999999996
15361.666666666666    32125.333333333332    67793.0    72515.66666666667    47488.666666666664    20018.0
17680.333333333332    29685.0    58564.0    63417.33333333334    43045.0    18281.333333333332
14974.0    36193.666666666664    55739.00000000001    67009.0    42050.666666666664    20718.0
20961.000000000004    34571.33333333333    59819.0    66646.0    39450.0    18714.666666666668
20917.999999999996    37481.0    64859.66666666667    62643.33333333332    34631.333333333336    18513.333333333332
20536.0    37066.666666666664    61322.33333333333    66022.0    35277.666666666664    14792.0
21104.333333333332    37744.99999999999    60491.66666666668    59439.99999999999    35628.333333333336    21526.666666666668
19867.0    29490.0    52579.666666666664    63765.666666666664    37203.666666666664    20164.666666666664
18427.0    26783.333333333332    64754.66666666667    59580.66666666667    37847.99999999999    19836.333333333336
