4600.0    3757.0    4884.0    4352.666666666667    4616.0    6463.666666666666    8510.333333333334    5452.666666666666    4983.666666666667    6517.0    7312.0    11849.0    16930.333333333332    31824.666666666664    41436.666666666664    40157.66666666667    31554.333333333336    16992.333333333332
3995.3333333333335    4006.666666666667    4051.333333333333    4940.666666666666    3646.6666666666665    6636.333333333334    4709.333333333334    4844.0    7312.999999999999    6952.333333333333    7865.0    11285.666666666666    22863.333333333332    36660.0    42996.666666666664    36744.00000000001    27457.0    18151.666666666664
16942.666666666664    25784.999999999996    31753.33333333333    41525.66666666667    30174.0    20467.0    13692.333333333334    10137.666666666666    7559.333333333333    6985.333333333334    5664.666666666667    5291.0    4664.0    4958.0    4261.0    4184.333333333333    6351.0    4383.333333333333
14878.000000000002    29674.666666666668    35508.333333333336    36324.0    30212.0    25145.333333333332    13111.333333333334    10008.333333333334    9969.666666666668    6363.000000000001    7653.666666666667    4414.666666666667    4106.666666666666    4212.0    4970.0    4897.666666666667    5205.666666666666    4570.666666666667
17390.333333333332    29420.999999999996    30891.333333333332    31866.0    37497.666666666664    23399.333333333336    16385.0    11041.333333333334    7090.0    6806.333333333333    5035.666666666667    3712.666666666666    3062.3333333333335    4428.666666666666    4072.0    4289.666666666666    4489.0    3372.0
20307.666666666668    25962.333333333336    32458.333333333332    37124.666666666664    31446.33333333333    25335.666666666668    20061.0    12864.666666666666    10088.666666666666    5483.666666666667    6206.333333333334    5874.333333333333    4020.3333333333335    3584.0    4122.0    4844.666666666667    4224.0    3793.333333333333
9312.333333333334    12094.333333333334    12740.666666666668    12476.333333333334    8508.333333333334    12058.333333333332    9801.999999999998    8010.333333333333    7185.666666666666    6809.0    9764.0    13815.0    14221.333333333332    20479.333333333332    23747.333333333332    24395.333333333332    19492.333333333332    13628.333333333332
24570.333333333336    24757.666666666668    32934.66666666667    31453.000000000004    30726.666666666664    24087.333333333332    18677.666666666664    12222.0    11112.999999999998    5927.000000000001    6669.000000000001    4994.333333333333    5335.333333333333    4762.333333333333    4386.0    3805.3333333333335    5184.0    3185.333333333333
3765.3333333333335    3051.666666666667    3610.0000000000005    4092.6666666666665    5212.999999999999    4373.666666666667    7048.0    7840.0    6961.666666666666    10453.666666666666    20056.666666666664    21881.333333333336    20112.666666666664    23235.333333333332    25888.0    26194.333333333336    22689.333333333336    19763.666666666664
15945.666666666668    14750.333333333336    17798.000000000004    18204.0    19210.333333333332    16386.0    17662.0    20211.0    18692.333333333332    15522.333333333336    13854.333333333332    7130.666666666668    6095.0    5327.999999999999    4994.333333333333    3816.9999999999995    5099.333333333333    3163.333333333333
12721.666666666668    21195.999999999996    21346.66666666667    23396.666666666668    19000.000000000004    17604.666666666664    14599.0    17032.333333333336    17516.333333333332    14211.333333333332    9978.666666666666    6624.333333333333    5312.333333333333    4933.666666666667    4403.333333333334    4906.333333333333    5640.000000000001    4999.0
10302.333333333334    13059.333333333334    20177.333333333332    25821.666666666668    20326.0    15728.333333333334    13855.333333333334    14424.0    11892.0    13272.999999999998    13957.333333333332    9367.0    5576.0    6340.333333333334    6915.0    5499.333333333333    4547.0    4184.666666666667
11432.333333333334    13474.666666666666    16672.666666666664    21072.0    17159.0    16725.666666666664    10761.0    14763.333333333334    10322.333333333332    12093.333333333334    10682.0    11758.0    11246.666666666668    8116.333333333333    6293.666666666667    5712.0    5854.000000000001    6960.333333333333
9073.333333333332    13171.000000000002    15576.0    18547.666666666668    16126.333333333336    11850.666666666668    12458.333333333334    7940.666666666667    10146.0    11811.333333333332    8936.666666666666    10448.333333333332    9602.0    8211.666666666666    12556.0    7131.999999999999    6433.0    5534.333333333333
10580.666666666666    10550.333333333332    11732.666666666666    14841.0    12665.0    10636.333333333334    9955.0    9004.0    9967.0    9382.333333333332    9349.0    8792.0    7739.0    8904.666666666668    9081.333333333332    10057.0    10122.000000000002    7716.0
8445.0    10161.333333333334    16252.666666666666    19317.0    16139.0    7726.0    9037.666666666666    7242.333333333334    8551.0    7372.333333333332    5069.666666666666    6935.0    6419.333333333333    8141.333333333333    6289.333333333333    6363.0    9487.666666666666    8868.666666666666
9814.333333333332    8743.333333333332    8094.333333333334    8504.0    7736.666666666667    8006.333333333334    8040.0    8080.0    9885.666666666668    7062.333333333333    10581.666666666666    8280.0    10683.333333333332    14340.333333333334    17407.666666666668    15239.333333333332    12498.0    9846.333333333332
4491.0    3714.666666666667    4051.666666666667    4019.9999999999995    5251.666666666666    5874.666666666667    6087.0    7997.666666666667    15053.666666666666    14014.666666666668    19323.0    14221.0    16617.666666666664    19752.666666666668    21318.333333333332    21988.333333333336    19411.333333333332    13907.333333333332
16146.333333333334    16429.333333333332    13554.0    12679.0    13886.0    17279.0    16776.0    14981.333333333332    10398.666666666666    11590.666666666666    7989.0    7537.666666666667    7575.0    12699.333333333334    17480.666666666664    17808.333333333332    10024.333333333332    8017.333333333333
19224.666666666664    25112.333333333336    26471.666666666664    22610.333333333332    21675.666666666664    23096.333333333332    21521.333333333332    16396.333333333336    8290.333333333334    6676.0    5820.666666666667    5538.0    3664.0    3493.3333333333335    5812.0    3957.6666666666665    4198.0    6306.0
3452.0    5400.666666666667    4021.3333333333335    3050.6666666666665    4378.999999999999    3739.666666666666    4029.333333333333    5290.666666666666    7169.0    5404.666666666667    9147.666666666668    12980.000000000002    20590.666666666668    25792.66666666667    26335.333333333332    33085.666666666664    29505.666666666668    28598.333333333336
3925.0    4394.666666666666    4412.666666666667    3027.0    2735.9999999999995    3112.6666666666665    5143.666666666666    5606.333333333334    6100.333333333333    8592.0    8659.333333333334    12510.666666666666    19721.0    23377.0    34784.0    30294.666666666668    28812.666666666664    20823.333333333332
4208.333333333333    3418.6666666666665    3999.3333333333335    4214.333333333334    3354.0000000000005    6482.000000000001    4982.333333333333    5091.666666666667    6867.0    7071.666666666666    6233.666666666667    11701.333333333336    22566.666666666668    34518.333333333336    44567.333333333336    39652.33333333333    28203.0    18170.333333333332
3419.6666666666665    4155.0    4593.0    4249.0    4122.333333333334    4182.666666666667    4656.0    5159.333333333334    7329.333333333333    7561.666666666666    6721.666666666666    11318.333333333334    21560.666666666668    28086.333333333336    35681.33333333333    38108.0    24254.0    15514.666666666666
3721.333333333333    3833.0000000000005    4132.333333333333    3956.3333333333335    3504.3333333333335    3466.666666666667    4641.333333333334    5594.0    7235.333333333334    8229.666666666668    7722.666666666666    13208.0    19646.666666666664    28140.333333333336    37461.0    34170.00000000001    31287.000000000004    16734.333333333332
7487.333333333333    7634.0    10683.000000000002    12408.666666666668    10986.666666666666    9467.333333333334    6533.666666666667    6791.000000000001    6708.333333333334    6084.0    8799.333333333332    10743.0    16751.999999999996    25361.0    27869.0    31031.666666666664    22478.333333333332    12343.666666666666
12394.333333333334    21609.0    36541.0    41440.0    30429.333333333332    21875.0    14901.333333333332    10145.666666666666    10085.666666666666    6166.0    7005.0    3243.666666666666    3638.6666666666665    4054.333333333333    3714.666666666667    4065.666666666666    3532.6666666666665    4204.666666666666
8402.333333333332    16451.666666666668    28381.999999999996    30942.666666666664    25832.333333333332    16251.666666666668    10446.0    8591.666666666666    7414.0    6130.333333333333    5708.0    4235.666666666667    7341.0    12854.666666666666    12956.666666666666    13952.666666666668    11097.333333333334    8026.0
13327.666666666666    21951.666666666664    33340.666666666664    42198.333333333336    34232.33333333334    20184.999999999996    13078.0    9157.0    8142.999999999999    5840.333333333333    5166.666666666666    4800.333333333333    4388.0    3765.9999999999995    3507.666666666667    4907.0    4847.666666666667    3098.6666666666665
3683.6666666666665    4144.666666666667    3045.0    2893.666666666667    2936.6666666666665    4348.666666666667    5841.333333333334    5941.333333333334    6715.0    7283.0    9635.666666666666    9444.333333333334    16894.333333333332    26845.666666666664    39992.333333333336    36481.0    22400.0    14544.333333333334
3047.0000000000005    4397.333333333332    3863.333333333333    4473.666666666667    4434.333333333333    4628.333333333333    4818.333333333333    5339.666666666667    5846.333333333333    7483.666666666667    6606.333333333333    8488.0    11256.0    30768.0    44519.66666666667    40986.666666666664    21762.666666666668    14510.666666666666
