8936    12609    28014    37568    22916    17780
9318    15694    23254    33259    26858    15609
12059    7481    27117    26442    27724    18546
6885    13514    16711    26802    31371    19878
7705    13155    14045    27511    22650    14421
8598    12955    15879    23784    29678    16254
10899    11353    13111    23213    21763    17223
10119    11190    22753    25042    22895    17010
9985    11291    16186    25334    20478    10242
9338    10462    21323    24469    21036    19736
9209    9100    20699    20655    25133    14449
13688    13107    18452    28995    17992    15801
11711    15050    19246    32238    23896    15122
11892    11619    14935    30624    22949    11129
8439    9088    18530    26224    26427    17426
10418    10936    17737    24995    18002    15058
8471    12002    15074    24724    19123    14983
8810    10626    16921    20461    15613    15697
13712    8991    16420    22089    17918    13338
9970    12790    12263    34136    15828    16838
7478    9673    17039    27078    30999    17682
17275    12281    16430    26697    21856    11879
8305    11459    19705    24943    21464    9339
12575    10397    23667    36374    21474    12840
9098    9502    26632    25423    21139    22001
12553    7332    15879    22834    22385    14193
