7384    15226    28354    17616    14906    5092    3314    3651    4995    5651    5361    3524    3545    2751    2378    4075
12257    16327    11581    15049    18096    10846    7509    6015    4684    2784    2573    3682    4294    2497    3381    2417
3400    3630    5244    2980    5065    4213    3676    3172    3609    4797    5982    18485    18627    15939    9335    11215
2433    4107    2426    5388    3040    4944    4325    4818    2977    5896    13019    12369    14600    12846    12092    9881
1974    3049    2565    3538    4003    4784    3614    3036    3575    5242    8679    8412    9017    14429    13145    10425
4257    2108    3226    3722    2776    4594    3362    4932    4531    5836    9862    9516    10716    14848    14152    8710
3176    2171    3185    3223    2060    3351    2344    4731    5802    11440    7694    8280    11639    11538    6235    10693
3767    3281    3876    3034    3064    2820    2676    4093    9650    10996    9910    8993    5130    16119    10100    11500
2241    3347    3145    4570    2287    2354    2840    4563    11152    10855    9459    7955    6799    8185    5606    8158
3520    5593    4728    5446    3957    3202    7128    8656    9375    8434    7356    5970    5717    10051    9476    7755
2714    4980    3430    2595    3439    6997    5760    12332    10299    5677    8142    7233    4723    7731    7381    5812
7979    7111    7084    7346    7049    8969    9686    6686    8595    8146    5382    9486    4200    3818    3471    3027
9058    9020    10626    7625    6800    6468    7769    5458    4907    7420    11185    11200    8275    3686    5156    2610
6970    6527    5860    5928    4696    5399    6018    8781    7620    5723    7531    8202    4859    7783    7413    3838
7064    5047    6825    6928    9666    4863    7226    5027    9503    6017    5995    7053    5315    6835    6571    6199
8124    7163    3489    8167    6448    4906    8491    7012    6986    4576    8339    4924    4131    5281    4914    4195
8562    8164    4758    5269    6098    7354    6752    4035    4223    2874    7454    7871    4081    7121    4486    5275
4741    6331    5029    5717    9720    7673    4509    6097    6651    3066    4639    5215    5612    4114    4453    4561
6026    6230    6131    5685    5214    4456    5694    5491    5604    5955    5897    7032    6401    7083    4353    5216
2919    2485    4796    5058    2697    3755    2820    4978    7222    9537    6676    9669    9172    8729    9357    11955
2120    3745    3754    3037    4134    4204    5882    8474    7841    10645    8436    10718    10638    7913    6445    11963
5157    3801    2760    2777    3918    4911    4525    4953    6050    12242    13092    12816    8889    8244    6121    6162
6964    5925    7870    9075    7366    7921    10464    9009    4657    4320    5077    4524    2639    3152    2680    3572
12759    9475    9999    10787    12466    12472    10658    7311    4473    5420    3629    4627    4106    2934    2772    3439
3645    2463    3106    4595    5039    3975    4502    6409    4363    10171    11395    13229    9669    12569    7880    10785
2985    5088    2327    3022    3900    2571    4212    5466    6654    4843    7936    11687    8363    7443    8619    10060
