37483    23799    54685    68992    70099    58940    32899    23923
34558    36178    50791    85964    89279    61477    28334    30026
28717    24939    38198    89386    104043    76773    23976    35432
34476    31696    53277    95505    100859    62128    26755    33969
31476    23654    45561    87025    95653    61913    28410    23037
41116    36229    59285    105402    110223    70211    27690    31532
29192    20597    36519    83694    82147    75220    40556    30971
31662    19099    41681    77474    102863    65808    37197    32792
25008    25270    29436    76972    94404    82640    26690    27149
31283    24909    41493    88481    109434    48611    24970    22206
32075    22252    34601    70316    78143    69450    33598    27620
29723    30028    35242    77449    88740    71959    31793    28019
37384    21787    35822    78665    91268    71740    40514    33541
31480    25110    36900    54805    78764    50916    32081    26627
28203    26154    36821    64822    69102    51601    22855    26071
26662    21393    33257    67813    81665    56036    30676    25408
30411    25242    38070    76495    100390    70027    39203    23786
37720    23905    36730    70648    99358    76212    32440    23678
38706    21401    40152    77249    78296    75986    33464    39139
32694    25019    43425    88487    95593    63551    37735    19796
34248    41551    29762    78897    110607    78744    33033    31739
24395    28656    34278    85886    98501    87486    45420    31689
31831    22247    33626    73574    103666    87157    32756    24781
27625    25982    40687    72364    105145    78872    39086    35803
34630    30370    39604    72486    65046    86611    46669    27719
30763    19708    38776    65360    78766    78686    38275    36390
34120    24677    38286    77285    79704    76540    33827    25725
33131    30122    49988    81414    96740    67352    32316    36481
33295    34323    55451    81377    88551    68939    28127    24590
31302    33321    39875    69273    103341    78810    34450    29262
38505    24744    42525    77597    89491    72611    42125    27596
