11979    15218    14973    41583    66372    64129    33050    22551    20644    13301    9155    5791    8697    4173    5309    8432    6303    5918    7071    6171
11870    17215    27422    39907    56744    56133    49290    32273    26700    14780    12507    10961    8900    12004    5100    6404    5273    7411    9685    6028
11524    12551    34668    40533    37120    47629    35723    37911    19589    17467    11394    12333    8184    9905    14367    13560    18237    14015    13558    11196
12866    20661    36656    38506    49897    54072    45847    52734    27734    13277    11652    11607    9523    10049    8835    4816    7368    6818    8552    7195
8355    15304    32339    55981    40974    44003    44848    40976    25391    10141    11642    11652    8462    4219    8390    8724    7713    5444    7284    4887
14904    26965    42511    56006    54219    42553    51161    45253    29734    19623    16779    11259    10717    10462    7138    10991    8199    7528    7165    8521
8344    5295    11772    4805    5295    4723    4304    4482    11165    7507    8620    12424    27825    31291    44841    45791    55214    44456    30653    30089
4576    3747    6868    6180    4797    7432    7829    9155    9172    10145    15262    16227    26955    37757    38157    48305    39771    34863    42928    38450
2520    6609    5575    8265    5693    8906    4241    11335    11772    12060    14366    18916    29401    18749    24665    51466    50842    39675    32258    30255
34355    30606    25971    32063    29826    24909    25380    27811    21995    24462    24828    18448    16047    9579    4638    7468    11316    6745    6422    8518
3899    3351    7702    5177    5063    3563    6120    7483    10424    7343    7275    14163    16230    10000    28404    58280    64561    62941    26091    19985
4954    4970    5326    4586    5346    9050    7233    10826    15427    16522    10783    14958    20652    17928    26160    42157    68242    50204    37458    20171
12824    5439    8160    8450    12545    12280    16359    12773    24585    23525    12626    18434    27861    14965    29729    35852    47658    40881    22359    23416
22249    20318    14556    20738    32188    20488    17379    17874    17954    16088    12257    16479    14468    15734    19721    18844    10555    12961    8205    7627
11538    10444    26602    30479    18306    16925    15484    19181    13330    16730    17548    15675    11683    16605    17428    12421    15068    12898    16135    11149
14048    17460    14854    10813    11770    14332    12572    12356    18658    14914    13153    14805    18861    9059    14682    23328    35595    32443    24787    14420
9257    10178    15176    9973    8611    14267    9880    9746    10473    10163    13557    18577    17898    17794    24211    48558    63175    43765    25767    22598
4669    4901    4191    3712    2885    6556    6154    5612    10379    13701    17839    23418    24429    20783    24070    48458    64084    49504    40141    25205
6610    10041    5989    7316    4828    4525    5073    11405    12532    8921    6873    15382    22440    16307    33505    53883    67275    65751    28071    17666
16080    26134    36762    42722    41468    40881    35743    36494    30569    17866    14185    7650    11996    7996    6939    7623    3894    5420    6468    9410
4540    4928    6819    6964    9269    5460    6429    6576    9882    11068    17451    12536    17454    40976    47274    51249    40023    49739    50202    39742
5055    6393    5126    8561    5608    7648    7098    11255    10066    8452    13040    14944    15951    29094    52687    53418    47184    59578    42562    32591
4484    4609    8462    6024    9477    5399    7571    7863    12885    9781    6384    12242    13690    26327    46361    44164    54137    45876    45667    38235
6315    8788    8166    9323    4731    5342    5460    9270    7587    11382    9155    11080    15075    27652    38634    58049    61998    57025    43063    27469
5719    8995    6559    5715    4657    6670    5220    7621    9214    8776    6619    13657    20599    17875    28369    66979    69664    55149    32273    22805
3712    4068    6367    8500    7664    5171    5479    5815    6526    12078    14717    12967    16904    19200    34005    63280    64749    45685    26434    23403
5143    4076    4982    4721    4465    8752    3846    7873    13265    6632    8960    13045    12777    18426    19726    60504    65295    59637    42475    25564
13716    13642    19628    47212    55020    66870    45249    43753    21903    19022    11435    8485    8658    8417    5190    8690    9187    9732    6145    5590
11161    12081    18744    40060    66734    57304    59451    28706    16087    23421    15278    9969    7551    4024    8714    5662    9193    8679    4806    7028
3893    7283    4552    5623    4794    7048    13897    8936    8625    11049    9495    14777    12181    19580    29356    62624    71341    51606    42682    30292
6888    7457    6079    5901    6345    4552    7515    8488    8530    8783    11016    17673    13946    27416    29302    55671    64606    62936    36837    25253
