22400.66666666666    21093.666666666668    36426.666666666664    62532.66666666667    60900.00000000001    34945.99999999999
20072.333333333332    24100.666666666664    43211.66666666667    64626.33333333334    57707.99999999999    33310.666666666664
19238.666666666664    19786.0    41354.00000000001    66411.66666666666    55991.33333333332    27670.000000000004
19602.0    23523.666666666664    41594.0    70770.66666666666    58132.66666666668    27767.0
23718.333333333336    19264.333333333336    37708.66666666666    72917.00000000001    65225.00000000001    33104.33333333333
19825.333333333336    20631.333333333336    37322.666666666664    61171.666666666664    55860.333333333336    26619.666666666668
20285.0    23783.333333333332    41351.66666666668    66349.33333333334    54610.66666666668    32946.33333333333
20852.000000000004    17246.333333333332    30792.666666666664    60314.00000000001    59584.33333333333    30222.333333333332
19710.0    19105.666666666664    37306.66666666667    60434.333333333336    50638.99999999999    28749.333333333332
20407.666666666664    21214.000000000007    36734.0    61909.66666666667    61640.00000000001    29937.333333333336
21804.0    22773.0    37653.66666666667    56946.33333333332    54150.66666666667    27646.333333333336
19631.666666666668    19393.0    31923.0    57514.333333333336    52804.99999999999    31225.000000000004
18407.333333333336    18317.333333333336    30293.333333333332    48468.33333333333    46642.666666666664    32941.0
16135.333333333334    18400.333333333336    28883.66666666667    49410.99999999999    51827.333333333336    25450.33333333333
18025.999999999996    14861.333333333332    30407.33333333333    43476.333333333336    45414.333333333336    24958.999999999996
20854.999999999996    16850.000000000004    32781.0    44243.666666666664    36245.333333333336    23809.999999999993
15729.000000000002    15391.0    23260.333333333336    42388.0    36756.0    22771.666666666664
19256.666666666668    20009.0    28353.666666666664    56021.666666666664    51336.333333333336    27158.333333333332
20829.999999999996    21189.666666666668    33397.666666666664    66744.66666666666    63589.66666666666    32993.00000000001
19345.333333333332    25004.666666666664    40625.333333333336    73794.0    56013.66666666666    30227.33333333334
22300.000000000007    21793.999999999996    41487.0    71932.33333333331    55890.99999999999    30558.666666666664
20019.999999999996    21039.333333333336    42028.66666666667    68271.33333333333    62323.66666666667    30246.333333333332
21735.0    24628.33333333333    44554.0    67946.33333333331    57040.666666666664    28806.000000000004
24171.33333333333    22879.0    45852.99999999999    69311.66666666669    60947.333333333336    28079.66666666667
21436.333333333336    24776.333333333332    45255.33333333333    68452.66666666667    61737.33333333332    28458.999999999996
23566.000000000004    23639.333333333332    42977.33333333333    66194.66666666666    59910.666666666664    40317.666666666664
20946.0    19948.333333333332    46241.666666666664    64577.33333333334    58852.66666666668    30463.66666666667
20408.333333333332    24474.000000000007    44303.33333333333    66853.33333333334    59188.666666666664    27923.333333333332
20545.999999999996    23636.666666666664    41572.66666666667    71499.66666666667    56559.33333333334    28485.666666666664
22947.0    21187.666666666664    41486.66666666667    64012.333333333336    56840.333333333336    31152.66666666667
20046.333333333332    22991.33333333333    40574.0    71062.33333333334    63158.666666666664    31960.333333333332
