11085.666666666666    12962.666666666666    25508.333333333336    39699.666666666664    39415.333333333336    25896.0    18763.0    12078.0    8742.333333333332    6734.666666666667    5594.333333333334    3708.666666666667    5075.666666666667    3993.6666666666665    5633.0    4773.333333333334    4779.666666666667    3855.666666666667
9434.333333333332    17167.666666666664    26706.000000000004    34807.333333333336    34887.666666666664    28115.0    21122.666666666664    12104.666666666668    12467.666666666666    9517.666666666668    5733.666666666667    4776.666666666666    5509.333333333332    3704.9999999999995    3403.9999999999995    5143.999999999999    4511.333333333333    3915.0
7260.666666666667    14382.666666666664    25350.666666666668    32197.333333333336    38608.99999999999    26685.0    18492.333333333336    14175.000000000002    6461.000000000001    9535.0    6198.333333333334    5423.0    3860.6666666666665    4983.666666666666    2591.3333333333335    4560.999999999999    4565.0    5120.000000000001
10388.666666666666    17132.333333333336    29722.333333333336    30570.999999999996    37310.666666666664    27205.666666666664    21415.333333333336    12688.666666666668    12771.333333333332    7164.666666666667    6627.0    5193.666666666667    4697.666666666667    3776.6666666666665    5232.333333333333    3523.333333333334    2908.0    3060.666666666667
12732.333333333334    20825.000000000004    29934.999999999996    35189.666666666664    32815.333333333336    24999.333333333332    26236.999999999996    14364.0    9450.666666666666    8638.666666666668    6595.333333333333    6917.0    4744.333333333333    3687.6666666666665    3911.0    3532.6666666666665    3589.666666666667    3773.0
7156.000000000001    11976.0    19514.333333333332    25729.666666666664    21339.333333333336    16146.0    17354.333333333332    10446.0    8394.0    6016.333333333333    6927.0    6590.333333333334    8937.666666666666    9549.666666666666    8819.333333333334    11515.666666666666    13164.0    11855.333333333334
11195.333333333334    22472.0    26427.333333333332    31208.000000000004    27011.999999999996    26934.333333333332    20356.000000000004    15801.666666666666    10240.0    6767.333333333334    6737.0    5504.000000000001    5463.666666666667    4692.666666666667    4398.0    4569.0    3129.666666666667    6418.333333333333
8138.666666666666    13140.999999999998    16889.666666666668    20104.666666666668    22116.666666666668    16518.666666666664    15621.999999999998    11210.0    11700.333333333334    7973.666666666667    5826.666666666667    9917.333333333332    9659.333333333334    10795.666666666666    9427.0    11617.0    8555.333333333334    9798.0
13902.666666666668    16525.0    14787.333333333332    14267.666666666668    14458.000000000002    11297.333333333332    13823.333333333334    15029.333333333332    13406.666666666666    9869.0    6604.0    7110.666666666667    6749.666666666666    9921.333333333334    15978.333333333332    12961.333333333334    9069.666666666666    10183.666666666668
17549.0    18426.333333333336    17403.0    24611.333333333332    22492.666666666668    19397.333333333332    19537.333333333332    19997.333333333336    19202.666666666664    13010.666666666666    7186.333333333334    6235.666666666668    5916.0    5141.666666666667    4788.666666666667    4042.333333333333    3644.333333333333    3260.0
12926.666666666666    13527.666666666668    15814.333333333332    24498.333333333332    22623.0    16831.666666666664    15653.666666666666    13992.333333333334    16424.666666666664    15699.0    13997.666666666666    10051.000000000002    6298.666666666666    5498.333333333334    3844.6666666666665    4900.0    3566.333333333333    4826.0
11485.333333333332    10632.333333333332    10473.0    16597.666666666668    17323.0    15289.666666666664    11822.333333333334    12186.333333333334    17492.0    19733.999999999996    16042.0    14117.333333333332    12418.666666666668    6903.666666666667    5496.333333333333    4390.333333333334    5522.666666666667    4565.333333333333
10197.666666666666    10352.333333333334    12930.666666666666    15152.0    19582.333333333336    13731.333333333334    12774.333333333334    11122.333333333334    9855.0    11599.999999999998    9380.000000000002    12201.0    11417.666666666666    10224.666666666668    7745.999999999999    6523.333333333333    4111.0    6168.333333333334
9065.666666666668    10897.333333333334    9016.333333333334    16238.666666666668    14054.000000000002    14636.333333333332    11256.999999999998    11432.666666666668    8003.666666666666    10048.666666666668    10842.333333333334    10909.0    9450.333333333332    8750.0    12620.666666666668    8446.0    8085.666666666666    6353.666666666667
9047.333333333334    8303.333333333334    11398.0    14610.000000000002    14795.333333333334    8658.0    9932.333333333332    11016.666666666666    7042.666666666667    8417.333333333332    11613.666666666666    8149.333333333333    8179.0    5525.333333333333    9884.333333333334    10235.0    10170.0    10166.666666666668
6847.000000000001    8957.333333333332    10868.0    16639.333333333332    13612.0    14109.333333333334    11289.333333333334    9231.0    8383.666666666666    8436.0    8160.333333333334    9002.0    6125.0    6044.666666666666    9679.333333333332    9442.0    7777.0    10181.666666666668
7435.0    9973.0    12245.666666666666    13543.333333333332    15384.333333333334    10987.0    8830.666666666668    6733.000000000001    7268.666666666667    6494.0    6900.999999999999    8495.0    6493.666666666666    6930.666666666667    6228.0    8119.999999999999    7120.666666666666    7112.333333333333
2759.0    4762.333333333333    3351.0000000000005    4241.0    4391.666666666667    3795.3333333333335    4013.0    7339.0    7255.0    11904.333333333334    14145.666666666668    17540.666666666664    16710.0    17020.666666666668    18164.333333333332    20969.0    25631.0    18142.666666666668
18147.0    17289.333333333332    20417.333333333332    24255.666666666668    20848.333333333332    26236.666666666668    20555.333333333332    18469.0    17798.333333333332    9602.0    7178.0    7778.333333333334    5081.0    5491.0    4710.0    4821.333333333332    4428.333333333333    5637.666666666667
20822.000000000004    20763.0    27794.0    24686.0    26182.666666666668    24286.333333333336    19326.0    19518.0    13075.999999999998    8545.666666666666    7194.333333333334    4067.3333333333335    5061.0    4668.0    4688.333333333334    4259.0    5044.0    5028.666666666667
14334.666666666666    27000.0    25758.333333333332    27741.0    26212.0    26137.33333333333    22535.333333333336    16434.666666666668    8285.333333333332    7705.0    7340.666666666666    6289.0    4664.333333333334    5178.333333333333    5829.666666666667    3171.6666666666665    4349.333333333333    4996.333333333333
10174.666666666668    19236.0    28456.666666666668    28325.333333333332    33631.666666666664    25942.000000000004    23104.333333333336    13624.666666666666    12940.0    9012.666666666666    7624.0    5460.0    5077.333333333333    4049.666666666667    3981.333333333334    4218.333333333333    4049.6666666666665    5021.0
10376.0    20202.0    27951.333333333332    35916.0    29101.000000000004    26676.333333333332    20366.333333333332    14722.333333333334    11886.666666666666    8202.333333333334    6312.666666666667    6998.0    4140.333333333333    4688.666666666667    5744.0    3956.0    3548.0    3922.3333333333335
8620.333333333334    13897.666666666666    29003.000000000004    38455.99999999999    40503.666666666664    28257.333333333332    21390.0    13862.0    9550.666666666668    8401.666666666666    5994.333333333334    5073.333333333333    4508.666666666667    4844.0    3513.0    5345.0    4799.999999999999    5221.333333333334
8561.666666666666    17086.666666666664    29026.333333333336    33566.33333333333    37591.333333333336    30443.0    22924.333333333332    11656.333333333334    10181.666666666668    7928.333333333334    8337.333333333334    5352.000000000001    4820.0    4226.333333333334    4829.333333333333    3973.3333333333335    4427.666666666666    5185.0
10217.0    15208.999999999998    24260.333333333332    42467.0    43292.0    28535.666666666664    20047.0    14706.666666666666    10988.0    8297.666666666668    7279.0    5663.0    3804.0    3783.9999999999995    5427.666666666668    5107.0    3603.3333333333335    3917.3333333333335
7358.666666666666    11793.666666666666    24506.666666666664    35647.333333333336    39096.00000000001    30467.66666666667    17194.0    13588.666666666666    11142.0    10816.666666666666    6135.333333333333    5366.0    5646.333333333334    2792.6666666666665    5729.0    4247.0    4550.0    4952.000000000001
7412.666666666666    13312.333333333332    28413.333333333336    38659.0    39435.66666666667    28778.666666666664    16321.000000000002    13897.0    8141.0    8666.666666666666    5372.0    5608.333333333333    3625.6666666666665    5178.333333333333    5733.333333333333    5059.333333333333    4234.666666666666    5302.0
10047.333333333334    13644.666666666668    30538.666666666668    38824.00000000001    42316.0    26134.666666666664    15580.333333333332    9468.333333333334    9767.333333333332    6255.0    6495.666666666666    5323.666666666666    5783.0    4810.0    3907.3333333333335    3994.3333333333335    4112.0    5297.666666666667
8877.0    13130.333333333336    25997.333333333332    39166.33333333333    39835.666666666664    30304.000000000004    17226.0    12077.666666666666    7654.0    6727.999999999999    5095.333333333334    5120.333333333333    3305.666666666667    5066.666666666667    4031.3333333333335    5484.0    4042.0    4485.0
9131.333333333334    12826.0    31893.0    44207.333333333336    39913.333333333336    27973.999999999996    16312.333333333334    10974.333333333334    7422.0    9317.333333333334    8348.666666666668    4823.333333333333    5321.333333333333    3464.3333333333335    4598.333333333333    4261.666666666666    3449.3333333333335    5555.0
