15332    19569    27791    27632
21286    25886    21987    18516
19797    15756    16419    17758
12100    15272    14782    16998
19744    18600    13569    17429
18168    9986    9467    13806
11813    14936    8911    10072
9895    8457    12259    8474
5757    9197    4027    3789
2672    1693    2647    2660
4877    3230    1554    1879
6279    2839    9384    6798
9848    6413    6877    7005
14080    14178    8731    11889
16403    11968    12872    12724
12715    15907    19478    14997
21116    19556    17762    17868
18514    25872    26258    17344
17510    25138    20709    23847
17692    21952    16377    15296
18554    23378    19727    19831
