4019    19343    30833    36129
3011    23730    28952    31982
2973    14625    27598    24534
5201    8769    25804    19378
7321    16694    18724    26603
3396    12290    16284    19457
4120    11263    17646    12703
3307    6805    13455    15518
2399    3921    6793    9657
2006    1657    2735    3274
1797    1520    4956    3267
4429    7899    8624    4348
3202    9055    8992    8894
4521    10752    23064    10541
6302    10065    21619    15981
6387    11380    21002    24328
5128    15495    31741    23938
5794    16563    30509    35122
4828    19032    30070    33274
5696    12389    30355    22877
3226    17970    32915    27379
