16753    39120    75964    73987    38273    19198
15709    26451    49943    66466    44348    26402
19366    23707    39763    62876    36311    24237
14111    25390    48630    56106    43781    25320
16906    23032    44410    50096    50042    20745
11808    17914    37775    46901    41734    23671
13190    21778    42898    38768    21670    14477
17019    17755    30137    35093    39734    15874
14603    17581    21566    33943    25305    15553
13571    18119    25140    31224    23947    11167
20654    33305    31545    43892    27967    16972
18301    25032    32785    56546    48455    26497
15107    20745    47844    58601    42680    24586
16435    23555    43024    56698    47092    23366
22123    25849    49775    66002    45543    23287
18423    31660    57835    73947    41332    21761
13801    25639    69903    81065    55056    24086
14167    21169    46199    75556    41819    30383
14893    22405    50649    59411    44562    20453
14698    19091    46154    57166    37809    23094
14414    35374    72600    68102    43245    18221
