28011    26702    34596    29361    22387    23959    23642    18325    14236    6183    8533    4257    5568    5067    7132    5336
19659    19614    16563    20940    13913    22223    17370    27412    15909    17450    7871    7256    6602    2549    8421    5567
21979    11615    14148    13282    14041    14329    17287    18058    13511    19389    11748    12815    7305    7731    3659    5363
4233    3737    6647    5907    6989    9531    19996    19662    19248    19205    13552    18743    17523    15708    15761    16896
21628    12685    10987    13337    10893    15925    11010    14983    15447    12397    11964    16820    17481    7389    8022    4263
14181    12889    13302    9215    15108    7633    7331    15623    14896    12440    11179    11173    11716    8730    9074    5313
9253    7790    10614    12582    10056    6165    5692    8410    9110    8794    8635    12656    12335    10555    10109    10025
9466    13448    11322    9902    11524    7207    10109    12410    9903    6861    7637    6873    9731    10255    7988    10976
5816    8409    6076    10785    6341    10212    7634    9033    6655    9838    8371    8003    6581    6852    5705    12240
11568    10429    10483    5602    5792    5184    4932    6953    8991    6531    7304    7945    8463    7408    8884    6699
11694    9321    9574    10749    11164    10118    17334    12679    11241    13391    11861    8193    11305    8346    8292    9073
12151    8435    13375    7516    11601    15137    13174    14341    18207    18711    18912    10003    11914    13459    12309    8371
15697    22158    18304    11469    11768    16555    15387    11339    15348    14528    13250    13034    12359    4658    7137    6572
7070    4108    5714    6545    3886    7533    10613    20383    20363    24357    18931    18215    15727    12363    19435    14927
23828    25088    25741    16028    20077    15805    16997    17892    15994    9586    12314    5696    8572    7518    6515    4928
27008    23528    19468    21008    18460    18833    24913    25875    15279    13555    9067    2891    4413    10102    5748    4810
32047    19737    31193    32116    16299    25639    27695    13522    23536    11029    9212    7372    4789    5236    3233    6895
3040    4613    5629    4771    4173    5907    4542    5261    7872    17552    17832    27893    33530    27725    34105    24848
5804    3832    2238    2543    3825    4911    5465    9612    9144    12536    18091    25319    30565    34506    18949    25033
4360    3358    3194    3833    4552    5070    5322    8224    5376    10908    12274    26762    24527    31105    22709    26438
32446    30758    33273    28868    27397    20105    12992    12864    13580    8165    5774    6449    4689    4843    4398    5355
