26183    55330    110872    152141    86795    35466
23561    46005    96925    146880    92163    44228
26430    37309    98590    120733    88611    52866
31168    45139    104549    118572    92302    40453
18884    52975    102949    108148    78921    44182
21015    54805    84323    103341    60816    36026
24006    38604    96897    127953    95117    37822
23574    25162    62324    82749    59815    27828
21726    17238    29529    42484    42546    16873
18232    14901    30849    25657    19744    19031
17327    14928    23176    11590    14532    11534
13042    25638    32384    46486    30131    14347
10970    14365    19236    19998    17756    14479
20963    52388    82990    113088    74460    37637
30891    52399    87663    143891    102525    36609
35584    53678    100536    119990    90720    36817
23562    47445    97874    145557    95750    40425
37664    42324    99395    139430    116141    51726
30127    46134    107026    154540    107634    53306
26290    39713    108188    166228    120392    48225
35746    60963    121688    127069    105874    46901
