24965    29111    28147    29077    30586    21308    30892    31300    44952    39519    39579    32290    27307    20680    15778    21296
21842    24943    31106    30075    26469    33122    23014    31630    37703    35591    33901    34330    24252    26373    17043    18368
23495    27290    21641    18311    25723    21570    29322    34925    38623    36557    39028    27594    22623    17107    19916    20814
25411    16692    19824    19684    27569    30354    37703    39397    36332    38499    31879    27032    21924    19715    18796    21372
15894    17898    22292    25160    24943    25749    28156    41470    27596    32744    30606    28289    22607    23208    23654    15793
17129    24061    29870    25721    25915    25175    19571    21819    17502    17594    19884    18841    22009    32624    25116    17495
20179    25635    34488    29171    23210    24941    32157    28804    18209    30974    31500    23930    28718    22231    26583    19669
22855    22851    28067    13973    17452    17217    15135    10692    18538    17937    13378    14823    19973    12176    19722    16663
8557    12761    9325    9576    13902    15686    13340    7016    8712    10508    13584    7193    10718    10914    12286    6318
8381    8635    7691    7266    8956    5596    7981    7233    5550    8585    6539    11930    7457    8543    10720    7351
7659    4804    5443    5612    8967    6554    8716    5538    3795    7048    4245    3309    2420    3581    6335    9061
7307    11039    16545    15881    9627    9935    3334    7093    6854    8114    8605    8740    9372    14361    12939    12282
5028    7172    5908    3420    6130    5409    5494    7283    6552    6750    5280    8102    4310    6836    4441    8689
17379    23441    22326    23280    21966    34194    25369    23675    27914    36347    21521    21582    24175    26813    16225    15319
19994    17863    18501    20644    22607    33121    41027    51400    38271    43780    32912    29558    25173    27227    16045    15855
18446    21485    33101    24796    30033    33487    38526    27851    31857    35474    22013    20556    18617    29597    29337    22149
25488    21323    16839    26220    19881    33775    31114    47643    38590    39655    32608    23753    22320    27223    23505    20676
28737    20871    24935    22798    31015    36332    27163    35060    44574    39747    38654    40153    20733    28702    24565    22641
33671    23736    24447    23782    32002    26673    28416    31610    35234    36660    42493    37138    33310    26097    31543    31955
36557    30047    34506    30850    27725    36791    37268    26499    29949    26364    39968    37215    34696    25163    25082    30356
39436    31576    33937    36566    31844    35342    20578    29049    18719    20615    28757    28316    28443    38643    39308    37112
