6555    24279    30536    39625    21744    4605
6441    20694    37326    43127    15072    6210
6169    20647    31714    33286    12473    3465
5798    16994    27835    35433    16272    5467
6901    17034    36809    28094    12284    6305
4736    18613    27379    25512    16146    6714
5849    14947    24470    22372    13209    3571
4025    14139    14429    19394    10654    4957
5048    9867    15251    14846    5354    6465
3240    6565    4346    9631    3159    2792
3723    8944    6667    9224    5863    3769
5354    9552    12320    13672    5108    6709
5076    9325    15273    12284    12008    5138
5331    13572    27420    15004    14616    5701
7551    22347    26045    27749    12302    4205
9088    23575    22317    29009    16088    7674
8427    18182    33377    32915    21548    4214
6170    24300    32928    28422    17322    7819
6357    18473    30610    34105    23884    5654
7264    20932    30557    40050    16996    5809
9140    27263    37638    25147    16940    4696
