9053    24863    29144    29737    24410    10137
14966    14702    21460    31993    22699    23050
10187    29042    16761    17775    16988    17001
14516    14004    23865    16515    20886    18013
18541    15079    25361    16173    19666    12607
18495    13602    15830    14515    21260    15398
15335    15013    11754    12708    13704    15904
12999    13542    10836    8873    10391    10957
8474    13540    9403    10573    8985    5856
5286    6767    3488    4470    4205    5517
8161    7337    5515    5361    4107    7709
9921    8403    6789    10587    8447    8568
8319    12324    9639    9085    10170    9567
14980    16047    17172    11634    9180    12631
17909    23471    14341    13263    15190    16025
19661    24058    20143    16008    9160    18721
10780    22006    24950    26643    16586    17698
13245    16987    27146    23641    18806    17136
13336    18241    17883    24769    24141    20713
8637    17681    27361    32387    17505    18037
12884    17821    22913    29562    17792    19852
