42372    55588    112191    173008    171778    100968
44435    45663    112244    170823    163543    100894
47130    53856    106326    178127    171085    93604
46650    46713    95637    140115    155939    105297
51923    49075    91952    158631    172498    106313
40427    54736    89002    166067    180284    95094
43558    57346    111934    180792    163769    94976
51064    50384    92735    155410    155474    120727
48737    53741    98803    178261    162201    107562
54124    49683    117745    165876    179584    116315
36674    58384    92620    146911    133165    83187
32149    29819    54265    76341    78847    52044
55602    52875    97037    164762    141966    103996
38450    56956    109201    178586    196270    109039
42586    59514    104245    169749    171100    103301
42999    64821    116748    169235    161361    103419
47481    49780    118551    180623    166759    109167
42702    57603    112495    176801    165866    103874
42213    61554    107261    162267    158211    97580
52696    52758    86573    169534    172722    91226
43765    46204    112369    188263    183241    102832
