17870.0    17347.333333333336    33033.33333333333    61063.66666666667    64375.333333333336    35507.66666666667
17370.666666666668    18525.666666666668    34631.666666666664    74259.33333333333    60766.33333333333    33667.33333333333
16886.0    17223.0    35170.0    60586.00000000001    59824.333333333336    29315.333333333332
22372.333333333336    18088.333333333336    34259.0    58960.666666666664    58000.666666666664    34116.0
22123.666666666664    23220.333333333336    46327.666666666664    63139.33333333335    60278.33333333333    27340.333333333332
20782.333333333332    20315.33333333334    42563.0    65110.000000000015    57019.0    31747.66666666667
19309.666666666668    24611.666666666668    43673.33333333333    62625.99999999999    59812.333333333336    32973.33333333333
17225.333333333332    20797.66666666666    44565.0    72284.33333333334    57372.0    24924.33333333333
22068.333333333332    22373.666666666664    37989.666666666664    66194.33333333334    55217.33333333334    31513.33333333334
16553.333333333336    23331.666666666664    42261.00000000001    67117.99999999999    60583.66666666666    25299.33333333333
18210.0    18338.66666666666    35131.0    56713.66666666667    51087.33333333334    23216.666666666668
21218.333333333336    17475.666666666668    29241.666666666664    52791.99999999999    51254.0    27972.666666666668
18388.999999999996    18949.0    33910.33333333334    50038.0    51053.333333333336    31434.666666666664
18965.66666666667    16728.333333333332    35087.33333333333    48387.99999999999    43990.33333333333    26423.0
18657.0    16820.333333333336    33465.0    57340.0    48260.66666666666    26086.000000000004
17660.999999999996    15753.999999999998    28299.666666666668    54324.00000000001    51843.666666666664    29939.333333333336
19920.33333333333    16684.999999999996    28740.666666666664    48826.333333333336    47738.66666666667    26000.666666666668
12855.666666666668    15884.666666666666    28138.666666666664    38051.33333333334    30439.33333333334    17342.666666666664
24561.999999999993    26086.666666666664    42282.66666666667    63122.0    50163.33333333333    27348.333333333325
18542.0    22769.666666666664    47315.0    65381.66666666666    61784.0    28696.666666666668
18432.0    22004.0    46045.99999999999    70259.66666666664    57757.33333333335    28084.33333333333
16825.333333333332    22921.666666666668    45466.666666666664    66987.33333333334    57773.33333333333    30552.333333333336
21064.666666666664    25339.666666666664    53001.33333333333    66959.33333333333    52402.66666666667    28604.0
20900.0    22696.666666666668    40433.666666666664    65112.99999999999    60584.666666666664    28023.666666666675
18786.333333333336    27105.999999999996    43703.0    66344.66666666667    54459.66666666666    22787.0
20755.33333333334    22835.333333333332    32741.999999999996    61417.333333333336    64639.333333333336    29084.333333333332
21035.0    17922.666666666668    35594.333333333336    59048.333333333336    63289.333333333336    37577.33333333333
20953.666666666664    17005.666666666668    34248.66666666667    54199.99999999999    61433.666666666664    35014.0
20600.0    16220.666666666666    34932.0    65521.00000000001    64494.666666666664    37281.0
17219.333333333332    14197.666666666668    37625.33333333333    56940.99999999999    57604.0    35875.0
21280.333333333332    17614.333333333332    37293.33333333333    57199.0    65303.333333333336    31283.333333333332
