2477.0    5274.666666666667    3131.6666666666665    3528.333333333333    3964.0    4524.0    4336.0    7105.0    4281.0    4334.0    7625.333333333333    7960.0    12667.333333333334    21637.666666666668    38239.333333333336    40526.666666666664    36673.66666666667    20911.666666666664
5913.666666666666    9487.0    12895.0    16556.0    14426.333333333334    11172.333333333334    9505.333333333334    7458.333333333334    6513.666666666666    6326.666666666667    7360.666666666666    7322.333333333333    8320.333333333334    17783.333333333336    28001.666666666664    28557.999999999996    23800.666666666668    17819.666666666668
3218.0000000000005    4572.333333333334    2781.3333333333335    2411.0    2896.3333333333335    3143.3333333333335    4971.999999999999    3530.666666666667    5630.666666666667    7476.333333333334    7362.333333333333    10845.000000000002    13851.333333333334    22713.333333333336    31574.666666666668    37976.0    33348.0    20702.0
3353.3333333333335    4557.0    3975.0    4381.333333333334    3660.6666666666665    4003.333333333333    5571.0    4054.0    6180.000000000001    6705.999999999999    6658.333333333334    9889.666666666666    14566.333333333334    25280.666666666668    29831.666666666668    40102.0    33679.33333333333    19347.333333333336
12500.0    21198.666666666668    30274.666666666668    35752.0    31416.66666666667    27096.333333333336    19728.333333333336    9769.0    8690.333333333334    8603.666666666668    4727.0    4905.0    4479.666666666667    5768.0    4191.0    4566.666666666667    4499.666666666667    4263.0
14171.666666666668    18887.666666666668    28936.333333333332    32029.333333333336    31911.0    25816.333333333332    19163.666666666668    9206.333333333334    10583.999999999998    6488.000000000001    6278.666666666667    5184.333333333334    5218.666666666667    6399.666666666667    5058.333333333334    4303.333333333334    4123.333333333333    3776.666666666667
15534.000000000002    20512.0    27887.333333333332    35547.0    29353.000000000004    29308.666666666668    20642.333333333332    11748.666666666666    11347.666666666666    5490.666666666667    5755.666666666667    5571.666666666667    5213.666666666667    4066.6666666666665    3628.666666666667    4220.333333333333    3670.6666666666665    3507.666666666667
18020.0    21641.666666666664    27461.33333333333    24569.0    33784.666666666664    20586.0    23387.666666666664    13496.666666666666    8838.666666666668    6928.666666666667    6746.333333333334    7195.666666666666    4302.666666666667    3971.666666666667    4875.0    3988.3333333333335    4028.0    3346.666666666667
8007.666666666668    10206.333333333334    21349.333333333332    23844.0    20699.0    14658.666666666668    13462.666666666666    10375.666666666668    11171.0    7598.000000000001    7643.666666666667    9123.333333333332    14858.0    14612.333333333334    11676.333333333332    11085.0    11912.666666666666    13073.0
18231.0    18490.0    23327.333333333336    25398.333333333336    25000.000000000004    21402.0    19832.333333333332    17953.0    14360.666666666666    9001.999999999998    7813.333333333334    6839.666666666666    6915.333333333333    5301.333333333333    4266.0    3900.666666666667    3505.3333333333335    3608.6666666666665
5623.0    6861.666666666666    12417.333333333332    14522.333333333336    18417.333333333336    11080.333333333332    6808.0    7687.333333333333    7667.000000000001    9761.333333333332    12767.0    14587.333333333332    14713.000000000002    11429.0    11428.0    13493.333333333334    11061.333333333332    12372.666666666668
3645.3333333333335    2989.666666666667    4005.666666666667    4922.333333333334    3334.6666666666665    4764.666666666667    5938.999999999999    6797.333333333333    11454.0    14201.333333333334    17347.666666666668    13951.666666666668    12843.000000000002    18131.0    23135.333333333336    18655.333333333332    19402.0    14434.333333333332
6587.0    9624.666666666666    7179.666666666668    8229.333333333334    9095.666666666666    7115.333333333333    9943.0    12699.999999999998    14322.666666666666    16891.0    13295.333333333334    8130.333333333334    14495.333333333334    13724.666666666666    15726.666666666668    14981.333333333334    11662.666666666666    10069.666666666668
10251.333333333332    10304.666666666668    17978.0    18215.000000000004    16823.666666666668    11874.333333333334    10625.666666666668    9514.666666666666    11762.333333333332    9172.666666666666    10436.0    12440.999999999998    10262.333333333334    10533.333333333334    6075.666666666667    4520.333333333334    5009.666666666666    3782.0
5464.000000000001    4260.0    7566.666666666666    11275.0    14234.333333333332    12739.666666666666    9011.999999999998    10747.666666666666    9258.0    9135.0    10918.333333333334    7600.0    11823.333333333334    13083.0    16855.333333333332    18437.000000000004    17237.000000000004    10982.666666666666
8351.666666666666    8326.0    11851.0    12966.666666666666    9685.333333333332    9038.0    10150.333333333332    8224.666666666668    7354.0    10670.333333333332    6908.333333333334    8299.0    10240.333333333334    13792.000000000002    17114.333333333332    20318.666666666668    14216.666666666668    10314.333333333332
10329.0    10492.333333333334    8064.666666666666    10815.0    8842.666666666666    10143.333333333332    5674.0    8135.666666666667    7307.666666666667    10043.666666666666    8248.0    9169.333333333334    7712.000000000001    11019.333333333334    16448.333333333332    20898.0    14239.0    10329.666666666668
8851.0    9015.333333333332    11361.0    14151.999999999998    13723.666666666668    11363.0    7906.666666666666    6121.0    6410.0    7295.333333333334    6586.333333333334    6420.333333333333    4708.0    5442.333333333333    5536.0    6024.333333333334    5752.666666666666    6043.333333333333
16398.0    17347.333333333336    17754.666666666664    28598.333333333332    19881.666666666668    21587.666666666668    17492.0    16943.0    17460.333333333332    14964.333333333334    8948.333333333334    7145.333333333333    4763.0    5969.0    4044.3333333333335    5143.333333333333    5087.666666666666    4036.6666666666665
20034.000000000004    20031.333333333332    23395.333333333336    25512.666666666668    25934.666666666664    19023.333333333332    21809.666666666668    20427.333333333336    16014.0    10429.333333333334    6794.333333333333    6360.000000000001    6962.666666666666    5784.666666666667    4961.666666666666    3796.3333333333335    4218.0    2999.666666666667
20199.666666666668    19674.666666666668    26612.0    25241.000000000004    24717.333333333332    27509.999999999996    21310.333333333332    18397.0    9551.666666666668    9561.666666666668    9472.333333333332    4738.666666666666    5688.333333333333    4018.3333333333335    5507.333333333333    3470.0000000000005    3964.333333333333    2948.6666666666665
16666.333333333332    26359.999999999996    28894.333333333332    26081.666666666668    25855.333333333332    28399.0    19727.666666666668    13378.333333333332    9510.333333333332    8429.333333333334    5688.333333333333    4661.333333333333    5045.0    3520.0    5526.666666666667    4582.0    4534.666666666666    3666.333333333333
15135.0    22230.666666666668    25892.333333333332    28936.333333333336    32588.666666666668    28633.333333333332    22287.333333333332    15834.333333333332    10926.333333333334    8403.0    7935.333333333334    4842.999999999999    4081.6666666666665    4566.333333333333    3728.0    3913.6666666666665    4086.6666666666665    3349.6666666666665
12140.000000000002    18004.333333333332    30463.333333333332    37661.0    33592.666666666664    26075.0    16581.666666666668    9385.0    9290.0    7314.0    7711.0    4754.666666666667    4073.0000000000005    4576.666666666666    4362.666666666666    3839.333333333333    3721.6666666666665    4205.666666666667
10890.333333333334    17725.666666666664    26798.333333333332    38990.333333333336    34371.0    22414.333333333332    16991.0    11622.333333333334    9763.666666666666    7283.666666666666    7498.666666666667    5432.0    3699.6666666666665    5181.0    3799.666666666667    4052.6666666666665    3285.6666666666665    3386.6666666666665
3178.6666666666665    7738.333333333333    13382.666666666666    16295.333333333334    18563.333333333336    10865.666666666668    5630.333333333333    7605.0    6669.0    9082.666666666666    6086.333333333334    6836.333333333334    15686.000000000002    15914.000000000002    23029.333333333336    24081.666666666668    24445.000000000004    16384.0
4902.666666666667    4415.333333333333    4231.666666666666    4016.0000000000005    3605.666666666667    4509.333333333334    4015.333333333333    3966.333333333333    4876.666666666666    7197.666666666667    7299.666666666667    6719.666666666667    10921.999999999998    26499.333333333336    43269.333333333336    39070.333333333336    33126.333333333336    21823.666666666668
3177.0    3366.0    4108.333333333333    3093.0    3964.0    4466.666666666667    5684.666666666666    4858.333333333333    6656.666666666668    5754.0    8496.0    8835.666666666668    10529.333333333334    18521.0    36777.333333333336    40531.33333333333    34310.666666666664    19725.666666666668
4662.0    4677.0    3170.3333333333335    3464.666666666667    3034.6666666666665    3604.666666666667    3746.666666666666    3767.6666666666665    3613.666666666667    5038.666666666666    8045.0    10071.333333333332    11033.666666666666    28138.333333333332    39879.333333333336    47063.33333333333    33143.333333333336    22895.0
3419.333333333333    3838.3333333333335    2846.3333333333335    3826.9999999999995    3342.0    4236.666666666667    5240.0    3718.0    5431.333333333333    4996.333333333334    7681.666666666667    6413.666666666667    11396.666666666668    19869.333333333332    37108.33333333333    40816.0    38685.0    16596.333333333332
3334.0    5581.666666666667    4351.333333333333    4210.333333333333    4509.666666666667    3358.0    5947.0    3757.666666666667    5377.666666666666    5373.666666666667    6838.333333333334    9216.0    11299.0    24221.666666666668    37382.666666666664    44445.666666666664    32212.333333333336    18557.0
