7567    12358    18117    30429    27762    18296
9527    10238    16719    33320    29126    18302
7781    11772    13623    29718    24856    20749
8324    9439    18768    30451    24974    18523
8209    15163    24940    34393    24711    19218
8589    10479    13114    29355    23383    19251
11768    8703    13745    23615    24213    17380
7774    9472    20138    25316    26891    14619
8923    11163    25860    27326    32519    14103
11569    11203    17946    23809    23156    13711
10312    13663    25311    29021    28561    10262
7989    10655    15716    24164    17380    10931
8383    15778    23205    31184    23478    12569
10496    10740    21727    26979    26293    15318
10012    14503    19260    22653    20662    15821
9546    10947    17595    21235    23956    12643
11105    8114    18834    21481    14096    15441
9309    11451    18955    15296    15926    10280
9520    11359    18916    21538    28319    19542
9179    8330    16425    24044    22740    17334
11179    12473    19637    20288    25788    16371
8416    9681    18871    25141    31476    11380
7901    12037    18576    26430    27650    13102
13126    10268    22534    28421    24399    17709
10617    15244    21498    29236    19653    15959
8379    9686    17076    28041    24505    16758
