3217    2346    2073    3721    3700    2996    3106    4228    3160    5187    3778    8758    12850    23129    22229    10051
3028    1884    4034    2923    4852    2609    4522    3666    4168    6993    11444    9735    10567    17701    11586    17520
5122    2847    3151    2456    3305    2395    2753    6089    5540    4748    9212    9389    16974    10002    11911    12605
2302    3300    3651    3598    5057    3058    5011    4632    3924    6363    9888    6766    12171    11953    14955    13850
3465    4946    2534    3276    3886    5586    4657    7774    6875    10519    11886    11588    14988    9756    11582    13316
2150    1953    2604    3578    4649    3975    6473    3060    6785    9450    11863    11854    12320    11182    6300    5975
3041    3616    2726    2700    2377    4161    7530    4163    11790    6668    11762    10530    10084    4431    7156    6689
4110    4167    2737    3700    2311    2431    2395    5078    6567    9246    17329    9446    7939    5539    12509    8706
14381    10656    8449    7088    9678    14592    11580    9081    7740    3815    2541    5007    5707    3241    2998    3340
8893    9053    7394    7504    8940    9070    8177    8004    5150    9501    2819    4375    2717    2550    3303    3944
15672    5735    9820    6852    9486    5577    9301    6804    11051    10691    5494    2686    4600    4056    5169    4136
5066    4931    7913    6955    4267    6150    3893    4526    7004    7715    6077    3925    5949    4150    5021    3293
7572    8453    4265    9753    4205    8567    7435    9644    9208    8321    9464    9518    6182    4239    3182    4589
2715    4737    7083    10073    9408    11315    10451    4797    5338    5015    5417    7038    5572    5559    5893    11142
5869    8378    5185    7251    6167    6301    7295    5041    6417    8383    9318    6428    8557    5081    3548    3692
4647    6648    4120    5240    3709    7927    5086    5188    5824    6085    8269    8165    6075    8121    5263    5555
7995    7649    4128    5258    4863    4145    6477    3723    3378    6778    5803    5353    2465    5512    9892    5652
4911    6503    3701    7897    3203    5731    3841    3939    5113    7195    6613    4828    4988    3833    5123    3798
8276    8796    4313    6043    6468    7385    3599    6533    7352    7626    4906    10250    8144    7692    7927    3884
3131    2724    3610    3946    2971    3833    3285    4164    5288    10308    8393    13865    8478    6605    9730    7721
6435    8757    7066    7988    8776    10401    8627    6139    7856    7357    7472    5391    3005    3150    4227    3089
3631    2172    2655    3824    3271    3957    5406    4532    17141    10645    10921    7018    8151    6637    5942    9062
1998    4256    3504    3008    3503    3217    5711    4118    8140    12635    9127    13263    7732    13970    6166    5348
3360    2658    2803    4445    3527    3513    3254    7089    5674    12421    11954    12974    11341    10207    8709    12528
13320    11473    10858    11429    14016    12353    6351    3926    5313    3613    2351    2584    3440    2364    4073    4743
2631    3300    2708    2366    3546    2607    4770    5239    6556    9180    13588    10614    10540    11143    9153    6504
