7368.000000000001    24729.0    37502.99999999999    42507.66666666667    34024.66666666667    15908.333333333332    6432.0    5547.666666666666    7705.666666666667    9361.333333333334    8387.666666666668    6575.333333333333    9383.0    18451.333333333332    23562.0    22939.333333333336    11346.333333333334    5629.333333333333
3480.0    7914.666666666666    16666.666666666668    15103.0    13392.333333333336    9677.666666666668    6150.333333333333    5120.333333333333    4977.333333333333    8182.000000000001    9852.0    11211.0    12726.333333333334    33860.0    46038.66666666667    42375.333333333336    27929.666666666668    10415.666666666668
2911.666666666667    4173.0    4300.333333333334    3981.9999999999995    4026.333333333333    4393.0    4845.0    6781.0    6274.0    12152.0    9305.0    7911.333333333333    17322.666666666664    43274.0    59928.33333333333    49345.33333333333    30547.999999999996    10720.999999999998
11757.333333333332    26915.333333333336    54692.666666666664    59274.99999999999    49707.0    23830.66666666667    10475.666666666666    9562.666666666666    8576.666666666666    8399.333333333334    6784.666666666667    6031.666666666666    5184.333333333333    4258.333333333334    4297.0    5264.333333333333    4293.333333333334    4780.0
12094.0    29401.0    57749.33333333333    60347.33333333333    41901.333333333336    18471.333333333332    8031.0    9968.333333333334    9383.333333333334    7433.333333333334    6982.666666666667    6044.666666666667    5692.0    5567.333333333334    4399.333333333334    5261.666666666666    3594.666666666667    3295.666666666667
13451.0    31211.666666666664    60174.66666666666    59830.66666666667    39909.666666666664    24440.0    10410.999999999998    7502.0    7614.333333333333    9922.666666666668    8411.333333333332    5041.333333333334    4823.0    5756.0    4305.666666666666    3198.0    5636.0    4976.333333333334
12056.666666666666    27989.666666666668    59792.0    63907.66666666668    53148.666666666664    20546.0    9709.666666666666    6148.0    7070.666666666666    8536.666666666666    8249.666666666668    6656.333333333333    4875.666666666667    3181.3333333333335    6241.333333333333    4684.333333333334    5617.333333333333    4473.666666666667
11928.333333333334    32836.0    51923.0    60880.666666666664    52356.666666666664    23671.333333333332    9547.666666666668    8957.666666666666    9486.666666666666    8423.0    7923.333333333333    5637.333333333333    5207.666666666667    5913.666666666667    4627.000000000001    5041.000000000001    4549.333333333334    5310.333333333334
6691.333333333333    9847.666666666668    19391.999999999996    23406.0    18918.0    8450.333333333332    5588.999999999999    5456.333333333334    6557.333333333333    9041.666666666668    8699.0    7297.0    14332.333333333334    30077.0    44268.66666666667    36494.0    23672.333333333336    10192.0
4094.6666666666665    2649.6666666666665    4602.333333333333    3754.0    5697.666666666667    4306.666666666667    5873.333333333332    6128.333333333333    7389.333333333334    12371.666666666668    10141.333333333334    9096.333333333334    16541.0    38428.333333333336    63445.66666666666    50666.33333333333    34068.333333333336    14145.000000000002
12037.333333333332    27989.0    57339.0    68615.0    49262.333333333336    18018.333333333332    9394.0    10071.666666666668    11811.0    9102.333333333332    7310.000000000001    5448.666666666666    4842.0    5367.333333333333    5275.666666666667    5424.0    4236.333333333334    5430.0
3663.0    4112.333333333333    4281.0    4869.0    6056.666666666667    6613.333333333333    6131.333333333334    6466.0    6378.666666666666    10107.0    11735.333333333332    8802.333333333334    17165.333333333332    47831.33333333333    59904.0    54698.666666666664    32483.666666666668    12046.999999999998
3027.0000000000005    4226.666666666666    4192.0    4785.0    3456.6666666666665    6212.333333333334    5206.0    4850.0    7742.333333333333    7881.333333333334    11692.333333333332    10996.000000000002    16250.333333333332    42019.666666666664    60910.66666666667    57796.66666666667    30828.333333333332    17713.333333333336
3973.6666666666665    4129.333333333334    5147.666666666666    4294.0    4325.0    4059.0    6687.333333333333    6065.333333333334    9667.333333333334    13246.333333333334    11501.333333333332    7695.666666666667    21778.0    46938.0    61877.33333333333    56967.0    31540.333333333332    12696.333333333332
6244.0    13560.0    22745.666666666668    24199.999999999996    18647.333333333332    11387.0    5786.666666666666    6014.666666666667    7121.000000000001    9844.0    8711.666666666666    6892.666666666667    10286.0    20019.666666666664    23135.0    23971.333333333332    10609.000000000002    8195.0
5109.666666666667    4116.666666666666    4135.0    4455.0    4527.0    5506.0    5144.666666666667    4998.666666666667    6251.333333333333    9285.666666666664    9019.666666666668    9107.666666666668    21611.0    46687.0    57498.66666666667    50590.0    26394.666666666664    10873.0
8913.333333333334    28708.666666666664    56186.00000000001    59638.66666666667    45538.00000000001    21325.0    10232.333333333334    8737.333333333334    10008.333333333332    7676.0    9654.999999999998    5456.333333333333    6154.000000000001    10023.999999999998    7187.333333333334    7328.333333333333    6987.666666666667    7109.333333333334
8376.333333333334    32524.666666666668    56775.00000000001    65219.333333333336    46141.0    21117.0    10548.0    5821.666666666667    9305.666666666666    8550.666666666666    7686.0    5279.333333333333    5127.333333333333    4895.333333333333    4176.0    5306.666666666666    4736.333333333333    5613.0
9970.333333333334    30613.333333333336    54114.0    64600.666666666664    49185.66666666667    23297.0    10517.666666666666    8254.666666666668    8358.333333333334    8375.0    8633.666666666666    7533.666666666666    4490.666666666666    4911.333333333333    4484.0    4816.333333333334    5661.666666666666    3995.6666666666665
13540.0    27740.333333333336    60290.66666666666    65854.66666666667    50466.666666666664    22665.666666666668    10122.333333333332    7973.333333333334    9020.333333333334    8206.0    7447.0    6486.0    5529.0    5444.333333333333    4639.0    3542.3333333333335    4827.0    3741.666666666667
3752.333333333333    4608.666666666667    5175.666666666667    3659.6666666666665    4909.666666666667    4988.666666666667    7725.666666666667    4525.0    9146.0    11199.999999999998    12058.999999999998    7506.333333333333    15534.999999999998    40709.0    57005.00000000001    54192.333333333336    39186.33333333333    13584.333333333334
3821.666666666667    4674.0    4036.0    4736.333333333333    3886.6666666666665    4531.666666666667    5502.999999999999    4777.333333333333    5290.0    9213.666666666666    10127.666666666666    8472.333333333332    15359.666666666666    43206.0    59680.0    57216.33333333334    30264.0    13539.000000000002
5779.666666666666    11774.333333333332    19387.666666666664    25386.0    22906.999999999996    12947.0    9781.333333333334    7252.333333333333    8538.666666666666    9537.0    8091.666666666667    6722.333333333333    12191.333333333334    28200.333333333336    39091.0    33949.0    21687.0    10215.0
12270.666666666666    27269.999999999996    51721.0    60976.66666666666    49233.0    18520.333333333336    8629.0    9329.333333333334    6854.0    6300.333333333333    7417.666666666667    4385.666666666666    5955.0    5251.333333333334    6180.666666666666    4922.333333333333    5112.333333333333    5357.0
5077.333333333333    12416.0    22820.333333333336    25306.666666666668    21764.000000000004    11614.333333333334    9149.666666666668    5643.666666666667    9079.333333333334    8249.333333333334    11264.666666666668    7440.666666666666    12587.999999999998    29788.0    33456.333333333336    33482.0    22695.333333333332    11064.666666666666
3659.9999999999995    4364.333333333334    3574.333333333333    3732.6666666666665    4059.666666666666    5001.666666666667    4665.0    4588.666666666666    8342.0    10390.333333333332    9372.666666666666    7798.666666666666    17629.0    42955.00000000001    59531.66666666667    56322.0    33293.0    15060.666666666666
3963.6666666666674    4017.333333333333    3591.0    4044.6666666666665    4672.666666666666    6986.333333333334    4837.666666666666    6019.0    6356.999999999999    10394.666666666666    9538.333333333334    8231.333333333334    19324.666666666664    40044.0    53345.0    52866.0    32512.666666666664    15973.666666666668
6198.0    3437.6666666666665    4048.3333333333335    3185.3333333333335    4536.0    5822.0    6536.0    4376.333333333333    6758.999999999999    8015.333333333334    9259.0    8417.666666666668    13213.666666666668    32625.000000000004    60390.66666666667    55490.333333333336    37806.333333333336    14871.0
4086.0    4091.666666666667    5362.666666666667    3551.3333333333335    5158.0    5020.666666666666    6137.666666666668    5413.666666666667    5508.333333333333    11078.999999999998    10376.666666666668    5671.0    16160.0    42938.666666666664    60679.333333333336    56243.66666666667    31926.000000000004    15773.666666666666
3809.9999999999995    4092.666666666667    3411.0    5203.666666666667    3952.666666666667    4934.666666666666    5989.666666666667    4575.0    5735.666666666666    10798.666666666666    9979.333333333332    6795.333333333333    17589.333333333336    45065.66666666667    55752.666666666664    57024.333333333336    34676.0    20002.666666666668
3774.666666666667    4624.0    4454.0    4392.0    3965.333333333333    5878.333333333333    4042.6666666666665    5021.333333333333    4709.333333333333    8156.0    11331.333333333332    7027.666666666667    15398.000000000002    41436.0    53295.99999999999    50503.0    35274.99999999999    16723.0
