17186.333333333332    13358.0    28564.333333333332    61611.333333333336    72024.66666666666    39812.33333333333
18275.333333333332    17254.666666666664    30462.0    53595.33333333334    61711.333333333336    42231.0
19915.666666666668    14880.666666666668    33290.666666666664    62432.66666666667    59561.333333333336    39630.0
16673.333333333332    17077.333333333332    33214.666666666664    50927.333333333336    59297.33333333333    36210.00000000001
17949.0    18864.333333333336    43787.66666666666    69558.99999999999    57824.0    32455.0
19689.333333333332    20955.000000000004    41747.66666666666    61743.0    66625.66666666667    36259.333333333336
19596.0    21848.33333333333    40004.666666666664    66921.0    62072.666666666664    30340.0
19672.333333333336    19470.333333333336    41932.66666666667    64108.99999999999    55563.33333333334    30349.0
21635.666666666668    23730.33333333334    39847.0    69046.66666666667    59339.0    29982.000000000007
18107.333333333332    18955.333333333332    32642.333333333336    55791.000000000015    51982.33333333335    29916.666666666664
19822.0    21619.999999999996    36388.66666666666    57600.0    53086.333333333336    26212.33333333334
19206.0    20254.0    36087.333333333336    56788.333333333336    47368.66666666667    28717.666666666664
22574.333333333336    19479.33333333334    30401.333333333336    51698.0    49413.00000000001    26544.33333333333
8904.333333333334    9993.0    8916.333333333332    8250.0    8077.0    8025.0
8925.666666666666    9477.0    9882.333333333334    9016.999999999998    8110.333333333334    10163.666666666666
9435.333333333334    8813.333333333332    8575.666666666668    8530.666666666668    7969.333333333334    8217.999999999998
7433.333333333334    11108.000000000004    8208.333333333332    9134.0    8362.333333333334    8075.666666666669
8664.666666666666    7362.333333333333    8099.666666666666    10040.666666666666    7984.333333333334    9732.0
9567.666666666668    9191.666666666666    11399.666666666664    8728.333333333334    8147.666666666668    10307.0
8280.333333333334    8815.0    8740.0    9071.333333333334    9271.333333333334    8232.0
8747.666666666666    10460.0    10057.666666666666    9805.666666666668    9917.666666666668    8743.666666666666
7515.000000000001    10535.000000000002    8486.666666666666    9555.333333333334    8137.000000000001    8702.0
10379.0    9756.0    8750.333333333334    8813.333333333334    9364.333333333332    8772.666666666668
10485.333333333332    9693.0    9027.333333333334    9887.666666666666    8020.0    9059.0
9769.666666666666    9592.666666666668    10339.666666666666    9649.333333333334    8993.0    8366.333333333332
8966.333333333332    9105.666666666668    8513.333333333336    11184.0    8029.333333333333    9634.0
9654.0    8707.333333333334    11159.666666666668    10432.666666666664    8833.333333333334    10309.333333333334
9402.666666666664    8139.666666666667    10111.333333333332    10471.0    9125.0    9490.999999999998
10390.333333333336    9700.999999999998    10471.0    10543.333333333332    8116.0    9168.0
9978.666666666666    8625.333333333332    8922.000000000002    9136.0    8600.0    8433.0
9401.0    10086.333333333336    7608.333333333333    9512.0    10457.666666666666    7728.666666666665
