3377.666666666667    2853.3333333333335    3085.6666666666665    4591.333333333333    3451.0    4257.333333333334    3928.0    5036.0    5682.0    5415.666666666667    6028.333333333333    6978.000000000001    13231.333333333334    20146.333333333336    39120.333333333336    45039.666666666664    38263.33333333333    22071.666666666668
3958.0    3557.3333333333335    3985.666666666667    3319.9999999999995    3536.0    4242.666666666666    4993.333333333334    3894.0000000000005    4647.666666666667    5559.666666666667    6521.0    8577.0    12259.666666666666    23864.333333333336    34449.0    37882.666666666664    32342.666666666668    25939.0
4462.000000000001    5059.0    2930.333333333333    3602.666666666667    3292.6666666666665    2861.0000000000005    6360.000000000001    3690.3333333333335    4769.333333333333    7169.0    6910.666666666667    8798.666666666666    14516.333333333334    21451.333333333336    31121.000000000004    33801.00000000001    36216.33333333333    32699.333333333332
3040.333333333333    4373.0    4290.333333333334    3941.333333333333    4230.666666666667    4743.666666666667    4425.666666666666    5341.0    5137.0    5762.333333333334    5972.666666666666    10619.666666666668    12583.333333333332    24913.666666666668    29723.333333333332    31168.33333333333    29064.666666666664    24068.999999999996
12432.666666666668    22608.666666666668    27358.0    27676.333333333332    28450.0    29835.0    20983.0    16431.333333333336    8612.0    8241.333333333334    5811.666666666666    4678.666666666667    5113.666666666667    4641.666666666667    2935.3333333333335    5449.666666666667    4438.0    4742.0
11746.0    21676.666666666664    27131.333333333336    30253.666666666668    30934.333333333336    25516.666666666668    24638.666666666668    18307.333333333332    8564.666666666666    6818.666666666666    5441.0    5279.333333333333    6443.000000000001    4885.0    5995.666666666667    2913.3333333333335    5330.666666666667    5144.0
15529.0    22457.666666666668    22082.0    26819.000000000004    28243.0    24688.0    22187.0    18750.666666666668    13878.333333333332    6909.333333333333    7358.0    7044.666666666666    4860.666666666667    3421.0    4029.3333333333335    3849.6666666666665    4990.666666666667    3684.6666666666665
18099.666666666664    22282.333333333336    22678.666666666664    29210.666666666664    21468.666666666664    20888.333333333336    20892.000000000004    17750.333333333332    10081.666666666666    10606.666666666668    6543.999999999999    4989.0    3898.333333333333    4309.666666666667    3518.0000000000005    4123.333333333334    5106.0    4649.333333333333
16639.666666666668    21758.333333333332    20882.666666666664    25418.0    27051.666666666668    20309.333333333332    22062.333333333332    19046.0    16847.333333333332    10549.666666666666    5542.666666666666    6362.666666666668    7257.666666666667    6341.333333333334    4516.666666666667    4075.6666666666665    4172.0    4747.0
16762.0    14667.000000000002    15312.666666666666    21052.666666666668    18937.666666666664    20326.333333333336    14027.000000000002    16444.333333333332    14979.333333333332    10794.0    7212.666666666666    6257.999999999999    6042.0    5021.333333333334    4258.666666666667    5248.333333333333    4347.333333333333    5703.666666666666
14025.666666666666    14750.666666666666    15450.333333333334    18124.666666666664    26238.0    18461.666666666664    13790.0    17376.0    17284.0    11212.333333333332    11181.333333333332    6634.0    7800.000000000001    4393.333333333334    5766.0    4106.333333333334    4368.0    3767.0000000000005
13656.333333333334    11539.666666666666    16960.333333333332    22935.666666666668    20699.333333333332    17864.666666666664    12797.666666666666    10235.0    12234.333333333334    13441.666666666666    11456.0    11050.333333333334    6919.0    6062.666666666667    4872.333333333333    5668.666666666666    4658.0    5370.333333333334
11580.666666666666    11044.999999999998    11563.333333333334    21199.333333333332    23051.666666666668    11465.0    11351.666666666666    10696.666666666666    9993.333333333334    12711.333333333334    10414.666666666668    12832.000000000002    9803.666666666668    10999.000000000002    5491.666666666666    5061.000000000001    6099.666666666667    4750.666666666667
2361.0    2540.0    2465.3333333333335    2130.3333333333335    2088.0    2710.9999999999995    2413.0    3973.6666666666665    3535.3333333333335    3085.3333333333335    3059.0000000000005    2362.0    2437.3333333333335    2654.0    4111.666666666666    3520.6666666666665    3094.333333333333    3623.666666666666
2819.0    3102.333333333333    2756.6666666666665    2621.666666666667    3314.6666666666665    2524.6666666666665    3206.0    3885.6666666666665    3133.0    3283.666666666667    3405.666666666667    2769.0    2580.6666666666665    5164.333333333333    3182.6666666666665    2178.0    2634.333333333333    3014.0
2974.333333333333    2749.0    2651.3333333333335    2403.6666666666665    3243.0    2593.0000000000005    2719.0    2992.9999999999995    3072.0    2578.666666666667    2515.3333333333335    2166.6666666666665    3218.0    2607.333333333333    2916.0000000000005    3246.3333333333335    3351.6666666666665    3543.9999999999995
3163.6666666666665    2382.0    2356.3333333333335    2329.3333333333335    2432.3333333333335    3484.3333333333335    3333.9999999999995    3535.0    4366.666666666667    3291.0    2720.0    2582.0    2232.666666666667    2531.0    2290.0    2629.9999999999995    3409.0    3252.3333333333335
2559.3333333333335    3200.0    2514.0    2772.0    2889.666666666667    3328.3333333333335    2584.6666666666665    3237.0    2637.333333333333    2121.6666666666665    2898.0    1912.6666666666665    2754.0    3317.3333333333335    3289.9999999999995    3441.333333333333    3223.0    3203.333333333333
3239.3333333333335    3960.0    2748.666666666667    3016.0    2855.9999999999995    2635.333333333333    3665.0    2974.666666666667    3752.666666666667    3132.0    2481.666666666667    2627.9999999999995    3735.9999999999995    3315.9999999999995    3129.3333333333335    3257.6666666666665    3750.333333333333    3063.333333333333
2798.0    2659.0    3733.666666666666    2766.3333333333335    2409.0    2761.3333333333335    2899.333333333333    2769.0    2717.333333333333    3093.6666666666665    2479.0    3652.333333333333    2902.3333333333335    3382.9999999999995    2862.6666666666665    2402.6666666666665    3123.666666666667    2997.6666666666665
2956.6666666666665    2521.0    3324.0    3498.6666666666665    2317.666666666667    2810.3333333333335    3158.6666666666665    3734.6666666666665    3699.0    2493.0    2719.6666666666665    3213.0    3289.3333333333335    3042.3333333333335    3551.3333333333335    3679.0    4720.0    3004.0000000000005
2341.0    2264.333333333333    2648.6666666666665    3195.666666666667    3335.666666666667    2968.666666666667    3266.0    3441.0    2707.0    2664.6666666666665    2576.0000000000005    2548.3333333333335    2799.666666666667    3272.0000000000005    2566.666666666667    3301.6666666666665    3503.0    3531.0
2623.6666666666665    2734.333333333333    3929.6666666666665    4367.666666666666    2912.6666666666665    2573.0    3677.666666666667    3179.3333333333335    3267.0    3031.3333333333335    3015.9999999999995    2760.666666666667    2456.0    2123.0    3993.333333333333    2846.3333333333335    2979.3333333333335    3364.666666666667
2553.666666666667    2528.3333333333335    3084.0    2760.0    2403.666666666667    2671.0000000000005    3341.0    3918.666666666666    3379.0    2678.0    2536.0    2693.3333333333335    4281.000000000001    2814.6666666666665    3240.3333333333335    4694.666666666667    3047.6666666666665    3547.3333333333335
2401.9999999999995    2732.0000000000005    2739.3333333333335    3778.6666666666665    2399.6666666666665    4406.333333333333    2891.3333333333335    2999.6666666666665    3689.333333333333    3141.6666666666665    3405.333333333333    2869.666666666667    3088.3333333333335    2683.0    2672.3333333333335    3116.3333333333335    3818.3333333333335    3877.3333333333335
2402.666666666667    2249.0    4244.666666666667    2489.333333333333    3532.6666666666665    2586.666666666667    3622.9999999999995    2949.333333333333    4125.666666666667    3157.3333333333335    2547.3333333333335    3109.333333333333    2718.0    2769.3333333333335    2989.0000000000005    3446.333333333333    3445.333333333333    3047.6666666666665
4650.0    3248.333333333333    4708.666666666667    2568.0    2988.0    3569.666666666667    4141.333333333334    3096.3333333333335    2612.666666666667    2666.6666666666665    3367.3333333333335    2850.6666666666665    2496.0    3727.333333333333    2767.333333333333    3167.666666666667    3100.333333333333    3370.0
2795.3333333333335    3028.0000000000005    2547.0    3299.9999999999995    2223.0    3084.3333333333335    3768.333333333333    4565.333333333333    3814.666666666667    3287.0    3013.6666666666665    2433.0    2825.3333333333335    2613.0    3369.3333333333335    3058.3333333333335    3190.666666666667    3824.333333333333
2403.6666666666665    4278.333333333333    3207.3333333333335    2466.6666666666665    2827.0    4609.333333333334    4393.333333333333    3154.6666666666665    3885.3333333333335    3049.333333333333    2555.0    2278.6666666666665    2399.0    2521.0    2979.333333333333    4050.9999999999995    3569.6666666666665    3761.0
2817.0    3305.666666666667    2796.6666666666665    3160.0    2645.333333333333    3527.3333333333335    2980.3333333333335    2932.6666666666665    3548.6666666666665    3932.9999999999995    3176.6666666666665    2625.6666666666665    2404.3333333333335    2166.333333333333    2353.0    2868.666666666667    2935.6666666666665    3518.0
2267.3333333333335    2339.0    3537.6666666666665    2699.666666666667    2794.6666666666665    2750.0    3522.0    3844.6666666666665    3109.0    3053.666666666667    2876.0    2965.666666666667    3643.9999999999995    2709.0    2833.6666666666665    3825.333333333333    2375.0000000000005    3647.6666666666665
