23143.000000000004    54293.666666666664    80764.33333333334    83217.0    63006.0    26061.0
20708.0    51684.333333333336    82109.66666666667    84927.66666666669    51292.00000000001    25977.999999999996
23212.333333333332    46557.33333333333    85370.00000000001    88470.0    55603.00000000001    24414.0
18739.333333333336    49042.0    75386.66666666667    86394.66666666667    61553.666666666664    25989.333333333332
31452.999999999996    63675.00000000001    91393.33333333333    85241.66666666666    43783.66666666667    21861.666666666668
27892.333333333336    67195.99999999999    89635.66666666666    77942.33333333333    47360.0    23223.999999999996
22753.999999999996    53170.33333333334    84660.33333333333    78722.66666666667    53757.0    20557.333333333336
28185.0    63436.00000000001    90804.0    79651.66666666666    39890.666666666664    22592.000000000004
28244.666666666668    51346.666666666664    83184.0    78440.3333333333    46697.99999999999    22152.66666666667
23237.666666666668    41210.99999999999    72102.33333333333    80523.33333333334    44392.666666666664    26734.666666666664
22021.0    44747.33333333333    73314.0    71188.33333333334    48686.0    26354.33333333333
22142.999999999996    46086.333333333336    61881.66666666667    69045.0    49256.99999999999    24608.666666666668
20702.666666666668    36621.333333333336    73696.33333333333    72435.0    43778.333333333336    21380.333333333336
24585.333333333336    43607.666666666664    69140.33333333333    71790.33333333333    48399.33333333333    23110.333333333336
23923.333333333332    44208.0    70782.66666666666    75412.33333333333    40232.333333333336    23544.333333333336
20606.999999999996    39469.666666666664    58731.333333333336    56239.333333333336    43665.66666666667    20449.66666666667
21405.333333333332    36951.333333333336    54186.33333333333    45823.33333333333    33386.666666666664    18362.0
22625.0    45957.0    73590.66666666667    75812.0    50766.0    22757.0
23616.666666666668    52841.66666666667    78311.66666666666    81294.66666666667    42481.666666666664    28032.999999999993
19141.000000000004    47641.0    74329.0    83873.33333333334    44509.0    25481.666666666668
22913.333333333336    50868.666666666664    82369.33333333333    84951.0    54542.0    25632.33333333333
21689.666666666668    48930.00000000001    85286.33333333334    85278.99999999999    53764.66666666666    23485.333333333332
21410.0    50873.666666666664    85270.33333333333    85088.66666666667    56723.666666666664    22081.666666666668
21104.666666666664    50727.66666666667    86193.33333333333    87936.33333333334    58553.66666666667    23689.666666666668
16651.666666666668    42897.666666666664    61129.0    63244.333333333336    36860.33333333333    20295.666666666664
22470.666666666668    44688.33333333333    81497.0    82909.33333333334    57396.666666666664    28422.666666666668
21397.333333333332    40602.0    79418.0    84390.66666666666    64767.99999999999    29208.333333333336
20279.999999999996    44779.99999999999    86946.0    87974.66666666667    59702.99999999999    25974.666666666664
20957.000000000004    48673.333333333336    80757.99999999999    87081.33333333333    61817.66666666667    31345.0
20825.333333333332    54093.66666666667    80423.66666666666    86320.00000000001    58625.33333333333    23087.0
25431.666666666668    48771.33333333333    78747.0    86423.00000000001    55703.0    24185.0
