10430.666666666666    18292.0    21904.0    21027.333333333332    20081.666666666668    11019.333333333332    8325.666666666668    7123.0    7532.0    10011.333333333332    8682.333333333334    14036.666666666668    22637.333333333336    30465.666666666668    37053.0    36573.66666666667    28010.333333333336    17279.0
4415.0    4603.333333333333    6058.333333333334    4972.333333333334    4560.0    4437.666666666666    4416.333333333334    6217.666666666667    7964.333333333334    8382.0    8744.666666666666    16643.0    25216.000000000004    45904.0    54156.66666666667    50952.66666666667    36856.0    22199.666666666664
4374.0    5417.333333333333    4279.0    4740.0    6164.666666666666    3742.333333333333    4720.666666666666    5877.999999999999    6819.333333333333    8732.0    12269.666666666668    16322.666666666666    35716.333333333336    46078.00000000001    52526.0    49209.66666666667    35142.333333333336    21494.666666666668
4399.666666666667    3598.0    5156.999999999999    3674.0    3567.6666666666665    4195.333333333333    6355.0    6158.0    7168.333333333333    8442.0    9336.0    15759.666666666666    32487.0    47709.99999999999    48409.33333333333    51132.0    39912.0    19644.666666666664
29489.333333333336    38701.0    50917.0    50032.99999999999    40622.66666666667    34099.33333333333    21617.333333333332    11137.333333333334    7675.333333333333    7707.0    8792.0    5929.333333333333    7249.0    4878.999999999999    4323.333333333333    5608.333333333333    4698.666666666667    3929.3333333333335
29906.66666666667    43351.00000000001    44814.00000000001    44139.666666666664    45891.33333333333    35382.66666666667    18934.666666666664    12127.666666666668    8230.666666666668    8903.333333333334    7505.666666666667    6206.666666666666    5501.333333333334    6320.333333333334    5165.666666666667    3749.666666666667    3203.666666666667    3915.6666666666665
23157.0    28530.666666666668    21176.333333333332    23165.333333333332    24117.333333333336    30689.666666666668    21630.333333333332    11361.666666666666    8502.333333333332    8938.0    9505.0    12221.666666666666    13258.0    19619.333333333332    19854.666666666668    14027.333333333332    15942.0    7925.0
34085.0    37752.666666666664    31531.666666666668    37969.99999999999    35033.333333333336    35756.333333333336    25805.333333333336    21515.666666666668    11032.333333333334    8881.333333333334    7185.666666666667    5904.666666666667    6022.666666666667    5085.333333333334    4436.0    4407.0    6211.0    5943.333333333334
32648.0    36113.0    32454.333333333332    34671.33333333333    34938.666666666664    30196.0    27065.333333333332    19939.666666666668    12113.0    7595.0    5693.000000000001    6405.333333333333    5708.0    6396.666666666667    4738.0    3566.0000000000005    4916.333333333333    4908.666666666667
3819.333333333333    4225.666666666666    4777.0    5500.666666666667    4728.333333333333    5653.666666666666    7537.666666666666    6333.999999999999    9000.666666666668    14452.666666666666    19853.333333333336    28051.666666666664    23816.0    25076.0    31487.0    28807.999999999996    33717.66666666667    31362.333333333336
3866.6666666666665    3801.0    4506.0    4110.0    5769.333333333333    4458.0    8862.0    9250.666666666666    11869.666666666666    22984.666666666664    23923.666666666668    22965.000000000004    21576.666666666664    31573.0    30360.666666666664    29542.333333333332    23912.0    22979.666666666668
4097.666666666667    4451.666666666666    3943.6666666666665    6178.333333333333    5590.999999999999    7650.666666666666    7981.999999999999    15175.666666666668    19564.333333333332    22912.666666666668    23343.333333333332    20303.0    17324.666666666664    25476.333333333336    23989.000000000004    24706.666666666668    21980.0    18351.0
4281.0    6013.666666666667    7833.333333333333    7488.333333333332    6425.999999999999    7506.666666666667    16110.333333333334    17353.0    20454.333333333332    20317.000000000004    17951.0    17439.666666666668    21425.33333333333    19903.0    19560.999999999996    21544.666666666668    20352.000000000004    16653.666666666664
3792.6666666666665    5196.666666666667    8305.333333333332    11536.0    19448.666666666668    20635.666666666664    18691.666666666664    17693.999999999996    16099.000000000002    14526.0    15076.666666666668    14272.666666666666    18319.999999999996    18460.666666666668    21815.333333333332    19715.666666666668    17110.333333333332    19936.333333333332
6417.666666666667    11073.666666666666    16121.333333333332    17297.666666666668    19150.333333333336    16907.666666666668    15682.000000000002    11795.333333333334    13663.333333333334    14216.333333333334    16054.0    13775.333333333334    16802.0    15653.0    23918.333333333336    20722.666666666664    16767.666666666668    12084.666666666666
13118.333333333334    13871.666666666666    14322.666666666666    11166.0    10575.666666666668    13270.333333333334    9310.333333333334    10747.333333333334    12107.333333333334    13296.333333333334    11397.0    9563.0    11392.666666666666    16059.0    20436.333333333332    18512.666666666664    16190.666666666666    13825.333333333332
12214.0    12771.666666666666    14723.333333333332    18743.000000000004    15008.333333333336    11013.0    10605.333333333332    7132.333333333334    11585.0    10204.666666666666    10055.0    9884.666666666666    11719.666666666668    9742.666666666666    11429.000000000002    10822.333333333332    10084.666666666668    12376.333333333332
3683.3333333333335    4890.333333333333    5640.666666666666    5295.333333333333    4701.333333333334    5715.666666666666    7920.666666666667    11464.333333333336    18629.333333333332    25289.0    25204.666666666668    20383.999999999996    22150.333333333336    24382.0    29338.0    30199.333333333336    25480.666666666668    21138.666666666664
5812.0    3885.3333333333335    5395.666666666667    4816.666666666667    5384.333333333333    6345.0    5813.0    7336.0    11105.666666666666    19540.33333333333    26195.0    25577.0    28488.666666666668    30990.666666666664    30634.0    26176.666666666664    33644.0    29439.333333333332
4476.333333333334    4093.3333333333335    4208.666666666667    6609.333333333334    5071.000000000001    4296.999999999999    6293.666666666667    6333.666666666667    7779.0    9624.333333333334    19976.666666666668    25641.000000000004    30345.666666666664    34161.33333333333    32974.333333333336    36695.33333333333    31139.666666666664    25254.666666666668
4081.666666666667    4081.6666666666665    5050.666666666666    5394.0    5760.666666666666    4545.333333333333    10319.333333333334    5387.666666666668    6862.666666666666    10129.0    14964.666666666668    28493.0    36517.33333333333    39976.66666666667    37345.0    36853.666666666664    34766.333333333336    30747.333333333332
4775.333333333334    4793.333333333333    5428.666666666667    6912.666666666666    4742.333333333333    5127.666666666667    7571.666666666666    7409.666666666668    7011.666666666666    7945.333333333334    9833.666666666668    23255.333333333336    32008.000000000004    43340.33333333333    40677.0    43588.0    33690.0    30324.333333333332
4242.666666666667    4861.0    3498.0    3758.0    4480.333333333333    6144.666666666667    5617.333333333334    6762.666666666667    8173.333333333333    7038.666666666667    12640.0    22574.000000000004    34921.0    37601.666666666664    44894.00000000001    44703.666666666664    41347.66666666667    28189.333333333336
6341.000000000001    4267.666666666667    4228.333333333333    4002.666666666667    3371.0000000000005    5659.000000000001    4927.0    8264.333333333332    9235.0    7269.333333333333    10861.999999999998    17528.333333333332    30421.000000000004    45114.66666666667    52794.666666666664    50271.33333333333    38409.666666666664    25238.333333333336
4015.333333333333    3635.333333333333    3612.3333333333335    4700.333333333334    3813.6666666666665    4500.666666666666    5101.0    5000.666666666666    6556.666666666667    7850.666666666666    7621.0    14099.999999999998    24231.0    31066.0    39744.0    34250.666666666664    26684.666666666664    14594.666666666666
4128.666666666666    5583.666666666667    3699.6666666666665    3916.666666666667    5337.666666666667    7813.333333333334    5849.333333333334    5664.666666666666    10105.333333333334    8519.333333333332    12102.333333333334    13447.333333333334    29916.666666666668    44215.00000000001    51933.666666666664    49954.66666666667    35244.666666666664    19952.0
4217.333333333333    5589.333333333333    4410.0    4725.666666666667    5388.666666666666    4826.666666666666    6900.000000000001    7242.0    6960.000000000001    9666.333333333332    10526.666666666668    13035.333333333332    26560.333333333332    44975.666666666664    52784.666666666664    56188.333333333336    37478.99999999999    18308.333333333332
3885.333333333333    4593.666666666667    5929.333333333334    3848.9999999999995    3921.9999999999995    4681.333333333333    5134.0    6162.000000000001    10311.0    8206.666666666666    11093.333333333334    16343.666666666666    32241.666666666668    44851.00000000001    52925.33333333333    53247.99999999999    38942.0    19339.0
4151.333333333333    3701.6666666666665    5596.333333333333    5142.0    4339.666666666667    5044.0    5732.0    5533.000000000001    7047.666666666667    8679.333333333334    10033.333333333334    15909.666666666666    25350.999999999996    48497.666666666664    63714.99999999999    52740.666666666664    38478.0    20940.0
3035.666666666666    3549.6666666666665    6103.333333333334    4931.0    6052.0    5942.0    4606.0    5805.000000000001    6901.666666666667    9314.333333333332    8762.0    15873.000000000002    25624.333333333332    45023.0    55644.666666666664    56117.0    37577.66666666667    22512.666666666668
11615.333333333334    13232.999999999998    24652.0    28680.333333333332    25625.666666666664    14345.666666666668    8736.666666666666    7547.0    7762.666666666666    10811.333333333334    7359.333333333333    8096.999999999999    15866.0    30917.333333333332    36236.0    33999.0    21015.333333333336    12761.333333333334
