9573    19782    33322    41322    24583    13703
15101    18675    27298    48049    31962    13160
11317    19161    34486    41159    33773    13895
13067    22105    42730    42475    28117    14787
11835    19246    33276    35611    27661    14772
11765    14744    36170    37654    29477    18218
11703    14664    15930    29021    20454    14660
12247    14407    22486    29362    25069    17170
11042    15882    25114    28616    25574    16637
10712    17044    28795    34666    25877    16217
9943    11704    18406    34647    26550    13869
9453    10726    19742    32453    24249    12328
8665    14883    24211    30825    26131    15878
10871    11272    18791    24222    22121    14898
8660    13722    22091    26318    23238    9738
9295    12261    20931    27113    19994    9287
10900    10121    20364    19428    14685    13822
11109    15315    23895    23628    20079    15509
9704    11695    27408    24572    24822    12696
11725    16594    30706    33033    18630    10847
12666    13948    23488    26875    24091    16461
8740    12530    23027    29593    21756    16271
11294    8781    24052    32045    31627    15422
9133    15604    35648    41864    22946    15086
9194    17093    36987    35517    31561    10781
11709    10055    19490    41523    19657    17985
