6412    9145    18658    30504    23248    11983    8044    2598    4664    6717    4734    3496    2897    2704    3837    2644
14998    14689    19389    13940    18084    13061    19477    6176    3906    2905    6045    4472    2354    5495    6281    2973
12752    17174    17652    16440    15777    14550    12279    9485    4545    6868    5121    6203    3968    3069    4881    3027
17165    15892    19936    15404    14103    14177    14209    9536    7974    7308    4793    5722    4505    3713    4047    4797
12544    11381    12050    14313    9432    12264    13666    13161    8135    5416    7405    4863    5742    3638    3470    4921
15105    11963    20725    10013    18113    10591    14350    12477    5433    7480    2578    3525    3901    3754    4942    3078
2232    2803    2931    3391    3511    3094    4390    4080    9829    6450    7273    11968    9627    10912    11787    12154
3394    3213    3400    2789    4999    3126    4853    3725    8433    12848    8507    16618    13758    10443    10090    10545
10948    13690    9130    8762    10108    11598    5585    11586    10212    8594    4500    4304    4767    4093    1987    3001
13137    6457    11474    9452    11241    8564    17249    12134    10597    8521    5541    3504    5256    2617    2111    5456
2657    5145    4475    3054    7143    2932    4687    10142    8661    11449    6261    6268    10749    10025    11149    10322
4220    2388    3102    3640    3239    5466    5000    9656    12173    12295    9573    5729    6273    10426    9834    5937
11653    12284    9261    9424    7215    8012    6808    6169    6961    8470    4890    7730    9463    5421    4264    2568
7271    4735    3968    8448    6744    7140    6478    6188    4303    6466    8472    5702    5470    8228    6177    6385
9467    7970    6118    5318    3143    6256    3273    5159    6888    7725    7437    8657    7704    7248    5747    5657
5721    6471    6451    8403    5632    6501    9134    5094    5583    3862    3985    4037    7703    6399    6985    6920
7623    7953    3877    6151    7224    4933    2727    5314    4919    4526    4111    6274    7694    4540    5312    6142
5007    4649    7421    7419    6098    4902    6334    9741    6341    7471    9595    8753    7654    6213    5654    6283
5596    8164    4521    6599    7103    3822    4402    7245    11340    6702    11599    8247    4919    7254    7169    6215
5580    5730    6173    9666    4242    8455    4981    9032    8994    10273    8917    7552    7316    7044    7303    10277
2468    3539    4525    5251    4139    6541    5010    11984    11429    12675    7563    6785    10739    10150    7336    7395
2785    5970    2557    5542    3425    5203    3756    6565    9239    7660    9571    8054    14039    7073    7283    13195
13212    8889    5486    11119    11013    8090    12727    12150    9582    4738    5342    3743    4341    3056    5544    4189
13709    14612    13319    12496    9565    12235    13336    13291    7899    3736    4157    3663    4115    4561    4595    4992
11363    13077    14266    15608    13184    14893    14219    8173    8558    3675    5299    2051    3021    6214    3803    3729
3206    3322    2693    5221    4028    3776    5413    2961    6481    5543    9160    17835    10619    9185    13665    17311
