39458    27544    60623    83891    95553    64451    26318    30057
36430    31837    46896    94463    116049    63468    30739    22654
29592    24477    32818    63719    93041    80517    28607    29075
31610    31124    31758    80526    112152    71815    32245    30357
25888    30715    38474    92352    101261    74107    39295    31695
33202    22955    34953    67388    117222    86624    33560    25970
29345    22702    47516    93817    110694    66318    27008    37044
19236    14691    14956    26083    23846    18479    9663    19251
34361    26278    45377    79270    100606    80032    32419    30605
27849    28997    42249    71911    86494    67440    36109    26865
28592    30354    31452    60109    70112    52080    30732    23172
33032    25484    29310    79446    81147    68172    39524    29873
29672    22086    32158    69983    77216    55360    21823    23694
36367    24739    42201    91035    85760    70311    32768    33788
36607    18641    34064    79116    88342    52657    31083    34423
24235    26063    31572    74957    67896    74520    34595    28447
25393    28516    44701    74399    94506    54697    25428    22628
31511    27896    28527    60595    97215    53760    29368    34888
28622    21800    28981    76875    118723    77098    35033    24889
34130    30429    61521    99895    124755    69381    23677    26118
35949    28168    43840    64523    63529    80650    36866    25790
30815    37456    36000    70593    105913    87115    38095    27719
29455    25719    46165    84001    105161    73887    33553    28245
24155    26394    48501    90762    116178    71240    30355    22909
36272    37367    62307    95379    83676    62657    27549    31375
41402    28616    57201    87427    85934    65781    33461    29122
33670    31460    46146    78178    96056    75267    30274    32141
34654    28923    67901    100564    95671    50625    30191    33168
27836    29815    49867    80343    77887    53589    23424    27271
29609    24492    60502    97525    89678    54334    24241    26853
42046    33920    59073    91893    95698    67590    33686    25158
