10286    21076    29986    51142    49776    54038    56078    35125    24880    14335    16050    13885    10814    8436    6411    5427    3936    4064    6123    6027
12770    20616    37450    47538    56173    61735    56503    32307    18246    17981    12868    10184    6316    9392    6681    6868    6120    8152    10327    4309
5043    6662    4859    5388    8084    5165    7660    5426    8032    7363    15504    12941    18752    22753    33530    51117    52317    49428    41694    20128
4613    6015    4455    7980    6559    5878    8094    5881    12471    7590    11606    16574    25465    36163    50747    40704    57842    52960    34833    25157
3115    8164    5687    6318    4805    6298    8445    6076    8359    11609    14995    14993    17778    28705    45705    47977    53766    55566    48363    37063
5076    2492    6174    5014    5039    5863    8144    7966    7001    12967    11850    15610    31781    40476    44806    39175    41370    44854    43745    42471
19954    35647    50255    37750    39446    36620    46694    29992    31294    22119    16782    11534    10169    7249    6183    7230    6688    7074    6704    5060
7826    10798    5106    13825    8464    6798    11379    9268    4997    12521    7491    7117    5302    9746    3734    4684    4196    4618    3817    4518
6961    6712    4042    5713    4332    5451    5042    9122    15007    7920    11875    18657    19764    36848    40265    50899    59762    44700    37552    38324
5188    3943    8045    3531    6643    5171    8231    8660    8933    12117    20067    34501    35400    24195    36598    38529    30096    34198    24836    39032
3568    4121    5402    4076    6744    7639    8010    13773    17363    26235    23851    26191    23533    22362    20650    22312    20853    18521    32909    18490
4897    4797    5138    3641    6670    3012    6707    9742    10036    10215    8297    13415    14884    17528    33435    67099    68894    48084    24731    24766
6130    7623    6479    6719    13215    13940    21946    21724    25223    23714    20495    23096    15332    21645    13472    14306    16361    18330    19415    22827
5969    9575    10014    8608    20533    16539    18286    22025    25223    14124    14092    17389    15852    24458    24557    34721    43038    40073    26720    25173
5695    15528    21943    23985    22314    24405    26447    27384    26223    19931    25022    13844    18346    11968    17611    14102    12794    18263    14995    14133
11685    4295    5801    5402    7689    12088    10951    9321    8926    10034    6759    9807    13590    9268    25933    55791    57669    47887    26237    23152
15875    8980    10970    22826    7468    8246    8675    7362    16121    15679    10214    15845    13472    18536    21424    44640    49786    43431    16747    13971
5124    7417    3042    6233    5804    5096    8028    7766    9130    12992    19399    27146    29619    29796    34961    28064    23815    28729    35164    36435
7215    6228    3549    5264    7026    6799    4535    7139    12999    11422    9532    15942    24774    36342    42769    45627    49575    38260    34620    42404
23960    33082    39069    34747    52550    47321    40370    42024    44434    19130    16859    10768    8341    7004    7890    10380    6870    5337    10314    9456
6456    5396    4051    7563    3259    5279    4283    11626    10963    6623    8983    11348    17037    14629    36004    67462    72693    40592    25536    19532
7902    6534    6220    8314    6390    6686    6803    6146    6822    11531    14548    14315    14869    35839    45826    50342    45959    46019    48905    43736
6472    4737    5720    5891    10559    3690    9234    5716    8363    7344    6868    15574    18728    27033    43322    48286    66263    51623    55764    24999
8472    4313    3011    5382    4514    6052    4814    8106    6955    12000    11366    15109    16202    23784    50314    51160    65542    49516    52046    31836
18666    17288    15563    48655    63553    78684    43913    21620    26515    22394    11499    7470    6791    7077    9646    8837    7685    7301    7356    6069
13870    20053    29134    41382    60726    67500    49870    27319    25666    14372    7452    9280    7494    12791    5753    6393    10522    6771    7894    4702
6995    7492    3975    4011    4073    7721    7349    10526    13303    9268    6803    15652    13296    19294    38804    56399    70449    61559    36391    29832
14361    15288    27239    53063    63559    58169    37041    37933    35130    19371    14156    9161    7459    6157    6528    7343    7219    6442    6540    9538
14510    18549    13481    37465    57042    68375    37554    12712    19223    16463    10719    6997    6464    10049    6044    4248    11042    10160    4412    4523
12258    13332    38707    45713    50893    50877    46042    26253    22808    17319    12419    16993    8781    9379    7341    5840    4345    4793    6548    6593
13682    25875    26448    49332    56293    65020    52585    35457    22693    21025    11648    10831    8821    8698    6599    5859    6588    7548    7805    6257
