17527    28657    66253    82111    41274    26604
14134    27362    47606    59593    54825    32586
15610    27030    44683    59848    49488    22403
16213    23991    42216    64508    49592    22575
20481    23606    48399    57881    50093    22251
14496    20848    47759    46500    37588    26778
18630    20930    32662    54133    38741    28444
17482    18740    28570    30039    27697    21368
10117    17622    29628    33778    25840    16092
24624    29227    43985    52223    43329    28170
8903    15596    25474    26800    25093    14494
21126    27948    43503    71176    38672    21985
12545    20889    37594    58559    49599    22697
14708    24353    52345    57206    42532    25513
15528    16686    35161    53907    41360    25153
15041    21693    44089    73131    41367    31788
13558    18329    40604    61621    49355    24200
20254    22440    39056    58465    54369    26753
10246    24789    39733    57543    46312    26998
19129    17859    43458    63686    45227    24012
11638    18052    44561    62681    43755    24103
