25307    24243    39647    26836    23225    20055    26942    16998    11590    12168    6134    3938    9795    6995    3947    4606
24886    16989    19328    23598    23137    12217    17000    25448    18062    16096    12121    6155    4351    4942    7761    4015
12938    7912    7689    11839    7287    14463    15111    17022    20344    21967    14535    10153    13322    16311    13570    14599
2497    4513    3404    4234    9845    15126    15113    22762    28931    23589    17799    10329    14723    14233    18270    13727
6175    12288    8108    8536    13802    23136    22269    24278    12658    10369    15759    10212    17344    16946    10489    10342
5622    5713    11551    13268    15031    19479    10075    10562    11881    18082    13587    13658    16258    10369    8174    10659
12370    13592    12785    11197    14625    11808    11175    12716    6268    10494    11519    11755    12441    14897    15773    10125
12298    13347    5934    7658    9058    7036    4606    8437    9903    8671    7154    9445    7746    8149    11375    13079
5651    8628    11107    8263    12552    7824    9741    9236    7502    4868    10404    6436    7139    8008    9780    5938
13962    7207    9603    12074    9564    15819    13701    20201    13368    16359    15422    16317    13770    15234    17314    11643
7164    11916    10207    8561    3426    7166    5583    7032    6369    5675    8079    4704    6999    9118    6647    7714
7472    7567    7683    8635    4980    14477    14763    16168    19756    21659    26749    16251    19722    11484    14861    12183
4350    4292    5177    7946    10584    8768    13398    20239    18133    20657    18640    15602    15942    17406    9447    11302
5514    3214    6791    6377    6742    6934    12376    19757    25407    21695    15344    19441    16498    16679    16852    17036
6508    5688    3856    5507    5976    7149    5348    10406    16382    14967    17717    20902    17052    16454    12807    21076
3525    6841    3987    3766    5177    5792    10127    10744    8429    19694    29677    33146    20804    17445    27671    20284
5796    3137    6532    2679    8192    4548    7132    6203    11254    17320    23346    31393    24407    18360    22900    14468
3587    6946    3572    4634    5344    7300    3097    6440    9672    15538    15754    27224    27684    26580    29295    28670
3294    4570    4452    4143    6878    5242    7558    6171    9277    8678    20747    28672    27750    27573    20275    20341
5899    2395    4235    9120    2461    5414    4266    7812    6649    9154    15519    22090    30257    30005    26793    31302
4115    3750    3270    6592    2979    3800    8222    9404    4267    7869    17767    19421    30534    34676    22836    25288
