32369    39316    34126    36074    94989    112089    79060    34436    33556    44625
21947    33208    29924    32348    70195    111673    84608    38457    25497    42681
30055    34679    32908    40779    72793    99773    100421    55975    41142    42382
42805    36960    38795    53596    102184    96819    84591    32757    39042    40765
28557    44824    28717    38299    91729    101700    81075    35440    33780    36315
28347    36061    28721    43777    87170    110612    71618    38196    32338    33690
33133    34206    40035    57748    85512    104365    72553    51242    32536    31004
28663    43003    36110    45319    103135    108946    69612    29085    24417    24107
30956    29639    30521    47096    84219    79580    63983    39683    36828    41735
32241    34749    35015    46820    97652    101267    81530    35112    34713    34391
31311    39848    32352    53627    91605    105160    71170    35969    22853    33646
31369    37043    30033    36183    85251    102184    77858    31501    23807    35659
28513    28001    27239    40339    72386    73967    54669    30802    37028    35256
27540    24681    25228    35632    67271    83138    51337    21705    28010    34329
35937    44369    31608    48967    94446    85971    75749    30896    31298    32500
31403    30107    26022    32333    46913    79924    58852    37009    23213    23235
34764    32790    27808    42035    79530    106539    70951    37729    22365    28024
33026    40936    18684    29168    93367    111651    80402    39389    33009    36601
27392    29595    38239    30734    69057    107535    85913    36170    30888    34535
21105    37547    27191    49402    70564    113997    99031    43140    27635    29168
30418    33425    35478    38239    66552    101157    82789    42861    35402    29178
35785    41903    33787    36822    84379    100112    87812    43319    30317    37243
26357    40768    33467    42951    85375    79654    76807    38380    34879    37783
22517    25657    27640    39529    72546    93211    95716    42771    34458    41014
25232    37336    24853    24341    67827    72682    78602    56058    33630    41785
29287    28940    31355    32686    77228    97999    96014    50151    26754    34227
29307    47345    29351    34180    79200    96229    88649    43100    37067    37188
33875    37416    31476    26210    66237    98056    85204    35496    30461    34769
30943    32738    37595    36393    69445    86276    84013    37763    36075    38185
30306    36326    26839    32790    56083    84433    81497    38099    29203    38307
28617    27535    30132    52745    84960    84958    78820    30303    28135    25888
