7859    4823    4506    7285    8975    8964    5565    12013    16423    7312    12898    14705    13353    15255    28567    63578    68041    67160    66094    49639    42950    14675
8853    8082    6909    7020    4561    10023    8088    9468    9981    7533    10702    10566    17027    19738    30896    49863    54675    56015    64103    44875    26320    25240
10364    9535    5606    6720    8688    12230    7136    8278    12629    8452    16855    14886    13269    25002    30163    64807    57520    63713    62029    57378    32624    23023
20450    21800    34376    42637    55167    70278    60992    57305    37628    27875    16606    14912    17901    10219    15337    8722    7465    9013    15281    10201    6609    7540
11842    18535    20720    46021    52136    55003    67343    63853    30067    28022    16636    12699    18256    8387    9406    9194    8322    9642    11533    4925    8334    9560
15467    16755    29061    33172    50198    60075    59974    47202    39580    30658    22604    9972    10512    11155    12537    10052    8502    8604    8217    8595    10077    7561
17310    23746    28921    38206    56878    74939    64197    46235    37885    27312    20970    19713    10400    9558    10744    6590    7372    7295    7533    9575    7684    9271
18642    19736    37491    41682    42366    44394    41257    37008    42101    35087    31028    18509    13014    12325    17325    13520    11246    8257    7477    5464    9294    5174
15031    20597    22229    19631    64057    68296    68984    32158    26890    22260    26036    14023    14612    8095    9814    7846    7208    7189    7961    7973    5796    7554
15880    31726    25942    27830    54285    61513    60833    43154    30967    30420    39020    19874    14268    9765    8710    8169    9427    7674    6989    8802    9799    8443
25984    24360    25133    31338    39993    57079    38929    31043    21357    46476    28087    27155    23794    14351    14276    8092    11401    8891    10242    12385    7429    9746
34307    29641    39157    24606    25359    27995    16454    24148    19974    39323    24536    37653    21250    35009    17265    14871    12091    9803    9547    8149    10238    9512
24628    16468    16654    22006    38471    35349    29334    23310    20998    28955    17538    18159    19487    17092    15780    15577    13941    9808    14488    9001    10217    10939
25991    16910    15305    21319    17989    18618    22168    13016    18439    17865    19587    18527    20207    22256    27827    17459    21038    16493    18508    7224    13722    8403
17356    24399    18331    30008    59558    73995    76380    38001    23643    23280    18271    17180    9294    8639    8506    9723    8290    11191    9433    12032    8538    5693
11685    12904    10620    19573    11573    13738    12769    11962    17593    24519    17022    14435    14753    15331    19269    18766    29014    26785    28348    18053    22910    17389
20364    19448    19237    29423    26531    29041    23779    26931    21749    31808    27621    31508    23951    19028    16348    20049    23844    12354    12500    15302    16351    15368
5722    8250    10582    6601    8324    6303    8679    7805    8783    13479    13159    19390    37240    54785    42555    37239    40927    35950    40080    38709    38009    33662
8800    5683    8253    8083    5090    7287    9748    8485    10749    18811    14346    15669    17338    41135    43179    49524    47188    38290    35890    32131    35164    29215
8684    7872    7669    7204    5932    8299    8118    4938    12214    10107    12526    17914    17417    38153    41492    55512    46463    41029    48032    47556    38858    32791
6667    7434    7138    6595    7655    6774    5692    10329    12645    13114    11894    8681    16449    35714    30731    44023    57317    53959    49092    42133    29746    31717
5812    3967    9298    9164    10669    9626    9121    7558    9441    11672    11590    9634    20838    24478    41673    48776    59833    65425    52257    38967    41237    30443
4687    9331    7590    8034    8132    6352    10387    8049    11791    17651    10202    10471    19906    13257    18532    42974    73360    70815    47453    39484    32216    25747
11423    9219    5701    7621    9030    5955    8754    8677    7699    11096    14631    13682    18592    24535    30863    53788    61682    51812    62125    36517    24279    17378
5992    7687    9424    6133    5474    9403    8258    12461    6358    13939    8122    7555    17958    20784    16090    37821    73758    77408    46372    30962    17860    22527
7673    5394    6442    10987    9002    10347    9378    8754    8486    9187    14402    14406    12489    21888    31870    51278    60250    67885    56006    47262    26616    14639
5348    7850    6349    4922    8533    10016    6575    10795    10489    9704    12338    13164    15548    15540    22816    47454    74419    74741    67772    43381    29840    24022
10299    4793    7177    10146    10794    5187    5935    7831    11752    9153    9467    11468    8988    21039    26140    49640    61260    67916    47104    41171    31863    20077
5518    13862    7977    7076    8563    7272    8521    5803    11583    9713    12361    10927    15081    26448    23199    48549    65039    71892    57831    23103    23111    25997
4774    7274    9134    9393    5770    10142    7779    6618    8755    11003    14056    10001    13265    14144    22610    32901    65531    64967    54928    31025    29629    20184
9281    12212    18440    21590    58244    63949    65679    49498    28779    25442    15667    15753    10855    6093    8663    10446    8896    9454    8180    7819    11105    6048
