14065    22694    49460    53686    49540    25786
19065    23255    46073    54060    48336    27047
17718    18779    45430    73112    51505    23369
18573    18482    53148    58691    31453    20087
14825    16136    35487    55453    42007    26284
12628    24204    44768    57955    48699    29109
15997    18082    41338    62562    47802    24464
13872    27958    28472    47091    29235    17564
17014    17444    37830    38798    37157    25589
17605    34892    35241    44976    35581    23208
18785    16575    29968    39602    48439    22712
18176    20716    37174    57266    37382    29279
18268    24610    43403    59347    39588    25852
25012    19680    35743    55723    43893    31636
15346    27996    47606    57929    44394    20190
13099    18638    47951    59377    58809    24774
9840    21957    35277    53939    58367    32435
14414    22348    44695    58685    49054    26476
16224    23540    61328    80072    47510    26368
13354    18747    41617    86785    55972    32070
17284    20076    60242    82288    69977    24040
