3918    2553    8419    7138    7306    4936    6365    10087    13054    14035    17233    25278    25686    23009    21711    24503
20636    27922    19058    18368    16428    13372    14963    17365    20854    16055    10046    5006    5947    4159    4715    2942
18895    20284    25203    18859    12381    20061    17134    19597    20321    15610    13729    7065    5548    5411    2931    6884
15558    11737    12443    13083    11188    13049    16599    13751    20915    11792    15437    12333    9472    11903    6553    4621
13922    12277    12062    14443    12308    8755    13933    12836    16154    11120    16985    18339    11450    6047    4007    5554
8813    10131    16992    12990    21552    18226    13465    14737    11209    15727    13224    12851    11698    16568    9220    9960
11042    12567    16059    13891    14906    18006    13448    14178    14539    6928    8636    16737    14248    12356    13391    9313
14426    15098    13602    9967    8684    12962    12053    6711    10754    6560    9976    7892    11056    7089    11749    5613
17110    11831    14962    9849    10180    4789    11558    10794    8158    10270    9745    13514    8084    13491    12993    6504
11776    11284    10620    11195    7408    11639    13904    10898    14399    11483    7585    18869    9831    17066    11296    12250
16722    10698    8654    11368    6885    9497    10932    10236    8719    16262    13524    7251    8846    12408    14698    9381
11107    6714    8440    10368    19507    13857    17748    16497    16470    14347    8792    12681    12862    8360    11884    10359
5984    8714    8092    16405    13472    13509    14890    21541    15461    14985    15060    14387    11602    14471    9066    13429
4599    4943    2743    5956    7520    7582    6803    10194    25324    22966    18217    27606    18545    12589    18169    17931
6323    8926    6058    7497    6560    5472    14377    10695    13834    21972    18005    20205    17632    21245    17850    16810
2926    4324    5860    3816    4231    7018    8088    11619    18387    21294    22773    23379    17665    20626    20351    30291
3778    7262    3040    6646    3107    5503    4939    6600    10388    20531    24968    25637    30401    18007    19541    21467
3125    4412    3816    5435    4409    6368    6238    5056    8921    20760    23330    30161    27183    20464    27286    18708
5356    6369    3428    5064    6003    5714    10721    7791    12416    15053    20123    33771    28504    36444    31342    26943
4436    3977    6083    4690    4430    6190    9702    7537    12382    11223    23317    26245    33675    38967    28228    27463
5422    7236    5227    3485    5866    4839    7694    4469    10434    10920    25859    24979    36182    43022    50326    27947
