14503.666666666668    29197.666666666664    67539.66666666666    68486.33333333334    38296.333333333336    19674.666666666668
21930.333333333336    36526.0    58383.33333333333    62856.33333333332    33916.666666666664    20168.666666666668
20642.666666666668    47927.33333333335    65661.33333333333    57317.333333333314    28375.33333333334    20104.666666666664
21465.333333333336    45154.999999999985    66509.33333333333    65953.0    29419.33333333333    18982.000000000004
23777.000000000004    41416.333333333336    59638.99999999999    59512.99999999999    31365.333333333332    20194.333333333332
21890.666666666668    36687.66666666667    63825.66666666667    57239.00000000001    29444.333333333336    14951.0
21495.000000000004    38839.99999999999    68977.66666666667    62631.0    31191.666666666664    18600.666666666668
20714.333333333336    42853.33333333334    58165.33333333333    60505.0    33064.0    19037.666666666668
21349.0    37333.666666666664    60202.0    56804.33333333334    31536.33333333334    17551.333333333336
22669.666666666664    44978.666666666664    59890.00000000001    53259.0    28335.333333333336    17826.0
17934.000000000004    35186.0    52547.33333333332    53720.33333333333    28851.333333333332    18324.333333333336
16568.666666666664    31805.66666666667    54118.666666666664    61472.666666666664    26334.0    16966.666666666664
21508.999999999996    30833.666666666668    53195.666666666664    48535.66666666668    29227.666666666664    17792.666666666664
20737.999999999996    32947.333333333336    45558.333333333336    47623.333333333336    28170.666666666664    17139.333333333336
14455.333333333334    30028.33333333334    52927.333333333336    49399.0    26900.333333333336    20833.666666666668
15659.0    26267.666666666664    54077.00000000001    52634.0    28458.999999999996    19356.666666666668
16753.0    32372.66666666666    44069.333333333336    44317.99999999999    27323.666666666668    15242.0
16978.0    24507.666666666668    41517.33333333333    40990.00000000001    27650.0    17179.999999999996
15189.333333333332    25563.0    57193.0    56253.666666666664    36117.666666666664    20742.666666666668
21318.666666666664    33692.66666666665    67157.0    61538.000000000015    29585.999999999996    19746.0
21148.333333333336    35311.00000000001    59055.33333333333    67601.66666666667    38937.0    20600.66666666666
22155.000000000004    32095.666666666668    69862.66666666669    66642.33333333333    30782.666666666668    19570.666666666668
16840.333333333336    41057.33333333333    65448.66666666667    63094.666666666664    30567.666666666664    22963.666666666664
23756.000000000004    38741.0    69177.33333333334    67732.0    35493.333333333336    19431.000000000004
21520.66666666666    43891.66666666667    72608.00000000003    57480.99999999999    30936.666666666664    16155.666666666666
19214.333333333332    41174.66666666667    63129.99999999999    63966.99999999999    31460.666666666668    17574.000000000004
18933.0    26054.666666666668    53471.666666666664    75039.33333333333    43167.0    20372.333333333336
17086.0    34135.0    65157.666666666664    67195.66666666666    42535.333333333336    19261.666666666668
19749.333333333336    41608.0    67692.66666666666    62481.0    32314.333333333332    19786.0
16398.333333333336    31857.0    54592.99999999999    63194.666666666664    42124.666666666664    23021.666666666664
18518.333333333332    38689.00000000001    65010.33333333333    58426.66666666667    31624.0    20359.33333333333
