3596.0    3653.6666666666665    3743.9999999999995    4055.6666666666665    3318.6666666666665    6044.333333333333    4226.333333333333    3831.0    6142.666666666666    7275.333333333334    7102.666666666667    9838.666666666668    18320.0    36400.33333333333    41062.666666666664    37568.66666666667    23287.0    18230.666666666668
4372.0    4322.666666666667    4204.333333333333    5489.666666666666    7590.333333333334    6812.333333333333    9665.666666666666    16554.666666666664    25936.999999999996    26580.333333333332    15534.333333333332    12013.666666666666    14007.333333333334    16539.666666666664    21574.0    21823.333333333332    13249.0    7511.000000000001
18211.0    24095.333333333332    35853.666666666664    41814.66666666667    29670.666666666664    21426.0    11805.666666666664    6733.333333333333    9917.333333333332    5607.333333333333    5624.666666666667    4991.666666666666    3871.666666666667    4632.333333333333    5279.0    3956.333333333333    2944.0000000000005    3593.9999999999995
19410.666666666668    28896.333333333332    36611.0    39257.0    29133.0    20951.666666666668    14020.333333333334    7833.0    7906.999999999999    6636.666666666666    5592.333333333334    5261.0    5607.333333333333    4199.0    3431.0000000000005    4441.0    3737.333333333333    4558.333333333334
14416.666666666668    25716.0    29014.000000000004    37771.333333333336    29986.666666666664    20544.333333333332    13747.0    10471.0    10018.666666666666    6936.666666666667    6129.666666666667    5274.666666666667    3602.6666666666674    4304.333333333333    5372.333333333333    5649.666666666667    3665.6666666666665    3283.666666666667
14029.666666666666    26221.333333333332    29761.666666666668    31803.666666666668    27485.333333333332    19258.333333333332    16069.666666666668    9141.666666666666    8128.0    6977.666666666667    4824.0    4784.333333333334    4188.333333333333    4398.666666666667    3785.0    4313.0    3632.6666666666665    5235.333333333333
17441.666666666664    26583.666666666664    28539.000000000004    36458.33333333333    32908.666666666664    21519.333333333332    15774.0    10612.0    8036.0    7077.666666666666    5250.333333333333    4037.3333333333335    5586.666666666666    5634.333333333334    4454.0    4263.333333333334    3742.333333333333    3817.3333333333335
18014.333333333332    28258.000000000004    29469.0    26716.666666666668    28412.0    22185.333333333332    16595.0    11484.0    7957.333333333333    6236.666666666667    5715.666666666667    5984.999999999999    4525.333333333333    5793.0    4377.0    3863.0000000000005    4388.666666666667    4363.666666666666
17541.0    23430.333333333332    24022.0    25038.0    26296.333333333332    28109.999999999996    17090.333333333336    14017.333333333332    8920.0    6533.333333333333    5744.666666666667    5275.0    4464.0    3770.6666666666665    3344.666666666667    3615.3333333333335    3571.3333333333335    3992.333333333333
21112.0    23424.333333333332    25145.33333333333    26255.66666666667    21726.000000000004    19697.333333333336    18448.666666666668    15580.666666666668    10608.666666666666    6856.666666666666    4994.0    4688.666666666667    6288.333333333333    5214.666666666666    4855.0    3977.0    3542.0    4543.666666666666
16840.0    19410.666666666664    19314.666666666664    18851.666666666668    24875.666666666668    15806.333333333334    13896.333333333332    15455.666666666666    14908.666666666666    8687.666666666668    7567.333333333334    5995.333333333333    4655.333333333333    5148.666666666667    3534.333333333333    3820.333333333333    3611.0    4183.666666666666
17728.0    20783.666666666664    20139.333333333332    23230.0    20324.333333333332    14732.666666666666    13172.333333333334    15134.0    12829.0    11665.0    6722.666666666667    5564.0    5285.333333333334    4353.333333333334    4516.666666666666    3667.6666666666665    4122.666666666667    3295.6666666666665
15378.333333333334    12082.0    16149.0    15503.333333333332    18106.333333333332    15718.0    13652.333333333334    12824.333333333332    12212.0    14610.333333333334    13535.333333333334    9623.666666666666    6382.666666666667    5980.0    5462.333333333334    4778.333333333333    4823.0    4273.0
10757.666666666668    10936.333333333334    15903.333333333332    18929.666666666664    17034.0    12858.0    11565.666666666666    8092.666666666667    8408.333333333334    10997.0    10669.333333333334    8872.0    13105.333333333334    9538.666666666666    6375.333333333333    6850.0    6663.333333333333    4620.333333333334
6504.333333333332    8201.666666666668    15033.000000000002    19868.333333333332    16620.666666666668    14875.66666666667    11416.333333333332    12505.999999999998    9887.0    9658.0    9374.666666666668    7890.666666666667    8533.0    8359.0    6944.0    10770.0    8395.333333333332    9706.333333333332
11015.666666666666    11190.666666666666    13442.000000000002    7544.666666666665    10324.666666666666    10465.333333333334    10038.0    9088.333333333334    9231.666666666666    8415.0    9574.0    9335.0    7997.000000000001    14950.333333333334    18495.333333333336    16563.666666666668    10445.333333333334    8336.666666666668
12692.0    11687.0    7657.666666666667    11036.0    9585.0    8407.666666666668    9991.666666666666    8055.333333333334    8153.666666666666    8107.999999999999    7936.333333333333    10187.0    7952.333333333332    11145.666666666666    16777.333333333332    12997.666666666666    9374.0    8334.333333333334
6332.666666666666    10732.0    9434.666666666666    8625.666666666668    6801.333333333333    7969.666666666666    7398.0    5457.333333333333    6168.999999999999    9555.999999999998    7375.0    8762.333333333334    9545.666666666666    11966.333333333332    15778.0    16420.666666666664    11010.0    9488.666666666666
4789.666666666667    3768.333333333333    5108.0    5849.333333333333    5234.0    4772.0    5059.999999999999    6034.666666666667    8671.666666666666    12647.333333333332    16755.666666666664    17980.0    15977.666666666666    16294.666666666668    23884.666666666664    22630.666666666668    18460.333333333332    17140.666666666668
17271.666666666668    23246.666666666668    23146.333333333332    24731.666666666664    22759.333333333336    24753.0    21109.666666666668    15881.333333333334    11413.0    9481.0    4954.0    6752.666666666667    4255.666666666667    5328.333333333333    3995.666666666667    4466.333333333334    5157.333333333333    4334.666666666667
20438.333333333336    24233.333333333332    27007.333333333332    32866.33333333333    28898.333333333332    22048.0    21118.333333333332    10685.333333333332    7800.333333333333    6848.666666666668    6697.333333333333    6437.333333333334    4309.333333333333    5761.000000000001    3691.6666666666665    5342.666666666666    4626.333333333333    3844.0000000000005
19907.333333333332    30265.0    32078.000000000004    29575.66666666667    29221.666666666668    20124.333333333332    16904.333333333336    10719.333333333334    9320.0    8203.666666666666    5638.333333333334    5815.0    4939.0    3980.333333333333    3449.333333333333    3719.0000000000005    3488.9999999999995    3759.6666666666665
18931.0    23134.999999999996    32450.0    32235.333333333336    29972.333333333332    26045.999999999996    17625.0    8325.666666666668    7978.666666666667    7788.666666666666    6146.666666666667    6186.999999999999    4516.0    4512.666666666666    3494.0    3384.6666666666665    3322.333333333333    3921.333333333334
20464.333333333332    26716.0    32187.0    36661.33333333333    35285.0    23426.666666666668    16773.0    11237.333333333334    7934.999999999999    8498.0    5866.666666666667    5067.333333333333    4312.666666666666    4493.666666666667    4570.333333333334    3604.9999999999995    3238.9999999999995    3992.3333333333335
16252.666666666668    21954.333333333336    36595.666666666664    37673.333333333336    32068.666666666664    23895.333333333332    13962.333333333334    9926.0    9227.0    6419.666666666667    3901.3333333333335    4371.333333333333    4272.666666666667    4007.666666666666    3979.666666666667    4278.0    4716.333333333333    5091.666666666667
12961.666666666666    22669.666666666664    33301.0    30637.666666666664    29447.333333333332    18051.666666666664    14325.0    11226.666666666666    9599.333333333334    10417.0    8968.333333333334    6802.666666666666    4920.666666666667    4471.333333333334    4862.333333333333    5151.666666666667    3832.0000000000005    4874.666666666666
3555.3333333333335    3358.666666666667    5102.333333333333    3333.6666666666665    4009.6666666666665    4796.0    3275.333333333333    6208.333333333333    5837.666666666666    7991.0    9242.666666666668    10223.999999999998    16465.333333333332    28438.666666666668    40629.333333333336    38055.0    30229.333333333336    16285.666666666668
4076.3333333333335    3174.9999999999995    3672.0000000000005    3877.3333333333335    2981.0    3898.666666666667    4066.333333333333    5238.333333333333    8341.666666666668    6950.333333333333    7920.000000000001    10914.666666666666    20071.0    34657.0    43443.333333333336    39215.666666666664    26092.666666666668    16780.0
10785.666666666664    23691.0    40142.666666666664    44649.0    33517.66666666667    20150.999999999996    12827.999999999998    9909.333333333334    8971.666666666666    7428.666666666667    4768.333333333333    4286.0    3694.3333333333335    3483.6666666666665    3088.6666666666665    3897.333333333334    4417.333333333334    3921.0000000000005
3908.666666666667    3285.6666666666665    3651.9999999999995    4869.0    5640.0    5548.333333333333    5723.666666666667    5035.333333333333    6542.0    6809.999999999999    11288.666666666666    7853.333333333333    17537.0    30408.33333333333    38356.333333333336    35485.0    24582.0    14664.0
7193.000000000001    13783.666666666666    26249.666666666668    27745.0    27023.333333333336    14106.666666666668    8353.0    6439.333333333333    6258.0    6962.000000000001    8792.333333333332    5704.0    7043.333333333333    15736.0    17223.0    15385.000000000002    11200.333333333332    7430.0
